    4    /B : 3 photon emissivity coefficients/
--------------------------------------------------------------------------------
    1    1    1    1    1    1
--------------------------------------------------------------------------------
//#01/p00/ 00/p01/ 01/p02/ 02/p03/ 03/p04/ 04/p05/ 05/                          
--------------------------------------------------------------------------------
  2781.87   10  11 /pl=01:ss= 3:pb= 1:sz= 3/type=EXCIT/ispb = t/isel =    1
 1.00E+12 2.15E+12 4.64E+12 1.00E+13 2.15E+13 4.64E+13 1.00E+14 2.15E+14
 4.64E+14 1.00E+15
 1.00E+00 5.00E+00 1.00E+01 5.00E+01 1.00E+02 5.00E+02 1.00E+03 2.50E+03
 5.00E+03 7.50E+03 1.00E+04
 1.00E-74 5.06E-25 1.69E-16 6.93E-10 2.55E-09 1.49E-09 6.92E-10 2.27E-10
 9.77E-11 6.00E-11 4.27E-11
 1.00E-74 5.03E-25 1.69E-16 6.91E-10 2.54E-09 1.49E-09 6.92E-10 2.26E-10
 9.76E-11 6.00E-11 4.26E-11
 1.00E-74 4.96E-25 1.67E-16 6.85E-10 2.53E-09 1.48E-09 6.89E-10 2.26E-10
 9.74E-11 5.99E-11 4.26E-11
 1.00E-74 4.82E-25 1.62E-16 6.74E-10 2.49E-09 1.47E-09 6.85E-10 2.25E-10
 9.71E-11 5.97E-11 4.25E-11
 1.00E-74 4.55E-25 1.54E-16 6.50E-10 2.42E-09 1.45E-09 6.76E-10 2.23E-10
 9.63E-11 5.93E-11 4.22E-11
 1.00E-74 4.05E-25 1.39E-16 6.05E-10 2.28E-09 1.39E-09 6.56E-10 2.18E-10
 9.47E-11 5.85E-11 4.17E-11
 1.00E-74 3.27E-25 1.14E-16 5.26E-10 2.03E-09 1.29E-09 6.18E-10 2.09E-10
 9.15E-11 5.67E-11 4.05E-11
 1.00E-74 2.31E-25 8.26E-17 4.10E-10 1.65E-09 1.12E-09 5.50E-10 1.91E-10
 8.52E-11 5.33E-11 3.83E-11
 1.00E-74 1.42E-25 5.18E-17 2.78E-10 1.17E-09 8.71E-10 4.44E-10 1.61E-10
 7.43E-11 4.72E-11 3.43E-11
 1.00E-74 7.75E-26 2.87E-17 1.64E-10 7.15E-10 5.88E-10 3.13E-10 1.21E-10
 5.81E-11 3.78E-11 2.79E-11
  3575.64   10  11 /pl=01:ss= 3:pb= 1:sz= 3/type=EXCIT/ispb = t/isel =    2
 1.00E+12 2.15E+12 4.64E+12 1.00E+13 2.15E+13 4.64E+13 1.00E+14 2.15E+14
 4.64E+14 1.00E+15
 1.00E+00 5.00E+00 1.00E+01 5.00E+01 1.00E+02 5.00E+02 1.00E+03 2.50E+03
 5.00E+03 7.50E+03 1.00E+04
 1.00E-74 8.06E-31 3.31E-22 1.49E-15 7.74E-15 3.03E-14 3.50E-14 3.57E-14
 3.44E-14 3.33E-14 3.25E-14
 1.00E-74 8.07E-31 3.31E-22 1.49E-15 7.74E-15 3.03E-14 3.50E-14 3.57E-14
 3.44E-14 3.33E-14 3.25E-14
 1.00E-74 8.08E-31 3.31E-22 1.49E-15 7.74E-15 3.03E-14 3.50E-14 3.57E-14
 3.44E-14 3.33E-14 3.25E-14
 1.00E-74 8.10E-31 3.31E-22 1.49E-15 7.75E-15 3.03E-14 3.50E-14 3.57E-14
 3.44E-14 3.33E-14 3.25E-14
 1.00E-74 8.15E-31 3.32E-22 1.49E-15 7.75E-15 3.03E-14 3.50E-14 3.57E-14
 3.44E-14 3.33E-14 3.25E-14
 1.00E-74 8.23E-31 3.33E-22 1.49E-15 7.75E-15 3.03E-14 3.50E-14 3.57E-14
 3.44E-14 3.33E-14 3.25E-14
 1.00E-74 8.35E-31 3.34E-22 1.50E-15 7.76E-15 3.03E-14 3.50E-14 3.57E-14
 3.44E-14 3.33E-14 3.25E-14
 1.00E-74 8.51E-31 3.36E-22 1.50E-15 7.77E-15 3.03E-14 3.50E-14 3.57E-14
 3.44E-14 3.33E-14 3.25E-14
 1.00E-74 8.65E-31 3.38E-22 1.50E-15 7.77E-15 3.03E-14 3.49E-14 3.56E-14
 3.43E-14 3.33E-14 3.25E-14
 1.00E-74 8.75E-31 3.39E-22 1.50E-15 7.77E-15 3.03E-14 3.49E-14 3.56E-14
 3.43E-14 3.33E-14 3.24E-14
  2781.87   10  11 /pl=01:ss= 3:pp= 1:sz= 3/type=RECOM/ispp = t/isel =    3
 1.00E+12 2.15E+12 4.64E+12 1.00E+13 2.15E+13 4.64E+13 1.00E+14 2.15E+14
 4.64E+14 1.00E+15
 1.00E+00 5.00E+00 1.00E+01 5.00E+01 1.00E+02 5.00E+02 1.00E+03 2.50E+03
 5.00E+03 7.50E+03 1.00E+04
 1.29E-11 4.20E-11 2.88E-11 1.42E-11 1.40E-11 3.42E-12 1.27E-12 3.37E-13
 1.31E-13 7.69E-14 5.30E-14
 1.29E-11 4.17E-11 2.86E-11 1.42E-11 1.39E-11 3.41E-12 1.27E-12 3.36E-13
 1.31E-13 7.68E-14 5.29E-14
 1.28E-11 4.11E-11 2.83E-11 1.40E-11 1.39E-11 3.40E-12 1.26E-12 3.36E-13
 1.31E-13 7.67E-14 5.29E-14
 1.25E-11 4.00E-11 2.76E-11 1.38E-11 1.37E-11 3.37E-12 1.25E-12 3.34E-13
 1.30E-13 7.65E-14 5.27E-14
 1.21E-11 3.77E-11 2.61E-11 1.33E-11 1.33E-11 3.31E-12 1.24E-12 3.31E-13
 1.29E-13 7.60E-14 5.24E-14
 1.12E-11 3.35E-11 2.35E-11 1.24E-11 1.25E-11 3.20E-12 1.20E-12 3.24E-13
 1.27E-13 7.49E-14 5.17E-14
 9.72E-12 2.71E-11 1.94E-11 1.08E-11 1.11E-11 2.97E-12 1.13E-12 3.10E-13
 1.23E-13 7.26E-14 5.03E-14
 7.56E-12 1.92E-11 1.40E-11 8.40E-12 9.01E-12 2.57E-12 1.01E-12 2.84E-13
 1.14E-13 6.83E-14 4.76E-14
 5.11E-12 1.18E-11 8.81E-12 5.70E-12 6.37E-12 1.99E-12 8.11E-13 2.40E-13
 9.97E-14 6.04E-14 4.25E-14
 3.02E-12 6.45E-12 4.89E-12 3.36E-12 3.90E-12 1.34E-12 5.72E-13 1.80E-13
 7.80E-14 4.84E-14 3.46E-14
  3575.64   10  11 /pl=01:ss= 3:pp= 1:sz= 3/type=RECOM/ispp = t/isel =    4
 1.00E+12 2.15E+12 4.64E+12 1.00E+13 2.15E+13 4.64E+13 1.00E+14 2.15E+14
 4.64E+14 1.00E+15
 1.00E+00 5.00E+00 1.00E+01 5.00E+01 1.00E+02 5.00E+02 1.00E+03 2.50E+03
 5.00E+03 7.50E+03 1.00E+04
 3.48E-17 6.32E-17 4.55E-17 1.71E-17 1.67E-17 5.13E-18 2.16E-18 6.42E-19
 2.59E-19 1.53E-19 1.05E-19
 3.49E-17 6.33E-17 4.55E-17 1.71E-17 1.67E-17 5.13E-18 2.16E-18 6.42E-19
 2.59E-19 1.53E-19 1.05E-19
 3.49E-17 6.34E-17 4.56E-17 1.71E-17 1.67E-17 5.13E-18 2.16E-18 6.42E-19
 2.59E-19 1.53E-19 1.05E-19
 3.51E-17 6.35E-17 4.56E-17 1.71E-17 1.67E-17 5.13E-18 2.16E-18 6.42E-19
 2.59E-19 1.53E-19 1.05E-19
 3.54E-17 6.39E-17 4.57E-17 1.71E-17 1.67E-17 5.13E-18 2.16E-18 6.42E-19
 2.59E-19 1.53E-19 1.05E-19
 3.59E-17 6.45E-17 4.58E-17 1.72E-17 1.67E-17 5.13E-18 2.15E-18 6.41E-19
 2.59E-19 1.53E-19 1.05E-19
 3.69E-17 6.55E-17 4.61E-17 1.72E-17 1.67E-17 5.12E-18 2.15E-18 6.41E-19
 2.59E-19 1.52E-19 1.05E-19
 3.82E-17 6.67E-17 4.63E-17 1.72E-17 1.67E-17 5.11E-18 2.15E-18 6.39E-19
 2.58E-19 1.52E-19 1.05E-19
 3.95E-17 6.78E-17 4.66E-17 1.72E-17 1.67E-17 5.08E-18 2.14E-18 6.36E-19
 2.57E-19 1.52E-19 1.04E-19
 4.04E-17 6.85E-17 4.67E-17 1.71E-17 1.66E-17 5.02E-18 2.11E-18 6.31E-19
 2.55E-19 1.51E-19 1.04E-19
C-------------------------------------------------------------------------------
C
C  root partition information
C  ==========================
C
C  nuclear charge :  5
C  ion charge+1   :  4
C
C  population calculation information
C  ----------------------------------
C
C  population processing code: ADAS208
C
C  adf04 source file    : /fusion/projects/toolbox/sciortinof/adf04_files/b/b_adf04_rmatrix/adf04.dat.B+3_2007_orig
C  adf18/a17_p208 file  : No projection data included
C
C  meta. ion. coeff. selector  : (1,1)=F
C
C  options  : lnorm =T  lpsel =F  lzsel =F  liosel=T
C           : lhsel =T  lrsel =T  lisel =F  lnsel =F
C
C  energy levels
C  -------------
C
C   lv      configuration    (2S+1)L(w-1/2)      energy (cm^-1)
C  ---   ------------------- --------------      --------------
C    1   1s2                    (1)0(  0.0)             0.0
C    2   1s1 2s1                (3)0(  1.0)       1601185.0
C    3   1s1 2s1                (1)0(  0.0)       1634263.0
C    4   1s1 2p1                (3)1(  4.0)       1637132.0
C    5   1s1 2p1                (1)1(  1.0)       1662230.0
C    6   1s1 3s1                (3)0(  1.0)       1884123.0
C    7   1s1 3s1                (1)0(  0.0)       1894128.0
C    8   1s1 3p1                (3)1(  4.0)       1893559.0
C    9   1s1 3d1                (3)2(  7.0)       1898310.0
C   10   1s1 3d1                (1)2(  2.0)       1898570.0
C   11   1s1 3p1                (1)1(  1.0)       1900565.0
C   12   1s1 4s1                (3)0(  1.0)       1977998.0
C   13   1s1 4s1                (1)0(  0.0)       1982030.0
C   14   1s1 4p1                (3)1(  4.0)       1981806.0
C   15   1s1 4d1                (3)2(  7.0)       1983739.0
C   16   1s1 4d1                (1)2(  2.0)       1983881.0
C   17   1s1 4f1                (1)3(  3.0)       1983835.0
C   18   1s1 4f1                (3)3( 10.0)       1983833.0
C   19   1s1 4p1                (1)1(  1.0)       1984710.0
C
C
C
C-------------------------------------------------------------------------------
C
C  element symbol   : B
C  charge state :  3
C
C  tabulation       : photon emissivity coefft (te,ne)
C  units            : ph. emis coef(cm^3 s^-1); te (ev); ne (cm^-3)
C
C  photon emissivity atomic transitions
C  ------------------------------------
C  
C   isel  wvlen(A)            transition                type  ispb nspb
C                                                             ispp nspp sz    tg pr wr
C  ----- ---------- ----------------------------------- ----- ---- ---- --    -- -- --
C      1   2781.87    4(3)1(  4.0)-  2(3)0(  1.0)       EXCIT   1    1   3    20  1  1
C      2   3575.64    5(1)1(  1.0)-  3(1)0(  0.0)       EXCIT   1    1   3    37  2  2
C      3   2781.87    4(3)1(  4.0)-  2(3)0(  1.0)       RECOM   1    1   3    20  1  1
C      4   3575.64    5(1)1(  1.0)-  3(1)0(  0.0)       RECOM   1    1   3    37  2  2
C-------------------------------------------------------------------------------
C
C  CODE     : adas208
C  PRODUCER : +Francesco Sciortino
C  DATE     : 20/01/22
C
C-------------------------------------------------------------------------------
