    6    /B : 0 photon emissivity coefficients/
--------------------------------------------------------------------------------
    1    1    1    1    1    1
--------------------------------------------------------------------------------
//#01/p00/ 00/p01/ 01/p02/ 02/p03/ 03/p04/ 04/p05/ 05/                          
--------------------------------------------------------------------------------
  2063.26   10  11 /pl=01:ss= 0:pb= 1:sz= 0/type=EXCIT/ispb = t/isel =    1
 1.00E+12 2.15E+12 4.64E+12 1.00E+13 2.15E+13 4.64E+13 1.00E+14 2.15E+14
 4.64E+14 1.00E+15
 1.00E+00 5.00E+00 1.00E+01 5.00E+01 1.00E+02 5.00E+02 1.00E+03 2.50E+03
 5.00E+03 7.50E+03 1.00E+04
 1.86E-10 8.21E-09 1.09E-08 1.02E-08 8.43E-09 4.99E-09 3.97E-09 3.02E-09
 2.55E-09 2.36E-09 2.26E-09
 1.83E-10 8.03E-09 1.07E-08 1.01E-08 8.38E-09 5.05E-09 4.09E-09 3.21E-09
 2.80E-09 2.65E-09 2.58E-09
 1.75E-10 7.64E-09 1.02E-08 9.73E-09 8.16E-09 5.05E-09 4.16E-09 3.36E-09
 3.02E-09 2.92E-09 2.89E-09
 1.62E-10 6.87E-09 9.21E-09 8.97E-09 7.63E-09 4.92E-09 4.14E-09 3.47E-09
 3.21E-09 3.16E-09 3.16E-09
 1.39E-10 5.64E-09 7.61E-09 7.65E-09 6.64E-09 4.57E-09 3.97E-09 3.48E-09
 3.34E-09 3.35E-09 3.40E-09
 1.09E-10 4.11E-09 5.57E-09 5.82E-09 5.20E-09 3.90E-09 3.55E-09 3.31E-09
 3.31E-09 3.41E-09 3.51E-09
 7.71E-11 2.64E-09 3.58E-09 3.88E-09 3.57E-09 2.95E-09 2.82E-09 2.82E-09
 2.96E-09 3.11E-09 3.26E-09
 5.11E-11 1.52E-09 2.06E-09 2.28E-09 2.15E-09 1.93E-09 1.93E-09 2.04E-09
 2.23E-09 2.39E-09 2.53E-09
 3.22E-11 8.10E-10 1.09E-09 1.22E-09 1.16E-09 1.11E-09 1.14E-09 1.26E-09
 1.41E-09 1.53E-09 1.63E-09
 1.92E-11 4.06E-10 5.40E-10 6.08E-10 5.86E-10 5.76E-10 6.05E-10 6.84E-10
 7.79E-10 8.50E-10 9.08E-10
  2483.24   10  11 /pl=01:ss= 0:pb= 1:sz= 0/type=EXCIT/ispb = t/isel =    2
 1.00E+12 2.15E+12 4.64E+12 1.00E+13 2.15E+13 4.64E+13 1.00E+14 2.15E+14
 4.64E+14 1.00E+15
 1.00E+00 5.00E+00 1.00E+01 5.00E+01 1.00E+02 5.00E+02 1.00E+03 2.50E+03
 5.00E+03 7.50E+03 1.00E+04
 1.53E-10 4.93E-09 8.83E-09 1.45E-08 1.52E-08 1.58E-08 1.62E-08 1.68E-08
 1.76E-08 1.81E-08 1.86E-08
 1.53E-10 4.73E-09 8.37E-09 1.37E-08 1.44E-08 1.50E-08 1.53E-08 1.60E-08
 1.68E-08 1.73E-08 1.78E-08
 1.52E-10 4.46E-09 7.76E-09 1.26E-08 1.33E-08 1.40E-08 1.43E-08 1.50E-08
 1.58E-08 1.64E-08 1.69E-08
 1.52E-10 4.17E-09 7.09E-09 1.14E-08 1.20E-08 1.28E-08 1.31E-08 1.39E-08
 1.47E-08 1.54E-08 1.59E-08
 1.52E-10 3.85E-09 6.37E-09 1.00E-08 1.05E-08 1.12E-08 1.16E-08 1.24E-08
 1.32E-08 1.39E-08 1.45E-08
 1.52E-10 3.43E-09 5.46E-09 8.25E-09 8.60E-09 9.10E-09 9.45E-09 1.02E-08
 1.11E-08 1.17E-08 1.23E-08
 1.49E-10 2.80E-09 4.24E-09 6.08E-09 6.27E-09 6.60E-09 6.90E-09 7.55E-09
 8.28E-09 8.83E-09 9.27E-09
 1.37E-10 2.01E-09 2.88E-09 3.91E-09 3.99E-09 4.20E-09 4.41E-09 4.88E-09
 5.39E-09 5.76E-09 6.06E-09
 1.14E-10 1.24E-09 1.70E-09 2.21E-09 2.25E-09 2.36E-09 2.49E-09 2.78E-09
 3.08E-09 3.30E-09 3.47E-09
 8.22E-11 6.79E-10 9.05E-10 1.14E-09 1.16E-09 1.22E-09 1.29E-09 1.44E-09
 1.60E-09 1.72E-09 1.81E-09
  5768.68   10  11 /pl=01:ss= 0:pb= 1:sz= 0/type=EXCIT/ispb = t/isel =    3
 1.00E+12 2.15E+12 4.64E+12 1.00E+13 2.15E+13 4.64E+13 1.00E+14 2.15E+14
 4.64E+14 1.00E+15
 1.00E+00 5.00E+00 1.00E+01 5.00E+01 1.00E+02 5.00E+02 1.00E+03 2.50E+03
 5.00E+03 7.50E+03 1.00E+04
 7.48E-14 5.83E-12 1.10E-11 1.78E-11 1.83E-11 1.96E-11 2.11E-11 2.42E-11
 2.78E-11 3.04E-11 3.25E-11
 5.01E-14 3.81E-12 7.35E-12 1.30E-11 1.41E-11 1.72E-11 1.94E-11 2.35E-11
 2.78E-11 3.09E-11 3.33E-11
 3.59E-14 2.76E-12 5.42E-12 1.06E-11 1.21E-11 1.64E-11 1.92E-11 2.42E-11
 2.93E-11 3.28E-11 3.56E-11
 2.99E-14 2.28E-12 4.47E-12 9.35E-12 1.11E-11 1.64E-11 1.97E-11 2.54E-11
 3.10E-11 3.49E-11 3.80E-11
 2.92E-14 2.08E-12 3.96E-12 8.51E-12 1.04E-11 1.60E-11 1.95E-11 2.55E-11
 3.13E-11 3.53E-11 3.85E-11
 3.06E-14 1.91E-12 3.47E-12 7.42E-12 9.13E-12 1.45E-11 1.77E-11 2.32E-11
 2.85E-11 3.21E-11 3.49E-11
 3.07E-14 1.58E-12 2.76E-12 5.76E-12 7.12E-12 1.14E-11 1.40E-11 1.83E-11
 2.24E-11 2.52E-11 2.73E-11
 2.76E-14 1.12E-12 1.89E-12 3.85E-12 4.75E-12 7.65E-12 9.40E-12 1.23E-11
 1.50E-11 1.68E-11 1.82E-11
 2.16E-14 6.82E-13 1.11E-12 2.23E-12 2.75E-12 4.45E-12 5.47E-12 7.16E-12
 8.72E-12 9.74E-12 1.05E-11
 1.47E-14 3.68E-13 5.91E-13 1.17E-12 1.44E-12 2.33E-12 2.87E-12 3.76E-12
 4.57E-12 5.10E-12 5.49E-12
  2063.26   10  11 /pl=01:ss= 0:pp= 1:sz= 0/type=RECOM/ispp = t/isel =    4
 1.00E+12 2.15E+12 4.64E+12 1.00E+13 2.15E+13 4.64E+13 1.00E+14 2.15E+14
 4.64E+14 1.00E+15
 1.00E+00 5.00E+00 1.00E+01 5.00E+01 1.00E+02 5.00E+02 1.00E+03 2.50E+03
 5.00E+03 7.50E+03 1.00E+04
 3.04E-15 1.02E-14 8.99E-15 6.84E-15 6.17E-15 4.91E-15 4.44E-15 3.86E-15
 3.45E-15 3.22E-15 3.07E-15
 4.75E-15 9.83E-15 8.13E-15 5.56E-15 4.87E-15 3.72E-15 3.33E-15 2.88E-15
 2.57E-15 2.40E-15 2.28E-15
 7.56E-15 1.05E-14 8.06E-15 4.83E-15 4.06E-15 2.89E-15 2.54E-15 2.15E-15
 1.90E-15 1.77E-15 1.68E-15
 1.19E-14 1.14E-14 8.26E-15 4.46E-15 3.62E-15 2.42E-15 2.08E-15 1.73E-15
 1.52E-15 1.41E-15 1.33E-15
 1.91E-14 1.20E-14 8.29E-15 4.21E-15 3.36E-15 2.20E-15 1.88E-15 1.56E-15
 1.37E-15 1.27E-15 1.21E-15
 3.27E-14 1.19E-14 7.83E-15 3.88E-15 3.11E-15 2.08E-15 1.80E-15 1.52E-15
 1.35E-15 1.26E-15 1.20E-15
 5.75E-14 1.09E-14 6.69E-15 3.22E-15 2.62E-15 1.84E-15 1.64E-15 1.42E-15
 1.29E-15 1.22E-15 1.17E-15
 9.67E-14 9.44E-15 5.12E-15 2.28E-15 1.88E-15 1.39E-15 1.27E-15 1.14E-15
 1.06E-15 1.01E-15 9.78E-16
 1.48E-13 8.00E-15 3.68E-15 1.41E-15 1.15E-15 8.82E-16 8.23E-16 7.60E-16
 7.17E-16 6.91E-16 6.72E-16
 2.04E-13 6.98E-15 2.70E-15 8.00E-16 6.34E-16 4.88E-16 4.60E-16 4.33E-16
 4.13E-16 4.00E-16 3.91E-16
  2483.24   10  11 /pl=01:ss= 0:pp= 1:sz= 0/type=RECOM/ispp = t/isel =    5
 1.00E+12 2.15E+12 4.64E+12 1.00E+13 2.15E+13 4.64E+13 1.00E+14 2.15E+14
 4.64E+14 1.00E+15
 1.00E+00 5.00E+00 1.00E+01 5.00E+01 1.00E+02 5.00E+02 1.00E+03 2.50E+03
 5.00E+03 7.50E+03 1.00E+04
 2.28E-14 4.14E-14 3.41E-14 2.13E-14 1.75E-14 1.11E-14 9.15E-15 7.12E-15
 5.90E-15 5.29E-15 4.90E-15
 2.14E-14 3.68E-14 3.01E-14 1.86E-14 1.53E-14 9.71E-15 8.02E-15 6.26E-15
 5.21E-15 4.69E-15 4.36E-15
 2.01E-14 3.15E-14 2.55E-14 1.59E-14 1.31E-14 8.44E-15 7.04E-15 5.57E-15
 4.70E-15 4.26E-15 3.98E-15
 2.01E-14 2.69E-14 2.16E-14 1.36E-14 1.13E-14 7.57E-15 6.41E-15 5.19E-15
 4.44E-15 4.07E-15 3.82E-15
 2.47E-14 2.39E-14 1.88E-14 1.20E-14 1.02E-14 7.05E-15 6.07E-15 5.01E-15
 4.35E-15 4.01E-15 3.79E-15
 4.15E-14 2.24E-14 1.69E-14 1.06E-14 9.08E-15 6.48E-15 5.65E-15 4.72E-15
 4.13E-15 3.82E-15 3.62E-15
 8.98E-14 2.13E-14 1.46E-14 8.73E-15 7.47E-15 5.42E-15 4.76E-15 4.01E-15
 3.52E-15 3.26E-15 3.09E-15
 2.07E-13 1.96E-14 1.16E-14 6.23E-15 5.30E-15 3.87E-15 3.42E-15 2.90E-15
 2.55E-15 2.37E-15 2.24E-15
 4.28E-13 1.74E-14 8.48E-15 3.85E-15 3.23E-15 2.36E-15 2.09E-15 1.78E-15
 1.58E-15 1.46E-15 1.39E-15
 7.30E-13 1.55E-14 6.14E-15 2.17E-15 1.77E-15 1.27E-15 1.13E-15 9.68E-16
 8.59E-16 8.00E-16 7.60E-16
  5768.68   10  11 /pl=01:ss= 0:pp= 1:sz= 0/type=RECOM/ispp = t/isel =    6
 1.00E+12 2.15E+12 4.64E+12 1.00E+13 2.15E+13 4.64E+13 1.00E+14 2.15E+14
 4.64E+14 1.00E+15
 1.00E+00 5.00E+00 1.00E+01 5.00E+01 1.00E+02 5.00E+02 1.00E+03 2.50E+03
 5.00E+03 7.50E+03 1.00E+04
 1.49E-16 3.42E-16 2.79E-16 1.66E-16 1.33E-16 8.06E-17 6.51E-17 4.93E-17
 4.00E-17 3.55E-17 3.26E-17
 1.13E-16 2.57E-16 2.13E-16 1.33E-16 1.09E-16 6.92E-17 5.69E-17 4.39E-17
 3.60E-17 3.21E-17 2.96E-17
 9.72E-17 2.01E-16 1.69E-16 1.10E-16 9.22E-17 6.06E-17 5.05E-17 3.95E-17
 3.28E-17 2.94E-17 2.72E-17
 1.01E-16 1.60E-16 1.35E-16 9.06E-17 7.68E-17 5.20E-17 4.38E-17 3.48E-17
 2.91E-17 2.62E-17 2.44E-17
 1.24E-16 1.25E-16 1.04E-16 7.13E-17 6.12E-17 4.27E-17 3.64E-17 2.93E-17
 2.49E-17 2.25E-17 2.10E-17
 1.66E-16 9.41E-17 7.60E-17 5.26E-17 4.58E-17 3.31E-17 2.86E-17 2.35E-17
 2.01E-17 1.84E-17 1.72E-17
 2.27E-16 6.92E-17 5.22E-17 3.56E-17 3.14E-17 2.35E-17 2.07E-17 1.73E-17
 1.50E-17 1.38E-17 1.30E-17
 3.04E-16 5.11E-17 3.41E-17 2.18E-17 1.94E-17 1.50E-17 1.33E-17 1.14E-17
 1.00E-17 9.27E-18 8.77E-18
 3.91E-16 3.93E-17 2.21E-17 1.22E-17 1.08E-17 8.51E-18 7.67E-18 6.63E-18
 5.89E-18 5.48E-18 5.20E-18
 4.73E-16 3.26E-17 1.52E-17 6.54E-18 5.64E-18 4.44E-18 4.02E-18 3.51E-18
 3.14E-18 2.93E-18 2.79E-18
C-------------------------------------------------------------------------------
C
C  root partition information
C  ==========================
C
C  nuclear charge :  5
C  ion charge+1   :  1
C
C  population calculation information
C  ----------------------------------
C
C  population processing code: ADAS208
C
C  adf04 source file    : /fusion/projects/toolbox/sciortinof/adf04_files/b/b_adf04_rmatrix/adf04.dat.B+0
C  adf18/a17_p208 file  : No projection data included
C
C  meta. ion. coeff. selector  : (1,1)=T    (1,2)=F
C
C  options  : lnorm =T  lpsel =F  lzsel =F  liosel=T
C           : lhsel =T  lrsel =T  lisel =F  lnsel =F
C
C  energy levels
C  -------------
C
C   lv      configuration    (2S+1)L(w-1/2)      energy (cm^-1)
C  ---   ------------------- --------------      --------------
C    1   1s2 2s2 2p1            (2)1(  2.5)             0.0
C    2   1s2 2s1 2p2            (4)1(  5.5)         28631.0
C    3   1s2 2s2 3s1            (2)0(  0.5)         40270.0
C    4   1s2 2s1 2p2            (2)2(  4.5)         48467.0
C    5   1s2 2s2 3p1            (2)1(  2.5)         48487.0
C    6   1s2 2s2 3d1            (2)2(  4.5)         54804.0
C    7   1s2 2s2 4s1            (2)0(  0.5)         55004.0
C    8   1s2 2s2 4p1            (2)1(  2.5)         57605.0
C    9   1s2 2s2 4d1            (2)2(  4.5)         59861.0
C   10   1s2 2s2 4f1            (2)3(  6.5)         59829.0
C   11   1s2 2s2 5s1            (2)0(  0.5)         60217.0
C
C
C
C-------------------------------------------------------------------------------
C
C  element symbol   : B
C  charge state :  0
C
C  tabulation       : photon emissivity coefft (te,ne)
C  units            : ph. emis coef(cm^3 s^-1); te (ev); ne (cm^-3)
C
C  photon emissivity atomic transitions
C  ------------------------------------
C  
C   isel  wvlen(A)            transition                type  ispb nspb
C                                                             ispp nspp sz    tg pr wr
C  ----- ---------- ----------------------------------- ----- ---- ---- --    -- -- --
C      1   2063.26    4(2)2(  4.5)-  1(2)1(  2.5)       EXCIT   1    1   0     3  2  1
C      2   2483.24    3(2)0(  0.5)-  1(2)1(  2.5)       EXCIT   1    1   0     2  1  2
C      3   5768.68    8(2)1(  2.5)-  3(2)0(  0.5)       EXCIT   1    1   0    24  3  3
C      4   2063.26    4(2)2(  4.5)-  1(2)1(  2.5)       RECOM   1    2   0     3  2  1
C      5   2483.24    3(2)0(  0.5)-  1(2)1(  2.5)       RECOM   1    2   0     2  1  2
C      6   5768.68    8(2)1(  2.5)-  3(2)0(  0.5)       RECOM   1    2   0    24  3  3
C-------------------------------------------------------------------------------
C
C  CODE     : adas208
C  PRODUCER : +Francesco Sciortino
C  DATE     : 20/01/22
C
C-------------------------------------------------------------------------------
