   10    /B : 2 photon emissivity coefficients/
--------------------------------------------------------------------------------
    1    1    1    1    1    1
--------------------------------------------------------------------------------
//#01/p00/ 00/p01/ 01/p02/ 02/p03/ 03/p04/ 04/p05/ 05/                          
--------------------------------------------------------------------------------
  2067.31   10  11 /pl=01:ss= 2:pb= 1:sz= 2/type=EXCIT/ispb = t/isel =    1
 1.00E+12 2.15E+12 4.64E+12 1.00E+13 2.15E+13 4.64E+13 1.00E+14 2.15E+14
 4.64E+14 1.00E+15
 1.00E+00 5.00E+00 1.00E+01 5.00E+01 1.00E+02 5.00E+02 1.00E+03 2.50E+03
 5.00E+03 7.50E+03 1.00E+04
 1.14E-09 7.10E-08 1.03E-07 1.12E-07 1.01E-07 6.70E-08 5.38E-08 4.00E-08
 3.19E-08 2.79E-08 2.54E-08
 1.14E-09 7.09E-08 1.03E-07 1.12E-07 1.01E-07 6.70E-08 5.38E-08 4.00E-08
 3.19E-08 2.79E-08 2.54E-08
 1.14E-09 7.08E-08 1.03E-07 1.11E-07 1.01E-07 6.69E-08 5.37E-08 3.99E-08
 3.19E-08 2.79E-08 2.54E-08
 1.14E-09 7.05E-08 1.02E-07 1.11E-07 1.00E-07 6.67E-08 5.36E-08 3.99E-08
 3.18E-08 2.79E-08 2.54E-08
 1.13E-09 6.99E-08 1.01E-07 1.10E-07 9.94E-08 6.64E-08 5.34E-08 3.97E-08
 3.17E-08 2.78E-08 2.53E-08
 1.10E-09 6.86E-08 9.93E-08 1.08E-07 9.76E-08 6.56E-08 5.28E-08 3.94E-08
 3.15E-08 2.77E-08 2.52E-08
 1.06E-09 6.59E-08 9.51E-08 1.03E-07 9.40E-08 6.39E-08 5.18E-08 3.88E-08
 3.12E-08 2.74E-08 2.50E-08
 9.76E-10 6.09E-08 8.71E-08 9.48E-08 8.70E-08 6.06E-08 4.96E-08 3.76E-08
 3.03E-08 2.67E-08 2.44E-08
 8.34E-10 5.22E-08 7.37E-08 8.06E-08 7.49E-08 5.44E-08 4.54E-08 3.51E-08
 2.87E-08 2.55E-08 2.34E-08
 6.36E-10 4.00E-08 5.54E-08 6.09E-08 5.76E-08 4.46E-08 3.83E-08 3.07E-08
 2.57E-08 2.31E-08 2.13E-08
  2077.71   10  11 /pl=01:ss= 2:pb= 1:sz= 2/type=EXCIT/ispb = t/isel =    2
 1.00E+12 2.15E+12 4.64E+12 1.00E+13 2.15E+13 4.64E+13 1.00E+14 2.15E+14
 4.64E+14 1.00E+15
 1.00E+00 5.00E+00 1.00E+01 5.00E+01 1.00E+02 5.00E+02 1.00E+03 2.50E+03
 5.00E+03 7.50E+03 1.00E+04
 3.53E-22 4.43E-12 5.85E-11 2.90E-10 2.83E-10 1.57E-10 1.12E-10 6.97E-11
 4.85E-11 3.91E-11 3.36E-11
 3.55E-22 4.44E-12 5.87E-11 2.91E-10 2.84E-10 1.57E-10 1.12E-10 6.99E-11
 4.85E-11 3.92E-11 3.36E-11
 3.60E-22 4.47E-12 5.90E-11 2.92E-10 2.85E-10 1.58E-10 1.13E-10 7.02E-11
 4.87E-11 3.93E-11 3.37E-11
 3.70E-22 4.52E-12 5.96E-11 2.96E-10 2.89E-10 1.60E-10 1.14E-10 7.09E-11
 4.91E-11 3.96E-11 3.40E-11
 3.96E-22 4.66E-12 6.12E-11 3.03E-10 2.97E-10 1.64E-10 1.17E-10 7.23E-11
 5.00E-11 4.03E-11 3.45E-11
 4.60E-22 5.01E-12 6.50E-11 3.21E-10 3.15E-10 1.74E-10 1.23E-10 7.56E-11
 5.20E-11 4.18E-11 3.58E-11
 6.13E-22 5.83E-12 7.37E-11 3.59E-10 3.54E-10 1.96E-10 1.37E-10 8.30E-11
 5.66E-11 4.52E-11 3.86E-11
 9.49E-22 7.56E-12 9.19E-11 4.38E-10 4.36E-10 2.44E-10 1.68E-10 1.01E-10
 6.76E-11 5.35E-11 4.53E-11
 1.63E-21 1.07E-11 1.24E-10 5.77E-10 5.86E-10 3.43E-10 2.38E-10 1.41E-10
 9.38E-11 7.35E-11 6.18E-11
 2.86E-21 1.57E-11 1.71E-10 7.79E-10 8.11E-10 5.17E-10 3.70E-10 2.27E-10
 1.53E-10 1.20E-10 1.01E-10
  2138.53   10  11 /pl=01:ss= 2:pb= 1:sz= 2/type=EXCIT/ispb = t/isel =    3
 1.00E+12 2.15E+12 4.64E+12 1.00E+13 2.15E+13 4.64E+13 1.00E+14 2.15E+14
 4.64E+14 1.00E+15
 1.00E+00 5.00E+00 1.00E+01 5.00E+01 1.00E+02 5.00E+02 1.00E+03 2.50E+03
 5.00E+03 7.50E+03 1.00E+04
 2.52E-23 2.64E-13 3.46E-12 1.98E-11 2.45E-11 2.76E-11 2.62E-11 2.39E-11
 2.21E-11 2.11E-11 2.04E-11
 2.52E-23 2.64E-13 3.45E-12 1.98E-11 2.44E-11 2.76E-11 2.62E-11 2.39E-11
 2.21E-11 2.11E-11 2.04E-11
 2.52E-23 2.63E-13 3.44E-12 1.98E-11 2.44E-11 2.75E-11 2.61E-11 2.38E-11
 2.21E-11 2.10E-11 2.04E-11
 2.53E-23 2.61E-13 3.42E-12 1.97E-11 2.42E-11 2.73E-11 2.59E-11 2.37E-11
 2.19E-11 2.10E-11 2.03E-11
 2.55E-23 2.57E-13 3.37E-12 1.94E-11 2.38E-11 2.68E-11 2.55E-11 2.34E-11
 2.17E-11 2.08E-11 2.01E-11
 2.63E-23 2.52E-13 3.29E-12 1.90E-11 2.31E-11 2.59E-11 2.47E-11 2.28E-11
 2.12E-11 2.04E-11 1.97E-11
 2.84E-23 2.46E-13 3.18E-12 1.82E-11 2.20E-11 2.43E-11 2.33E-11 2.16E-11
 2.03E-11 1.96E-11 1.90E-11
 3.36E-23 2.48E-13 3.09E-12 1.72E-11 2.05E-11 2.20E-11 2.11E-11 1.97E-11
 1.87E-11 1.81E-11 1.77E-11
 4.46E-23 2.69E-13 3.15E-12 1.64E-11 1.91E-11 1.93E-11 1.83E-11 1.71E-11
 1.63E-11 1.59E-11 1.56E-11
 6.55E-23 3.20E-13 3.47E-12 1.66E-11 1.87E-11 1.73E-11 1.58E-11 1.44E-11
 1.36E-11 1.32E-11 1.30E-11
  2235.09   10  11 /pl=01:ss= 2:pb= 1:sz= 2/type=EXCIT/ispb = t/isel =    4
 1.00E+12 2.15E+12 4.64E+12 1.00E+13 2.15E+13 4.64E+13 1.00E+14 2.15E+14
 4.64E+14 1.00E+15
 1.00E+00 5.00E+00 1.00E+01 5.00E+01 1.00E+02 5.00E+02 1.00E+03 2.50E+03
 5.00E+03 7.50E+03 1.00E+04
 4.18E-22 2.19E-12 2.71E-11 1.36E-10 1.39E-10 9.40E-11 7.27E-11 5.07E-11
 3.84E-11 3.26E-11 2.90E-11
 4.18E-22 2.18E-12 2.70E-11 1.36E-10 1.39E-10 9.39E-11 7.27E-11 5.07E-11
 3.84E-11 3.26E-11 2.90E-11
 4.17E-22 2.17E-12 2.68E-11 1.35E-10 1.38E-10 9.39E-11 7.27E-11 5.08E-11
 3.85E-11 3.27E-11 2.91E-11
 4.16E-22 2.14E-12 2.65E-11 1.34E-10 1.37E-10 9.37E-11 7.28E-11 5.09E-11
 3.86E-11 3.28E-11 2.92E-11
 4.15E-22 2.09E-12 2.57E-11 1.30E-10 1.35E-10 9.34E-11 7.29E-11 5.12E-11
 3.89E-11 3.31E-11 2.95E-11
 4.13E-22 1.99E-12 2.43E-11 1.24E-10 1.30E-10 9.26E-11 7.29E-11 5.17E-11
 3.95E-11 3.36E-11 3.00E-11
 4.14E-22 1.84E-12 2.20E-11 1.13E-10 1.20E-10 9.06E-11 7.26E-11 5.24E-11
 4.05E-11 3.47E-11 3.10E-11
 4.28E-22 1.65E-12 1.90E-11 9.69E-11 1.06E-10 8.59E-11 7.09E-11 5.30E-11
 4.18E-11 3.62E-11 3.26E-11
 4.73E-22 1.51E-12 1.63E-11 8.00E-11 8.91E-11 7.75E-11 6.65E-11 5.23E-11
 4.27E-11 3.77E-11 3.44E-11
 5.75E-22 1.51E-12 1.52E-11 6.86E-11 7.62E-11 6.77E-11 5.95E-11 4.90E-11
 4.17E-11 3.78E-11 3.51E-11
  7840.06   10  11 /pl=01:ss= 2:pb= 1:sz= 2/type=EXCIT/ispb = t/isel =    5
 1.00E+12 2.15E+12 4.64E+12 1.00E+13 2.15E+13 4.64E+13 1.00E+14 2.15E+14
 4.64E+14 1.00E+15
 1.00E+00 5.00E+00 1.00E+01 5.00E+01 1.00E+02 5.00E+02 1.00E+03 2.50E+03
 5.00E+03 7.50E+03 1.00E+04
 1.22E-20 9.73E-13 7.27E-12 3.00E-11 3.66E-11 4.06E-11 3.78E-11 3.39E-11
 3.11E-11 2.96E-11 2.85E-11
 1.23E-20 9.76E-13 7.28E-12 3.00E-11 3.66E-11 4.05E-11 3.78E-11 3.39E-11
 3.11E-11 2.96E-11 2.85E-11
 1.25E-20 9.84E-13 7.32E-12 3.01E-11 3.66E-11 4.05E-11 3.78E-11 3.39E-11
 3.11E-11 2.96E-11 2.85E-11
 1.30E-20 9.99E-13 7.40E-12 3.02E-11 3.67E-11 4.05E-11 3.78E-11 3.39E-11
 3.11E-11 2.95E-11 2.85E-11
 1.40E-20 1.03E-12 7.57E-12 3.04E-11 3.68E-11 4.04E-11 3.77E-11 3.38E-11
 3.10E-11 2.95E-11 2.85E-11
 1.60E-20 1.10E-12 7.91E-12 3.08E-11 3.69E-11 4.03E-11 3.75E-11 3.36E-11
 3.09E-11 2.94E-11 2.84E-11
 1.99E-20 1.22E-12 8.53E-12 3.16E-11 3.73E-11 3.99E-11 3.71E-11 3.33E-11
 3.06E-11 2.91E-11 2.81E-11
 2.68E-20 1.42E-12 9.52E-12 3.29E-11 3.77E-11 3.91E-11 3.63E-11 3.26E-11
 3.00E-11 2.86E-11 2.77E-11
 3.70E-20 1.69E-12 1.08E-11 3.45E-11 3.82E-11 3.76E-11 3.47E-11 3.12E-11
 2.88E-11 2.75E-11 2.67E-11
 4.90E-20 1.93E-12 1.17E-11 3.55E-11 3.82E-11 3.54E-11 3.22E-11 2.88E-11
 2.66E-11 2.55E-11 2.48E-11
  2067.31   10  11 /pl=01:ss= 2:pp= 1:sz= 2/type=RECOM/ispp = t/isel =    6
 1.00E+12 2.15E+12 4.64E+12 1.00E+13 2.15E+13 4.64E+13 1.00E+14 2.15E+14
 4.64E+14 1.00E+15
 1.00E+00 5.00E+00 1.00E+01 5.00E+01 1.00E+02 5.00E+02 1.00E+03 2.50E+03
 5.00E+03 7.50E+03 1.00E+04
 1.19E-12 4.55E-13 2.78E-13 2.16E-13 4.10E-13 1.55E-13 6.75E-14 2.23E-14
 9.62E-15 5.89E-15 4.16E-15
 1.19E-12 4.55E-13 2.78E-13 2.16E-13 4.10E-13 1.55E-13 6.75E-14 2.23E-14
 9.63E-15 5.90E-15 4.16E-15
 1.19E-12 4.55E-13 2.78E-13 2.16E-13 4.11E-13 1.55E-13 6.75E-14 2.23E-14
 9.63E-15 5.90E-15 4.16E-15
 1.19E-12 4.56E-13 2.79E-13 2.16E-13 4.12E-13 1.55E-13 6.76E-14 2.23E-14
 9.63E-15 5.90E-15 4.17E-15
 1.19E-12 4.57E-13 2.79E-13 2.17E-13 4.14E-13 1.55E-13 6.78E-14 2.23E-14
 9.64E-15 5.90E-15 4.17E-15
 1.18E-12 4.58E-13 2.80E-13 2.19E-13 4.17E-13 1.56E-13 6.81E-14 2.24E-14
 9.67E-15 5.92E-15 4.18E-15
 1.16E-12 4.58E-13 2.81E-13 2.21E-13 4.23E-13 1.58E-13 6.86E-14 2.25E-14
 9.71E-15 5.94E-15 4.19E-15
 1.11E-12 4.52E-13 2.79E-13 2.23E-13 4.27E-13 1.59E-13 6.92E-14 2.27E-14
 9.77E-15 5.97E-15 4.21E-15
 1.00E-12 4.31E-13 2.69E-13 2.19E-13 4.25E-13 1.60E-13 6.97E-14 2.29E-14
 9.85E-15 6.02E-15 4.24E-15
 8.20E-13 3.84E-13 2.45E-13 2.05E-13 4.01E-13 1.56E-13 6.85E-14 2.27E-14
 9.84E-15 6.02E-15 4.25E-15
  2077.71   10  11 /pl=01:ss= 2:pp= 1:sz= 2/type=RECOM/ispp = t/isel =    7
 1.00E+12 2.15E+12 4.64E+12 1.00E+13 2.15E+13 4.64E+13 1.00E+14 2.15E+14
 4.64E+14 1.00E+15
 1.00E+00 5.00E+00 1.00E+01 5.00E+01 1.00E+02 5.00E+02 1.00E+03 2.50E+03
 5.00E+03 7.50E+03 1.00E+04
 9.32E-14 2.59E-14 1.26E-14 8.02E-15 1.92E-14 7.87E-15 3.43E-15 1.12E-15
 4.84E-16 2.95E-16 2.08E-16
 9.33E-14 2.59E-14 1.26E-14 8.08E-15 1.93E-14 7.90E-15 3.44E-15 1.13E-15
 4.84E-16 2.96E-16 2.08E-16
 9.34E-14 2.60E-14 1.27E-14 8.21E-15 1.96E-14 7.95E-15 3.45E-15 1.13E-15
 4.86E-16 2.96E-16 2.09E-16
 9.36E-14 2.63E-14 1.28E-14 8.49E-15 2.02E-14 8.07E-15 3.49E-15 1.14E-15
 4.88E-16 2.98E-16 2.10E-16
 9.44E-14 2.68E-14 1.31E-14 9.08E-15 2.14E-14 8.34E-15 3.58E-15 1.16E-15
 4.95E-16 3.01E-16 2.12E-16
 9.62E-14 2.80E-14 1.39E-14 1.03E-14 2.40E-14 8.89E-15 3.76E-15 1.20E-15
 5.08E-16 3.08E-16 2.16E-16
 9.93E-14 3.03E-14 1.53E-14 1.27E-14 2.90E-14 1.00E-14 4.15E-15 1.29E-15
 5.37E-16 3.23E-16 2.25E-16
 1.03E-13 3.36E-14 1.76E-14 1.65E-14 3.76E-14 1.23E-14 4.93E-15 1.47E-15
 5.97E-16 3.54E-16 2.45E-16
 1.07E-13 3.73E-14 2.05E-14 2.15E-14 4.95E-14 1.61E-14 6.34E-15 1.83E-15
 7.20E-16 4.19E-16 2.86E-16
 1.10E-13 4.09E-14 2.35E-14 2.67E-14 6.21E-14 2.12E-14 8.45E-15 2.43E-15
 9.40E-16 5.40E-16 3.65E-16
  2138.53   10  11 /pl=01:ss= 2:pp= 1:sz= 2/type=RECOM/ispp = t/isel =    8
 1.00E+12 2.15E+12 4.64E+12 1.00E+13 2.15E+13 4.64E+13 1.00E+14 2.15E+14
 4.64E+14 1.00E+15
 1.00E+00 5.00E+00 1.00E+01 5.00E+01 1.00E+02 5.00E+02 1.00E+03 2.50E+03
 5.00E+03 7.50E+03 1.00E+04
 5.55E-15 2.30E-15 1.43E-15 2.12E-15 5.24E-15 2.15E-15 9.49E-16 3.17E-16
 1.38E-16 8.52E-17 6.04E-17
 5.50E-15 2.28E-15 1.43E-15 2.11E-15 5.21E-15 2.14E-15 9.47E-16 3.17E-16
 1.38E-16 8.51E-17 6.03E-17
 5.38E-15 2.24E-15 1.41E-15 2.09E-15 5.17E-15 2.13E-15 9.43E-16 3.16E-16
 1.38E-16 8.50E-17 6.02E-17
 5.17E-15 2.17E-15 1.36E-15 2.04E-15 5.07E-15 2.11E-15 9.35E-16 3.14E-16
 1.37E-16 8.46E-17 6.00E-17
 4.79E-15 2.04E-15 1.29E-15 1.95E-15 4.88E-15 2.06E-15 9.18E-16 3.10E-16
 1.36E-16 8.39E-17 5.96E-17
 4.23E-15 1.83E-15 1.17E-15 1.79E-15 4.53E-15 1.97E-15 8.85E-16 3.02E-16
 1.33E-16 8.24E-17 5.86E-17
 3.59E-15 1.55E-15 9.98E-16 1.56E-15 3.99E-15 1.80E-15 8.26E-16 2.86E-16
 1.28E-16 7.95E-17 5.67E-17
 3.02E-15 1.27E-15 8.18E-16 1.28E-15 3.32E-15 1.57E-15 7.32E-16 2.61E-16
 1.18E-16 7.42E-17 5.33E-17
 2.64E-15 1.06E-15 6.69E-16 1.02E-15 2.65E-15 1.29E-15 6.14E-16 2.24E-16
 1.04E-16 6.60E-17 4.77E-17
 2.42E-15 9.31E-16 5.75E-16 8.23E-16 2.12E-15 1.03E-15 4.95E-16 1.84E-16
 8.64E-17 5.55E-17 4.05E-17
  2235.09   10  11 /pl=01:ss= 2:pp= 1:sz= 2/type=RECOM/ispp = t/isel =    9
 1.00E+12 2.15E+12 4.64E+12 1.00E+13 2.15E+13 4.64E+13 1.00E+14 2.15E+14
 4.64E+14 1.00E+15
 1.00E+00 5.00E+00 1.00E+01 5.00E+01 1.00E+02 5.00E+02 1.00E+03 2.50E+03
 5.00E+03 7.50E+03 1.00E+04
 9.25E-15 4.41E-15 3.24E-15 1.72E-15 1.58E-15 5.36E-16 2.56E-16 9.63E-17
 4.61E-17 3.00E-17 2.21E-17
 9.32E-15 4.42E-15 3.24E-15 1.74E-15 1.64E-15 5.49E-16 2.61E-16 9.74E-17
 4.64E-17 3.02E-17 2.22E-17
 9.48E-15 4.45E-15 3.25E-15 1.78E-15 1.74E-15 5.77E-16 2.71E-16 9.97E-17
 4.72E-17 3.06E-17 2.25E-17
 9.77E-15 4.50E-15 3.27E-15 1.86E-15 1.96E-15 6.35E-16 2.91E-16 1.05E-16
 4.89E-17 3.15E-17 2.30E-17
 1.03E-14 4.58E-15 3.29E-15 2.01E-15 2.39E-15 7.52E-16 3.32E-16 1.15E-16
 5.23E-17 3.33E-17 2.42E-17
 1.10E-14 4.64E-15 3.29E-15 2.25E-15 3.11E-15 9.72E-16 4.12E-16 1.35E-16
 5.93E-17 3.71E-17 2.66E-17
 1.16E-14 4.58E-15 3.18E-15 2.53E-15 4.11E-15 1.33E-15 5.49E-16 1.71E-16
 7.26E-17 4.43E-17 3.13E-17
 1.21E-14 4.30E-15 2.90E-15 2.70E-15 5.07E-15 1.79E-15 7.41E-16 2.29E-16
 9.45E-17 5.67E-17 3.96E-17
 1.22E-14 3.87E-15 2.51E-15 2.64E-15 5.55E-15 2.17E-15 9.31E-16 2.96E-16
 1.23E-16 7.39E-17 5.14E-17
 1.23E-14 3.49E-15 2.16E-15 2.43E-15 5.48E-15 2.32E-15 1.03E-15 3.45E-16
 1.49E-16 9.04E-17 6.35E-17
  7840.06   10  11 /pl=01:ss= 2:pp= 1:sz= 2/type=RECOM/ispp = t/isel =   10
 1.00E+12 2.15E+12 4.64E+12 1.00E+13 2.15E+13 4.64E+13 1.00E+14 2.15E+14
 4.64E+14 1.00E+15
 1.00E+00 5.00E+00 1.00E+01 5.00E+01 1.00E+02 5.00E+02 1.00E+03 2.50E+03
 5.00E+03 7.50E+03 1.00E+04
 4.90E-15 1.99E-15 1.26E-15 1.23E-15 2.54E-15 9.84E-16 4.30E-16 1.42E-16
 6.13E-17 3.76E-17 2.65E-17
 4.90E-15 1.99E-15 1.25E-15 1.23E-15 2.54E-15 9.84E-16 4.30E-16 1.42E-16
 6.13E-17 3.76E-17 2.65E-17
 4.89E-15 1.98E-15 1.25E-15 1.23E-15 2.54E-15 9.84E-16 4.30E-16 1.42E-16
 6.13E-17 3.76E-17 2.65E-17
 4.87E-15 1.98E-15 1.25E-15 1.23E-15 2.54E-15 9.84E-16 4.30E-16 1.42E-16
 6.13E-17 3.76E-17 2.65E-17
 4.82E-15 1.96E-15 1.24E-15 1.22E-15 2.54E-15 9.84E-16 4.30E-16 1.42E-16
 6.14E-17 3.76E-17 2.65E-17
 4.70E-15 1.92E-15 1.22E-15 1.21E-15 2.53E-15 9.83E-16 4.30E-16 1.42E-16
 6.14E-17 3.76E-17 2.65E-17
 4.45E-15 1.84E-15 1.18E-15 1.19E-15 2.49E-15 9.78E-16 4.29E-16 1.42E-16
 6.13E-17 3.76E-17 2.65E-17
 4.00E-15 1.68E-15 1.09E-15 1.13E-15 2.38E-15 9.58E-16 4.23E-16 1.41E-16
 6.11E-17 3.75E-17 2.65E-17
 3.43E-15 1.46E-15 9.58E-16 1.02E-15 2.18E-15 9.08E-16 4.06E-16 1.37E-16
 6.01E-17 3.70E-17 2.62E-17
 2.91E-15 1.21E-15 8.02E-16 8.76E-16 1.90E-15 8.20E-16 3.74E-16 1.29E-16
 5.73E-17 3.55E-17 2.53E-17
C-------------------------------------------------------------------------------
C
C  root partition information
C  ==========================
C
C  nuclear charge :  5
C  ion charge+1   :  3
C
C  population calculation information
C  ----------------------------------
C
C  population processing code: ADAS208
C
C  adf04 source file    : /fusion/projects/toolbox/sciortinof/adf04_files/b/b_adf04_rmatrix/adf04.dat.B+2
C  adf18/a17_p208 file  : No projection data included
C
C  meta. ion. coeff. selector  : (1,1)=T    (1,2)=F
C
C  options  : lnorm =T  lpsel =F  lzsel =F  liosel=T
C           : lhsel =T  lrsel =T  lisel =F  lnsel =F
C
C  energy levels
C  -------------
C
C   lv      configuration    (2S+1)L(w-1/2)      energy (cm^-1)
C  ---   ------------------- --------------      --------------
C    1   2S1                    (2)0(  0.5)             0.0
C    2   2P1                    (2)1(  2.5)         48372.0
C    3   3S1                    (2)0(  0.5)        180202.0
C    4   3P1                    (2)1(  2.5)        192957.0
C    5   3D1                    (2)2(  4.5)        196070.0
C    6   4S1                    (2)0(  0.5)        237698.0
C    7   4P1                    (2)1(  2.5)        242831.0
C    8   4D1                    (2)2(  4.5)        244142.0
C    9   4F1                    (2)3(  6.5)        244200.0
C
C
C
C-------------------------------------------------------------------------------
C
C  element symbol   : B
C  charge state :  2
C
C  tabulation       : photon emissivity coefft (te,ne)
C  units            : ph. emis coef(cm^3 s^-1); te (ev); ne (cm^-3)
C
C  photon emissivity atomic transitions
C  ------------------------------------
C  
C   isel  wvlen(A)            transition                type  ispb nspb
C                                                             ispp nspp sz    tg pr wr
C  ----- ---------- ----------------------------------- ----- ---- ---- --    -- -- --
C      1   2067.31    2(2)1(  2.5)-  1(2)0(  0.5)       EXCIT   1    1   2     1  1  1
C      2   2077.71    9(2)3(  6.5)-  5(2)2(  4.5)       EXCIT   1    1   2    30  2  2
C      3   2138.53    7(2)1(  2.5)-  5(2)2(  4.5)       EXCIT   1    1   2    28  5  3
C      4   2235.09    6(2)0(  0.5)-  4(2)1(  2.5)       EXCIT   1    1   2    23  3  4
C      5   7840.06    4(2)1(  2.5)-  3(2)0(  0.5)       EXCIT   1    1   2    16  4  5
C      6   2067.31    2(2)1(  2.5)-  1(2)0(  0.5)       RECOM   1    2   2     1  1  1
C      7   2077.71    9(2)3(  6.5)-  5(2)2(  4.5)       RECOM   1    2   2    30  2  2
C      8   2138.53    7(2)1(  2.5)-  5(2)2(  4.5)       RECOM   1    2   2    28  5  3
C      9   2235.09    6(2)0(  0.5)-  4(2)1(  2.5)       RECOM   1    2   2    23  3  4
C     10   7840.06    4(2)1(  2.5)-  3(2)0(  0.5)       RECOM   1    2   2    16  4  5
C-------------------------------------------------------------------------------
C
C  CODE     : adas208
C  PRODUCER : +Francesco Sciortino
C  DATE     : 20/01/22
C
C-------------------------------------------------------------------------------
