   32    /B : 1 photon emissivity coefficients/
--------------------------------------------------------------------------------
    1    1    1    1    1    1
--------------------------------------------------------------------------------
//#01/p00/ 00/p01/ 01/p02/ 02/p03/ 03/p04/ 04/p05/ 05/                          
--------------------------------------------------------------------------------
  2219.07   10  11 /pl=01:ss= 1:pb= 1:sz= 1/type=EXCIT/ispb = t/isel =    1
 1.00E+12 2.15E+12 4.64E+12 1.00E+13 2.15E+13 4.64E+13 1.00E+14 2.15E+14
 4.64E+14 1.00E+15
 1.00E+00 5.00E+00 1.00E+01 5.00E+01 1.00E+02 5.00E+02 1.00E+03 2.50E+03
 5.00E+03 7.50E+03 1.00E+04
 1.52E-17 1.82E-12 4.66E-12 3.09E-12 1.53E-12 2.18E-13 9.16E-14 2.94E-14
 1.26E-14 7.67E-15 5.42E-15
 1.46E-17 1.74E-12 4.47E-12 2.98E-12 1.48E-12 2.13E-13 8.99E-14 2.89E-14
 1.24E-14 7.57E-15 5.35E-15
 1.35E-17 1.60E-12 4.09E-12 2.77E-12 1.39E-12 2.03E-13 8.63E-14 2.79E-14
 1.20E-14 7.36E-15 5.21E-15
 1.17E-17 1.35E-12 3.46E-12 2.39E-12 1.22E-12 1.85E-13 7.93E-14 2.60E-14
 1.13E-14 6.94E-15 4.93E-15
 9.14E-18 1.02E-12 2.61E-12 1.86E-12 9.70E-13 1.55E-13 6.76E-14 2.27E-14
 9.97E-15 6.18E-15 4.41E-15
 6.26E-18 6.74E-13 1.73E-12 1.27E-12 6.80E-13 1.15E-13 5.15E-14 1.78E-14
 8.00E-15 5.02E-15 3.61E-15
 3.85E-18 4.04E-13 1.03E-12 7.79E-13 4.26E-13 7.60E-14 3.49E-14 1.24E-14
 5.70E-15 3.62E-15 2.63E-15
 2.25E-18 2.33E-13 5.95E-13 4.57E-13 2.53E-13 4.67E-14 2.17E-14 7.90E-15
 3.69E-15 2.36E-15 1.72E-15
 1.36E-18 1.39E-13 3.51E-13 2.72E-13 1.51E-13 2.84E-14 1.33E-14 4.88E-15
 2.29E-15 1.47E-15 1.08E-15
 9.22E-19 9.06E-14 2.22E-13 1.68E-13 9.36E-14 1.78E-14 8.38E-15 3.09E-15
 1.45E-15 9.32E-16 6.82E-16
  2329.43   10  11 /pl=01:ss= 1:pb= 1:sz= 1/type=EXCIT/ispb = t/isel =    2
 1.00E+12 2.15E+12 4.64E+12 1.00E+13 2.15E+13 4.64E+13 1.00E+14 2.15E+14
 4.64E+14 1.00E+15
 1.00E+00 5.00E+00 1.00E+01 5.00E+01 1.00E+02 5.00E+02 1.00E+03 2.50E+03
 5.00E+03 7.50E+03 1.00E+04
 2.25E-18 4.19E-12 1.69E-11 7.76E-11 1.11E-10 1.62E-10 1.76E-10 1.94E-10
 2.07E-10 2.14E-10 2.20E-10
 2.34E-18 4.32E-12 1.75E-11 8.06E-11 1.14E-10 1.63E-10 1.77E-10 1.94E-10
 2.07E-10 2.14E-10 2.20E-10
 2.51E-18 4.55E-12 1.87E-11 8.61E-11 1.20E-10 1.66E-10 1.79E-10 1.95E-10
 2.07E-10 2.14E-10 2.20E-10
 2.79E-18 4.89E-12 2.04E-11 9.49E-11 1.29E-10 1.71E-10 1.82E-10 1.96E-10
 2.08E-10 2.15E-10 2.20E-10
 3.16E-18 5.25E-12 2.23E-11 1.05E-10 1.40E-10 1.78E-10 1.87E-10 1.99E-10
 2.08E-10 2.15E-10 2.19E-10
 3.56E-18 5.49E-12 2.33E-11 1.13E-10 1.49E-10 1.85E-10 1.91E-10 2.00E-10
 2.08E-10 2.14E-10 2.18E-10
 3.90E-18 5.51E-12 2.31E-11 1.15E-10 1.51E-10 1.85E-10 1.91E-10 1.98E-10
 2.05E-10 2.09E-10 2.13E-10
 4.25E-18 5.49E-12 2.24E-11 1.11E-10 1.45E-10 1.78E-10 1.83E-10 1.90E-10
 1.96E-10 2.00E-10 2.03E-10
 4.74E-18 5.67E-12 2.23E-11 1.08E-10 1.40E-10 1.68E-10 1.73E-10 1.78E-10
 1.83E-10 1.86E-10 1.89E-10
 5.46E-18 6.12E-12 2.30E-11 1.08E-10 1.39E-10 1.64E-10 1.67E-10 1.70E-10
 1.73E-10 1.75E-10 1.77E-10
  2393.89   10  11 /pl=01:ss= 1:pb= 1:sz= 1/type=EXCIT/ispb = t/isel =    3
 1.00E+12 2.15E+12 4.64E+12 1.00E+13 2.15E+13 4.64E+13 1.00E+14 2.15E+14
 4.64E+14 1.00E+15
 1.00E+00 5.00E+00 1.00E+01 5.00E+01 1.00E+02 5.00E+02 1.00E+03 2.50E+03
 5.00E+03 7.50E+03 1.00E+04
 6.30E-18 1.11E-11 3.90E-11 3.34E-11 1.74E-11 2.64E-12 1.13E-12 3.67E-13
 1.59E-13 9.73E-14 6.89E-14
 5.42E-18 9.30E-12 3.26E-11 2.88E-11 1.53E-11 2.41E-12 1.04E-12 3.45E-13
 1.50E-13 9.27E-14 6.59E-14
 4.23E-18 6.98E-12 2.45E-11 2.26E-11 1.23E-11 2.05E-12 9.06E-13 3.07E-13
 1.36E-13 8.44E-14 6.03E-14
 3.00E-18 4.73E-12 1.66E-11 1.61E-11 9.00E-12 1.59E-12 7.20E-13 2.51E-13
 1.14E-13 7.15E-14 5.15E-14
 2.01E-18 3.05E-12 1.08E-11 1.08E-11 6.17E-12 1.14E-12 5.26E-13 1.89E-13
 8.70E-14 5.54E-14 4.03E-14
 1.36E-18 2.00E-12 7.15E-12 7.41E-12 4.24E-12 7.96E-13 3.71E-13 1.35E-13
 6.29E-14 4.03E-14 2.95E-14
 9.88E-19 1.42E-12 5.11E-12 5.41E-12 3.08E-12 5.78E-13 2.69E-13 9.77E-14
 4.56E-14 2.93E-14 2.14E-14
 8.08E-19 1.12E-12 4.00E-12 4.24E-12 2.41E-12 4.48E-13 2.08E-13 7.51E-14
 3.49E-14 2.24E-14 1.63E-14
 7.49E-19 9.70E-13 3.34E-12 3.48E-12 1.98E-12 3.68E-13 1.71E-13 6.14E-14
 2.84E-14 1.82E-14 1.32E-14
 7.76E-19 8.93E-13 2.87E-12 2.87E-12 1.63E-12 3.09E-13 1.44E-13 5.22E-14
 2.42E-14 1.55E-14 1.12E-14
  2395.78   10  11 /pl=01:ss= 1:pb= 1:sz= 1/type=EXCIT/ispb = t/isel =    4
 1.00E+12 2.15E+12 4.64E+12 1.00E+13 2.15E+13 4.64E+13 1.00E+14 2.15E+14
 4.64E+14 1.00E+15
 1.00E+00 5.00E+00 1.00E+01 5.00E+01 1.00E+02 5.00E+02 1.00E+03 2.50E+03
 5.00E+03 7.50E+03 1.00E+04
 1.12E-16 1.73E-11 5.32E-11 1.91E-10 2.58E-10 3.42E-10 3.63E-10 3.87E-10
 4.05E-10 4.16E-10 4.24E-10
 1.14E-16 1.73E-11 5.30E-11 1.90E-10 2.57E-10 3.41E-10 3.62E-10 3.86E-10
 4.04E-10 4.16E-10 4.24E-10
 1.17E-16 1.73E-11 5.28E-11 1.88E-10 2.55E-10 3.40E-10 3.61E-10 3.85E-10
 4.04E-10 4.15E-10 4.23E-10
 1.24E-16 1.75E-11 5.25E-11 1.85E-10 2.51E-10 3.37E-10 3.58E-10 3.83E-10
 4.02E-10 4.13E-10 4.22E-10
 1.34E-16 1.77E-11 5.26E-11 1.82E-10 2.46E-10 3.31E-10 3.53E-10 3.79E-10
 3.98E-10 4.10E-10 4.19E-10
 1.47E-16 1.83E-11 5.34E-11 1.80E-10 2.42E-10 3.24E-10 3.46E-10 3.72E-10
 3.92E-10 4.04E-10 4.13E-10
 1.63E-16 1.91E-11 5.55E-11 1.84E-10 2.41E-10 3.15E-10 3.35E-10 3.60E-10
 3.80E-10 3.92E-10 4.01E-10
 1.77E-16 2.00E-11 5.82E-11 1.92E-10 2.44E-10 3.04E-10 3.20E-10 3.42E-10
 3.60E-10 3.72E-10 3.81E-10
 1.86E-16 2.05E-11 6.03E-11 2.02E-10 2.49E-10 2.92E-10 3.02E-10 3.17E-10
 3.31E-10 3.41E-10 3.49E-10
 1.90E-16 2.06E-11 6.06E-11 2.07E-10 2.49E-10 2.77E-10 2.80E-10 2.87E-10
 2.95E-10 3.02E-10 3.07E-10
  2857.47   10  11 /pl=01:ss= 1:pb= 1:sz= 1/type=EXCIT/ispb = t/isel =    5
 1.00E+12 2.15E+12 4.64E+12 1.00E+13 2.15E+13 4.64E+13 1.00E+14 2.15E+14
 4.64E+14 1.00E+15
 1.00E+00 5.00E+00 1.00E+01 5.00E+01 1.00E+02 5.00E+02 1.00E+03 2.50E+03
 5.00E+03 7.50E+03 1.00E+04
 1.27E-18 2.36E-12 9.52E-12 4.38E-11 6.28E-11 9.13E-11 9.95E-11 1.09E-10
 1.16E-10 1.21E-10 1.24E-10
 1.32E-18 2.44E-12 9.89E-12 4.55E-11 6.45E-11 9.21E-11 1.00E-10 1.09E-10
 1.17E-10 1.21E-10 1.24E-10
 1.41E-18 2.56E-12 1.06E-11 4.86E-11 6.75E-11 9.37E-11 1.01E-10 1.10E-10
 1.17E-10 1.21E-10 1.24E-10
 1.57E-18 2.76E-12 1.15E-11 5.35E-11 7.25E-11 9.65E-11 1.03E-10 1.11E-10
 1.17E-10 1.21E-10 1.24E-10
 1.78E-18 2.96E-12 1.26E-11 5.95E-11 7.90E-11 1.00E-10 1.06E-10 1.12E-10
 1.18E-10 1.21E-10 1.24E-10
 2.01E-18 3.09E-12 1.32E-11 6.40E-11 8.42E-11 1.04E-10 1.08E-10 1.13E-10
 1.18E-10 1.21E-10 1.23E-10
 2.20E-18 3.11E-12 1.31E-11 6.46E-11 8.50E-11 1.04E-10 1.08E-10 1.12E-10
 1.16E-10 1.18E-10 1.20E-10
 2.40E-18 3.10E-12 1.26E-11 6.24E-11 8.19E-11 1.00E-10 1.03E-10 1.07E-10
 1.10E-10 1.13E-10 1.14E-10
 2.68E-18 3.20E-12 1.26E-11 6.07E-11 7.87E-11 9.49E-11 9.74E-11 1.00E-10
 1.03E-10 1.05E-10 1.06E-10
 3.08E-18 3.45E-12 1.30E-11 6.12E-11 7.82E-11 9.27E-11 9.44E-11 9.61E-11
 9.77E-11 9.90E-11 1.00E-10
  3180.26   10  11 /pl=01:ss= 1:pb= 1:sz= 1/type=EXCIT/ispb = t/isel =    6
 1.00E+12 2.15E+12 4.64E+12 1.00E+13 2.15E+13 4.64E+13 1.00E+14 2.15E+14
 4.64E+14 1.00E+15
 1.00E+00 5.00E+00 1.00E+01 5.00E+01 1.00E+02 5.00E+02 1.00E+03 2.50E+03
 5.00E+03 7.50E+03 1.00E+04
 3.35E-19 1.03E-12 5.38E-12 4.32E-11 5.92E-11 7.35E-11 7.44E-11 7.40E-11
 7.31E-11 7.24E-11 7.20E-11
 3.49E-19 1.05E-12 5.45E-12 4.31E-11 5.91E-11 7.34E-11 7.43E-11 7.39E-11
 7.31E-11 7.24E-11 7.20E-11
 3.78E-19 1.10E-12 5.58E-12 4.31E-11 5.89E-11 7.32E-11 7.42E-11 7.39E-11
 7.30E-11 7.24E-11 7.20E-11
 4.29E-19 1.18E-12 5.85E-12 4.31E-11 5.87E-11 7.29E-11 7.40E-11 7.38E-11
 7.30E-11 7.25E-11 7.21E-11
 5.15E-19 1.32E-12 6.32E-12 4.33E-11 5.86E-11 7.25E-11 7.36E-11 7.36E-11
 7.30E-11 7.26E-11 7.22E-11
 6.44E-19 1.52E-12 7.06E-12 4.44E-11 5.91E-11 7.23E-11 7.35E-11 7.36E-11
 7.32E-11 7.29E-11 7.26E-11
 8.20E-19 1.80E-12 8.04E-12 4.66E-11 6.11E-11 7.31E-11 7.40E-11 7.42E-11
 7.39E-11 7.37E-11 7.36E-11
 1.04E-18 2.13E-12 9.21E-12 5.00E-11 6.47E-11 7.57E-11 7.62E-11 7.60E-11
 7.58E-11 7.57E-11 7.56E-11
 1.32E-18 2.53E-12 1.05E-11 5.46E-11 7.00E-11 8.08E-11 8.09E-11 8.02E-11
 7.97E-11 7.95E-11 7.93E-11
 1.64E-18 2.98E-12 1.19E-11 5.97E-11 7.61E-11 8.80E-11 8.81E-11 8.73E-11
 8.65E-11 8.61E-11 8.59E-11
  3324.36   10  11 /pl=01:ss= 1:pb= 1:sz= 1/type=EXCIT/ispb = t/isel =    7
 1.00E+12 2.15E+12 4.64E+12 1.00E+13 2.15E+13 4.64E+13 1.00E+14 2.15E+14
 4.64E+14 1.00E+15
 1.00E+00 5.00E+00 1.00E+01 5.00E+01 1.00E+02 5.00E+02 1.00E+03 2.50E+03
 5.00E+03 7.50E+03 1.00E+04
 4.33E-18 1.33E-11 6.15E-11 8.83E-11 5.09E-11 9.35E-12 4.26E-12 1.49E-12
 6.69E-13 4.19E-13 3.01E-13
 4.90E-18 1.45E-11 6.56E-11 9.10E-11 5.22E-11 9.48E-12 4.31E-12 1.50E-12
 6.74E-13 4.22E-13 3.03E-13
 5.79E-18 1.61E-11 7.12E-11 9.48E-11 5.39E-11 9.69E-12 4.39E-12 1.52E-12
 6.83E-13 4.28E-13 3.07E-13
 6.97E-18 1.81E-11 7.74E-11 9.91E-11 5.60E-11 9.97E-12 4.50E-12 1.56E-12
 6.98E-13 4.36E-13 3.13E-13
 8.41E-18 2.01E-11 8.36E-11 1.03E-10 5.79E-11 1.03E-11 4.63E-12 1.60E-12
 7.16E-13 4.47E-13 3.21E-13
 1.00E-17 2.20E-11 8.91E-11 1.06E-10 5.93E-11 1.05E-11 4.72E-12 1.64E-12
 7.34E-13 4.59E-13 3.29E-13
 1.16E-17 2.37E-11 9.33E-11 1.08E-10 6.00E-11 1.06E-11 4.77E-12 1.66E-12
 7.46E-13 4.67E-13 3.36E-13
 1.33E-17 2.50E-11 9.50E-11 1.07E-10 5.96E-11 1.05E-11 4.77E-12 1.66E-12
 7.49E-13 4.71E-13 3.39E-13
 1.52E-17 2.58E-11 9.32E-11 1.02E-10 5.71E-11 1.03E-11 4.69E-12 1.64E-12
 7.44E-13 4.69E-13 3.38E-13
 1.76E-17 2.62E-11 8.74E-11 9.07E-11 5.15E-11 9.63E-12 4.45E-12 1.59E-12
 7.25E-13 4.58E-13 3.31E-13
  3452.32   10  11 /pl=01:ss= 1:pb= 1:sz= 1/type=EXCIT/ispb = t/isel =    8
 1.00E+12 2.15E+12 4.64E+12 1.00E+13 2.15E+13 4.64E+13 1.00E+14 2.15E+14
 4.64E+14 1.00E+15
 1.00E+00 5.00E+00 1.00E+01 5.00E+01 1.00E+02 5.00E+02 1.00E+03 2.50E+03
 5.00E+03 7.50E+03 1.00E+04
 7.33E-13 1.88E-09 3.49E-09 5.34E-09 5.01E-09 3.20E-09 2.55E-09 1.92E-09
 1.59E-09 1.44E-09 1.35E-09
 7.29E-13 1.87E-09 3.49E-09 5.34E-09 5.01E-09 3.21E-09 2.56E-09 1.93E-09
 1.59E-09 1.44E-09 1.35E-09
 7.21E-13 1.86E-09 3.47E-09 5.34E-09 5.02E-09 3.21E-09 2.56E-09 1.93E-09
 1.60E-09 1.45E-09 1.36E-09
 7.05E-13 1.84E-09 3.44E-09 5.34E-09 5.03E-09 3.23E-09 2.58E-09 1.94E-09
 1.60E-09 1.45E-09 1.36E-09
 6.72E-13 1.79E-09 3.38E-09 5.33E-09 5.05E-09 3.26E-09 2.61E-09 1.96E-09
 1.62E-09 1.47E-09 1.38E-09
 6.11E-13 1.70E-09 3.25E-09 5.31E-09 5.07E-09 3.31E-09 2.66E-09 2.01E-09
 1.66E-09 1.50E-09 1.40E-09
 5.17E-13 1.54E-09 3.01E-09 5.23E-09 5.07E-09 3.40E-09 2.74E-09 2.08E-09
 1.72E-09 1.56E-09 1.45E-09
 3.98E-13 1.29E-09 2.63E-09 5.04E-09 5.01E-09 3.51E-09 2.87E-09 2.21E-09
 1.83E-09 1.65E-09 1.55E-09
 2.83E-13 9.99E-10 2.13E-09 4.65E-09 4.79E-09 3.60E-09 3.01E-09 2.36E-09
 1.98E-09 1.79E-09 1.68E-09
 1.94E-13 7.23E-10 1.60E-09 3.96E-09 4.25E-09 3.50E-09 3.02E-09 2.46E-09
 2.10E-09 1.92E-09 1.81E-09
  4123.20   10  11 /pl=01:ss= 1:pb= 1:sz= 1/type=EXCIT/ispb = t/isel =    9
 1.00E+12 2.15E+12 4.64E+12 1.00E+13 2.15E+13 4.64E+13 1.00E+14 2.15E+14
 4.64E+14 1.00E+15
 1.00E+00 5.00E+00 1.00E+01 5.00E+01 1.00E+02 5.00E+02 1.00E+03 2.50E+03
 5.00E+03 7.50E+03 1.00E+04
 2.21E-17 5.33E-11 2.00E-10 1.76E-10 8.67E-11 1.15E-11 4.59E-12 1.37E-12
 5.56E-13 3.29E-13 2.27E-13
 2.33E-17 5.47E-11 2.05E-10 1.79E-10 8.86E-11 1.17E-11 4.68E-12 1.40E-12
 5.65E-13 3.34E-13 2.31E-13
 2.50E-17 5.68E-11 2.12E-10 1.87E-10 9.22E-11 1.21E-11 4.85E-12 1.45E-12
 5.84E-13 3.45E-13 2.38E-13
 2.68E-17 5.91E-11 2.21E-10 1.99E-10 9.86E-11 1.30E-11 5.20E-12 1.55E-12
 6.23E-13 3.68E-13 2.53E-13
 2.82E-17 6.11E-11 2.31E-10 2.16E-10 1.08E-10 1.46E-11 5.84E-12 1.74E-12
 7.00E-13 4.12E-13 2.84E-13
 2.93E-17 6.24E-11 2.38E-10 2.34E-10 1.20E-10 1.69E-11 6.88E-12 2.07E-12
 8.38E-13 4.94E-13 3.40E-13
 3.06E-17 6.33E-11 2.41E-10 2.50E-10 1.32E-10 1.98E-11 8.27E-12 2.56E-12
 1.05E-12 6.26E-13 4.33E-13
 3.26E-17 6.41E-11 2.40E-10 2.57E-10 1.39E-10 2.26E-11 9.71E-12 3.14E-12
 1.33E-12 8.01E-13 5.60E-13
 3.57E-17 6.47E-11 2.33E-10 2.50E-10 1.39E-10 2.41E-11 1.07E-11 3.63E-12
 1.59E-12 9.77E-13 6.92E-13
 4.07E-17 6.50E-11 2.18E-10 2.26E-10 1.28E-10 2.38E-11 1.09E-11 3.85E-12
 1.74E-12 1.09E-12 7.83E-13
  4196.04   10  11 /pl=01:ss= 1:pb= 1:sz= 1/type=EXCIT/ispb = t/isel =   10
 1.00E+12 2.15E+12 4.64E+12 1.00E+13 2.15E+13 4.64E+13 1.00E+14 2.15E+14
 4.64E+14 1.00E+15
 1.00E+00 5.00E+00 1.00E+01 5.00E+01 1.00E+02 5.00E+02 1.00E+03 2.50E+03
 5.00E+03 7.50E+03 1.00E+04
 7.99E-18 1.27E-11 6.43E-11 3.35E-10 3.93E-10 3.43E-10 2.98E-10 2.43E-10
 2.06E-10 1.87E-10 1.74E-10
 7.77E-18 1.22E-11 6.16E-11 3.24E-10 3.82E-10 3.37E-10 2.94E-10 2.40E-10
 2.04E-10 1.86E-10 1.73E-10
 7.34E-18 1.13E-11 5.66E-11 3.02E-10 3.60E-10 3.24E-10 2.85E-10 2.35E-10
 2.01E-10 1.83E-10 1.71E-10
 6.60E-18 9.74E-12 4.85E-11 2.65E-10 3.22E-10 3.02E-10 2.69E-10 2.25E-10
 1.95E-10 1.78E-10 1.67E-10
 5.57E-18 7.74E-12 3.80E-11 2.13E-10 2.66E-10 2.64E-10 2.41E-10 2.07E-10
 1.83E-10 1.69E-10 1.60E-10
 4.46E-18 5.73E-12 2.74E-11 1.56E-10 2.01E-10 2.14E-10 2.02E-10 1.80E-10
 1.64E-10 1.54E-10 1.47E-10
 3.56E-18 4.16E-12 1.90E-11 1.07E-10 1.41E-10 1.61E-10 1.57E-10 1.47E-10
 1.38E-10 1.33E-10 1.29E-10
 3.03E-18 3.19E-12 1.37E-11 7.43E-11 9.83E-11 1.18E-10 1.18E-10 1.15E-10
 1.12E-10 1.10E-10 1.09E-10
 2.87E-18 2.74E-12 1.10E-11 5.56E-11 7.28E-11 8.80E-11 8.93E-11 8.97E-11
 8.96E-11 8.96E-11 8.96E-11
 3.01E-18 2.64E-12 9.87E-12 4.69E-11 6.04E-11 7.21E-11 7.33E-11 7.42E-11
 7.48E-11 7.53E-11 7.57E-11
  4473.87   10  11 /pl=01:ss= 1:pb= 1:sz= 1/type=EXCIT/ispb = t/isel =   11
 1.00E+12 2.15E+12 4.64E+12 1.00E+13 2.15E+13 4.64E+13 1.00E+14 2.15E+14
 4.64E+14 1.00E+15
 1.00E+00 5.00E+00 1.00E+01 5.00E+01 1.00E+02 5.00E+02 1.00E+03 2.50E+03
 5.00E+03 7.50E+03 1.00E+04
 1.63E-17 1.77E-11 5.95E-11 5.69E-11 3.08E-11 4.91E-12 2.11E-12 6.81E-13
 2.90E-13 1.76E-13 1.24E-13
 1.64E-17 1.77E-11 5.95E-11 5.74E-11 3.11E-11 4.96E-12 2.13E-12 6.89E-13
 2.93E-13 1.78E-13 1.25E-13
 1.67E-17 1.76E-11 5.97E-11 5.82E-11 3.16E-11 5.06E-12 2.17E-12 7.05E-13
 3.00E-13 1.82E-13 1.28E-13
 1.72E-17 1.76E-11 6.00E-11 5.94E-11 3.23E-11 5.22E-12 2.25E-12 7.31E-13
 3.12E-13 1.90E-13 1.33E-13
 1.78E-17 1.75E-11 5.96E-11 6.00E-11 3.29E-11 5.40E-12 2.34E-12 7.68E-13
 3.30E-13 2.01E-13 1.42E-13
 1.82E-17 1.68E-11 5.71E-11 5.84E-11 3.25E-11 5.50E-12 2.42E-12 8.06E-13
 3.50E-13 2.15E-13 1.52E-13
 1.78E-17 1.53E-11 5.19E-11 5.37E-11 3.02E-11 5.33E-12 2.39E-12 8.16E-13
 3.61E-13 2.24E-13 1.60E-13
 1.68E-17 1.36E-11 4.52E-11 4.67E-11 2.65E-11 4.85E-12 2.21E-12 7.76E-13
 3.50E-13 2.20E-13 1.58E-13
 1.60E-17 1.21E-11 3.90E-11 3.94E-11 2.24E-11 4.19E-12 1.94E-12 6.95E-13
 3.19E-13 2.02E-13 1.46E-13
 1.63E-17 1.11E-11 3.34E-11 3.22E-11 1.84E-11 3.52E-12 1.65E-12 5.99E-13
 2.78E-13 1.78E-13 1.29E-13
  4785.60   10  11 /pl=01:ss= 1:pb= 1:sz= 1/type=EXCIT/ispb = t/isel =   12
 1.00E+12 2.15E+12 4.64E+12 1.00E+13 2.15E+13 4.64E+13 1.00E+14 2.15E+14
 4.64E+14 1.00E+15
 1.00E+00 5.00E+00 1.00E+01 5.00E+01 1.00E+02 5.00E+02 1.00E+03 2.50E+03
 5.00E+03 7.50E+03 1.00E+04
 2.29E-17 4.05E-11 1.42E-10 1.22E-10 6.33E-11 9.61E-12 4.10E-12 1.34E-12
 5.77E-13 3.54E-13 2.51E-13
 1.97E-17 3.39E-11 1.19E-10 1.05E-10 5.57E-11 8.79E-12 3.80E-12 1.26E-12
 5.47E-13 3.38E-13 2.40E-13
 1.54E-17 2.54E-11 8.91E-11 8.23E-11 4.49E-11 7.48E-12 3.30E-12 1.12E-12
 4.94E-13 3.07E-13 2.20E-13
 1.09E-17 1.72E-11 6.06E-11 5.85E-11 3.28E-11 5.79E-12 2.62E-12 9.15E-13
 4.14E-13 2.60E-13 1.87E-13
 7.31E-18 1.11E-11 3.93E-11 3.95E-11 2.25E-11 4.15E-12 1.91E-12 6.87E-13
 3.17E-13 2.02E-13 1.47E-13
 4.94E-18 7.29E-12 2.60E-11 2.70E-11 1.54E-11 2.90E-12 1.35E-12 4.90E-13
 2.29E-13 1.47E-13 1.07E-13
 3.60E-18 5.18E-12 1.86E-11 1.97E-11 1.12E-11 2.10E-12 9.79E-13 3.56E-13
 1.66E-13 1.07E-13 7.80E-14
 2.94E-18 4.09E-12 1.46E-11 1.54E-11 8.77E-12 1.63E-12 7.57E-13 2.74E-13
 1.27E-13 8.14E-14 5.94E-14
 2.73E-18 3.53E-12 1.22E-11 1.27E-11 7.20E-12 1.34E-12 6.21E-13 2.24E-13
 1.04E-13 6.61E-14 4.82E-14
 2.82E-18 3.25E-12 1.04E-11 1.04E-11 5.94E-12 1.13E-12 5.25E-13 1.90E-13
 8.82E-14 5.63E-14 4.10E-14
  4941.93   10  11 /pl=01:ss= 1:pb= 1:sz= 1/type=EXCIT/ispb = t/isel =   13
 1.00E+12 2.15E+12 4.64E+12 1.00E+13 2.15E+13 4.64E+13 1.00E+14 2.15E+14
 4.64E+14 1.00E+15
 1.00E+00 5.00E+00 1.00E+01 5.00E+01 1.00E+02 5.00E+02 1.00E+03 2.50E+03
 5.00E+03 7.50E+03 1.00E+04
 3.93E-18 8.99E-12 3.59E-11 1.18E-10 1.22E-10 8.04E-11 6.21E-11 4.32E-11
 3.26E-11 2.76E-11 2.45E-11
 4.00E-18 9.05E-12 3.62E-11 1.21E-10 1.25E-10 8.34E-11 6.46E-11 4.51E-11
 3.42E-11 2.90E-11 2.58E-11
 4.11E-18 9.15E-12 3.68E-11 1.26E-10 1.32E-10 8.95E-11 6.99E-11 4.93E-11
 3.76E-11 3.20E-11 2.86E-11
 4.32E-18 9.38E-12 3.80E-11 1.38E-10 1.46E-10 1.02E-10 8.08E-11 5.80E-11
 4.48E-11 3.85E-11 3.46E-11
 4.70E-18 9.84E-12 4.04E-11 1.58E-10 1.72E-10 1.27E-10 1.03E-10 7.58E-11
 5.98E-11 5.20E-11 4.71E-11
 5.34E-18 1.08E-11 4.48E-11 1.91E-10 2.16E-10 1.73E-10 1.44E-10 1.10E-10
 8.95E-11 7.91E-11 7.24E-11
 6.36E-18 1.23E-11 5.16E-11 2.38E-10 2.80E-10 2.46E-10 2.13E-10 1.72E-10
 1.44E-10 1.30E-10 1.21E-10
 7.81E-18 1.45E-11 6.05E-11 2.93E-10 3.56E-10 3.45E-10 3.13E-10 2.67E-10
 2.34E-10 2.16E-10 2.04E-10
 9.69E-18 1.73E-11 7.05E-11 3.49E-10 4.35E-10 4.57E-10 4.33E-10 3.92E-10
 3.59E-10 3.39E-10 3.26E-10
 1.20E-17 2.04E-11 8.07E-11 3.99E-10 5.05E-10 5.65E-10 5.53E-10 5.26E-10
 5.01E-10 4.86E-10 4.75E-10
  6082.36   10  11 /pl=01:ss= 1:pb= 1:sz= 1/type=EXCIT/ispb = t/isel =   14
 1.00E+12 2.15E+12 4.64E+12 1.00E+13 2.15E+13 4.64E+13 1.00E+14 2.15E+14
 4.64E+14 1.00E+15
 1.00E+00 5.00E+00 1.00E+01 5.00E+01 1.00E+02 5.00E+02 1.00E+03 2.50E+03
 5.00E+03 7.50E+03 1.00E+04
 4.03E-17 6.21E-12 1.91E-11 6.87E-11 9.28E-11 1.23E-10 1.30E-10 1.39E-10
 1.45E-10 1.49E-10 1.52E-10
 4.09E-17 6.21E-12 1.90E-11 6.83E-11 9.24E-11 1.23E-10 1.30E-10 1.39E-10
 1.45E-10 1.49E-10 1.52E-10
 4.21E-17 6.23E-12 1.90E-11 6.76E-11 9.16E-11 1.22E-10 1.30E-10 1.38E-10
 1.45E-10 1.49E-10 1.52E-10
 4.44E-17 6.27E-12 1.89E-11 6.65E-11 9.03E-11 1.21E-10 1.29E-10 1.38E-10
 1.44E-10 1.49E-10 1.52E-10
 4.80E-17 6.37E-12 1.89E-11 6.53E-11 8.85E-11 1.19E-10 1.27E-10 1.36E-10
 1.43E-10 1.47E-10 1.50E-10
 5.29E-17 6.56E-12 1.92E-11 6.48E-11 8.70E-11 1.16E-10 1.24E-10 1.34E-10
 1.41E-10 1.45E-10 1.48E-10
 5.85E-17 6.85E-12 1.99E-11 6.60E-11 8.67E-11 1.13E-10 1.20E-10 1.29E-10
 1.36E-10 1.41E-10 1.44E-10
 6.36E-17 7.17E-12 2.09E-11 6.90E-11 8.78E-11 1.09E-10 1.15E-10 1.23E-10
 1.29E-10 1.34E-10 1.37E-10
 6.69E-17 7.37E-12 2.17E-11 7.24E-11 8.94E-11 1.05E-10 1.08E-10 1.14E-10
 1.19E-10 1.23E-10 1.25E-10
 6.81E-17 7.41E-12 2.18E-11 7.42E-11 8.95E-11 9.96E-11 1.01E-10 1.03E-10
 1.06E-10 1.08E-10 1.10E-10
  6287.73   10  11 /pl=01:ss= 1:pb= 1:sz= 1/type=EXCIT/ispb = t/isel =   15
 1.00E+12 2.15E+12 4.64E+12 1.00E+13 2.15E+13 4.64E+13 1.00E+14 2.15E+14
 4.64E+14 1.00E+15
 1.00E+00 5.00E+00 1.00E+01 5.00E+01 1.00E+02 5.00E+02 1.00E+03 2.50E+03
 5.00E+03 7.50E+03 1.00E+04
 8.40E-19 1.57E-12 6.31E-12 2.90E-11 4.16E-11 6.05E-11 6.59E-11 7.24E-11
 7.72E-11 8.00E-11 8.21E-11
 8.74E-19 1.61E-12 6.56E-12 3.01E-11 4.27E-11 6.11E-11 6.63E-11 7.26E-11
 7.73E-11 8.01E-11 8.21E-11
 9.37E-19 1.70E-12 7.00E-12 3.22E-11 4.47E-11 6.21E-11 6.70E-11 7.29E-11
 7.74E-11 8.01E-11 8.21E-11
 1.04E-18 1.83E-12 7.64E-12 3.55E-11 4.81E-11 6.39E-11 6.82E-11 7.34E-11
 7.76E-11 8.02E-11 8.21E-11
 1.18E-18 1.96E-12 8.33E-12 3.94E-11 5.24E-11 6.66E-11 6.99E-11 7.43E-11
 7.79E-11 8.02E-11 8.20E-11
 1.33E-18 2.05E-12 8.72E-12 4.24E-11 5.58E-11 6.90E-11 7.16E-11 7.49E-11
 7.79E-11 7.99E-11 8.14E-11
 1.46E-18 2.06E-12 8.65E-12 4.28E-11 5.64E-11 6.92E-11 7.14E-11 7.41E-11
 7.66E-11 7.83E-11 7.96E-11
 1.59E-18 2.05E-12 8.38E-12 4.14E-11 5.43E-11 6.65E-11 6.85E-11 7.09E-11
 7.31E-11 7.46E-11 7.58E-11
 1.77E-18 2.12E-12 8.32E-12 4.03E-11 5.22E-11 6.29E-11 6.45E-11 6.64E-11
 6.82E-11 6.95E-11 7.05E-11
 2.04E-18 2.29E-12 8.60E-12 4.05E-11 5.18E-11 6.14E-11 6.25E-11 6.37E-11
 6.48E-11 6.56E-11 6.63E-11
  7032.84   10  11 /pl=01:ss= 1:pb= 1:sz= 1/type=EXCIT/ispb = t/isel =   16
 1.00E+12 2.15E+12 4.64E+12 1.00E+13 2.15E+13 4.64E+13 1.00E+14 2.15E+14
 4.64E+14 1.00E+15
 1.00E+00 5.00E+00 1.00E+01 5.00E+01 1.00E+02 5.00E+02 1.00E+03 2.50E+03
 5.00E+03 7.50E+03 1.00E+04
 5.54E-15 6.65E-10 1.70E-09 1.13E-09 5.59E-10 7.97E-11 3.35E-11 1.07E-11
 4.59E-12 2.80E-12 1.98E-12
 5.34E-15 6.37E-10 1.63E-09 1.09E-09 5.42E-10 7.79E-11 3.28E-11 1.06E-11
 4.52E-12 2.77E-12 1.96E-12
 4.95E-15 5.83E-10 1.49E-09 1.01E-09 5.08E-10 7.43E-11 3.15E-11 1.02E-11
 4.39E-12 2.69E-12 1.90E-12
 4.29E-15 4.93E-10 1.27E-09 8.75E-10 4.46E-10 6.75E-11 2.90E-11 9.50E-12
 4.12E-12 2.54E-12 1.80E-12
 3.34E-15 3.72E-10 9.54E-10 6.79E-10 3.55E-10 5.65E-11 2.47E-11 8.28E-12
 3.64E-12 2.26E-12 1.61E-12
 2.29E-15 2.46E-10 6.32E-10 4.64E-10 2.48E-10 4.20E-11 1.88E-11 6.51E-12
 2.92E-12 1.83E-12 1.32E-12
 1.41E-15 1.48E-10 3.78E-10 2.85E-10 1.56E-10 2.78E-11 1.27E-11 4.54E-12
 2.08E-12 1.32E-12 9.60E-13
 8.23E-16 8.50E-11 2.17E-10 1.67E-10 9.23E-11 1.70E-11 7.94E-12 2.89E-12
 1.35E-12 8.63E-13 6.30E-13
 4.98E-16 5.07E-11 1.28E-10 9.92E-11 5.52E-11 1.04E-11 4.86E-12 1.78E-12
 8.37E-13 5.38E-13 3.94E-13
 3.37E-16 3.31E-11 8.10E-11 6.15E-11 3.42E-11 6.49E-12 3.06E-12 1.13E-12
 5.30E-13 3.41E-13 2.49E-13
  2219.07   10  11 /pl=01:ss= 1:pp= 1:sz= 1/type=RECOM/ispp = t/isel =   17
 1.00E+12 2.15E+12 4.64E+12 1.00E+13 2.15E+13 4.64E+13 1.00E+14 2.15E+14
 4.64E+14 1.00E+15
 1.00E+00 5.00E+00 1.00E+01 5.00E+01 1.00E+02 5.00E+02 1.00E+03 2.50E+03
 5.00E+03 7.50E+03 1.00E+04
 3.34E-16 2.73E-16 2.75E-16 8.43E-17 7.06E-17 5.83E-17 5.65E-17 5.57E-17
 5.59E-17 5.63E-17 5.67E-17
 3.23E-16 2.62E-16 2.64E-16 8.12E-17 6.84E-17 5.69E-17 5.54E-17 5.48E-17
 5.51E-17 5.55E-17 5.59E-17
 3.04E-16 2.41E-16 2.42E-16 7.54E-17 6.40E-17 5.42E-17 5.30E-17 5.28E-17
 5.33E-17 5.39E-17 5.43E-17
 2.68E-16 2.05E-16 2.05E-16 6.51E-17 5.62E-17 4.91E-17 4.86E-17 4.90E-17
 4.99E-17 5.06E-17 5.12E-17
 2.15E-16 1.55E-16 1.54E-16 5.04E-17 4.45E-17 4.09E-17 4.12E-17 4.24E-17
 4.38E-17 4.48E-17 4.55E-17
 1.56E-16 1.04E-16 1.02E-16 3.42E-17 3.09E-17 3.01E-17 3.11E-17 3.30E-17
 3.48E-17 3.60E-17 3.68E-17
 1.06E-16 6.32E-17 6.12E-17 2.07E-17 1.91E-17 1.96E-17 2.06E-17 2.26E-17
 2.43E-17 2.55E-17 2.63E-17
 7.41E-17 3.75E-17 3.52E-17 1.19E-17 1.10E-17 1.16E-17 1.24E-17 1.38E-17
 1.51E-17 1.60E-17 1.66E-17
 6.04E-17 2.37E-17 2.10E-17 6.85E-18 6.32E-18 6.66E-18 7.15E-18 8.03E-18
 8.85E-18 9.39E-18 9.80E-18
 6.21E-17 1.74E-17 1.36E-17 4.09E-18 3.73E-18 3.90E-18 4.19E-18 4.69E-18
 5.16E-18 5.47E-18 5.71E-18
  2329.43   10  11 /pl=01:ss= 1:pp= 1:sz= 1/type=RECOM/ispp = t/isel =   18
 1.00E+12 2.15E+12 4.64E+12 1.00E+13 2.15E+13 4.64E+13 1.00E+14 2.15E+14
 4.64E+14 1.00E+15
 1.00E+00 5.00E+00 1.00E+01 5.00E+01 1.00E+02 5.00E+02 1.00E+03 2.50E+03
 5.00E+03 7.50E+03 1.00E+04
 7.93E-15 4.20E-15 2.52E-15 7.26E-16 7.93E-16 1.08E-15 1.24E-15 1.49E-15
 1.71E-15 1.85E-15 1.96E-15
 7.92E-15 4.19E-15 2.52E-15 7.24E-16 7.89E-16 1.07E-15 1.23E-15 1.48E-15
 1.70E-15 1.85E-15 1.96E-15
 7.90E-15 4.17E-15 2.51E-15 7.20E-16 7.80E-16 1.06E-15 1.22E-15 1.47E-15
 1.69E-15 1.83E-15 1.94E-15
 7.85E-15 4.12E-15 2.49E-15 7.10E-16 7.62E-16 1.03E-15 1.19E-15 1.44E-15
 1.66E-15 1.81E-15 1.92E-15
 7.75E-15 4.01E-15 2.43E-15 6.87E-16 7.29E-16 9.87E-16 1.14E-15 1.39E-15
 1.61E-15 1.76E-15 1.87E-15
 7.62E-15 3.83E-15 2.32E-15 6.44E-16 6.73E-16 9.12E-16 1.06E-15 1.30E-15
 1.52E-15 1.66E-15 1.77E-15
 7.55E-15 3.59E-15 2.16E-15 5.79E-16 5.91E-16 8.03E-16 9.43E-16 1.17E-15
 1.38E-15 1.52E-15 1.63E-15
 7.80E-15 3.34E-15 1.98E-15 5.01E-16 4.97E-16 6.73E-16 7.98E-16 1.01E-15
 1.21E-15 1.34E-15 1.44E-15
 8.67E-15 3.19E-15 1.82E-15 4.27E-16 4.09E-16 5.48E-16 6.56E-16 8.43E-16
 1.02E-15 1.15E-15 1.25E-15
 1.02E-14 3.18E-15 1.71E-15 3.61E-16 3.34E-16 4.48E-16 5.43E-16 7.14E-16
 8.84E-16 1.00E-15 1.10E-15
  2393.89   10  11 /pl=01:ss= 1:pp= 1:sz= 1/type=RECOM/ispp = t/isel =   19
 1.00E+12 2.15E+12 4.64E+12 1.00E+13 2.15E+13 4.64E+13 1.00E+14 2.15E+14
 4.64E+14 1.00E+15
 1.00E+00 5.00E+00 1.00E+01 5.00E+01 1.00E+02 5.00E+02 1.00E+03 2.50E+03
 5.00E+03 7.50E+03 1.00E+04
 5.97E-15 3.62E-15 3.18E-15 1.03E-15 8.38E-16 5.61E-16 4.79E-16 3.90E-16
 3.35E-16 3.06E-16 2.88E-16
 5.14E-15 3.04E-15 2.66E-15 8.87E-16 7.35E-16 5.11E-16 4.42E-16 3.66E-16
 3.17E-16 2.92E-16 2.75E-16
 4.03E-15 2.30E-15 2.00E-15 6.92E-16 5.87E-16 4.32E-16 3.81E-16 3.24E-16
 2.86E-16 2.66E-16 2.52E-16
 2.89E-15 1.59E-15 1.37E-15 4.88E-16 4.22E-16 3.29E-16 2.99E-16 2.64E-16
 2.39E-16 2.25E-16 2.16E-16
 2.02E-15 1.06E-15 9.01E-16 3.25E-16 2.82E-16 2.30E-16 2.14E-16 1.96E-16
 1.83E-16 1.75E-16 1.70E-16
 1.49E-15 7.44E-16 6.11E-16 2.18E-16 1.87E-16 1.54E-16 1.46E-16 1.38E-16
 1.32E-16 1.29E-16 1.27E-16
 1.25E-15 5.74E-16 4.51E-16 1.55E-16 1.30E-16 1.07E-16 1.02E-16 9.89E-17
 9.70E-17 9.61E-17 9.54E-17
 1.23E-15 4.94E-16 3.64E-16 1.18E-16 9.68E-17 7.88E-17 7.64E-17 7.52E-17
 7.52E-17 7.55E-17 7.58E-17
 1.38E-15 4.66E-16 3.14E-16 9.39E-17 7.61E-17 6.22E-17 6.09E-17 6.10E-17
 6.20E-17 6.29E-17 6.36E-17
 1.65E-15 4.71E-16 2.82E-16 7.49E-17 6.04E-17 5.10E-17 5.07E-17 5.18E-17
 5.34E-17 5.46E-17 5.56E-17
  2395.78   10  11 /pl=01:ss= 1:pp= 1:sz= 1/type=RECOM/ispp = t/isel =   20
 1.00E+12 2.15E+12 4.64E+12 1.00E+13 2.15E+13 4.64E+13 1.00E+14 2.15E+14
 4.64E+14 1.00E+15
 1.00E+00 5.00E+00 1.00E+01 5.00E+01 1.00E+02 5.00E+02 1.00E+03 2.50E+03
 5.00E+03 7.50E+03 1.00E+04
 1.35E-14 4.09E-15 2.76E-15 8.11E-16 9.74E-16 1.90E-15 2.60E-15 3.94E-15
 5.41E-15 6.51E-15 7.42E-15
 1.35E-14 4.09E-15 2.76E-15 8.10E-16 9.73E-16 1.90E-15 2.60E-15 3.94E-15
 5.41E-15 6.51E-15 7.42E-15
 1.36E-14 4.10E-15 2.76E-15 8.08E-16 9.71E-16 1.90E-15 2.59E-15 3.93E-15
 5.40E-15 6.50E-15 7.41E-15
 1.36E-14 4.11E-15 2.75E-15 8.03E-16 9.66E-16 1.89E-15 2.58E-15 3.92E-15
 5.38E-15 6.48E-15 7.39E-15
 1.37E-14 4.13E-15 2.75E-15 7.94E-16 9.56E-16 1.88E-15 2.56E-15 3.89E-15
 5.34E-15 6.43E-15 7.34E-15
 1.37E-14 4.13E-15 2.74E-15 7.78E-16 9.34E-16 1.84E-15 2.51E-15 3.82E-15
 5.26E-15 6.34E-15 7.24E-15
 1.36E-14 4.10E-15 2.71E-15 7.47E-16 8.89E-16 1.75E-15 2.41E-15 3.68E-15
 5.08E-15 6.14E-15 7.02E-15
 1.34E-14 4.02E-15 2.62E-15 6.91E-16 8.07E-16 1.59E-15 2.20E-15 3.40E-15
 4.73E-15 5.74E-15 6.58E-15
 1.37E-14 3.90E-15 2.47E-15 6.03E-16 6.85E-16 1.35E-15 1.88E-15 2.94E-15
 4.14E-15 5.06E-15 5.83E-15
 1.53E-14 3.86E-15 2.28E-15 4.96E-16 5.41E-16 1.05E-15 1.47E-15 2.33E-15
 3.33E-15 4.09E-15 4.74E-15
  2857.47   10  11 /pl=01:ss= 1:pp= 1:sz= 1/type=RECOM/ispp = t/isel =   21
 1.00E+12 2.15E+12 4.64E+12 1.00E+13 2.15E+13 4.64E+13 1.00E+14 2.15E+14
 4.64E+14 1.00E+15
 1.00E+00 5.00E+00 1.00E+01 5.00E+01 1.00E+02 5.00E+02 1.00E+03 2.50E+03
 5.00E+03 7.50E+03 1.00E+04
 4.47E-15 2.37E-15 1.42E-15 4.10E-16 4.47E-16 6.07E-16 6.97E-16 8.38E-16
 9.63E-16 1.05E-15 1.11E-15
 4.47E-15 2.36E-15 1.42E-15 4.09E-16 4.45E-16 6.04E-16 6.94E-16 8.35E-16
 9.60E-16 1.04E-15 1.10E-15
 4.46E-15 2.35E-15 1.42E-15 4.06E-16 4.40E-16 5.97E-16 6.86E-16 8.27E-16
 9.53E-16 1.03E-15 1.10E-15
 4.43E-15 2.32E-15 1.41E-15 4.00E-16 4.30E-16 5.83E-16 6.72E-16 8.12E-16
 9.37E-16 1.02E-15 1.08E-15
 4.37E-15 2.26E-15 1.37E-15 3.87E-16 4.11E-16 5.57E-16 6.45E-16 7.84E-16
 9.08E-16 9.90E-16 1.05E-15
 4.30E-15 2.16E-15 1.31E-15 3.63E-16 3.79E-16 5.14E-16 5.99E-16 7.35E-16
 8.58E-16 9.38E-16 1.00E-15
 4.26E-15 2.02E-15 1.22E-15 3.26E-16 3.34E-16 4.53E-16 5.32E-16 6.61E-16
 7.80E-16 8.58E-16 9.19E-16
 4.40E-15 1.89E-15 1.11E-15 2.83E-16 2.80E-16 3.80E-16 4.50E-16 5.69E-16
 6.80E-16 7.55E-16 8.13E-16
 4.89E-15 1.80E-15 1.03E-15 2.41E-16 2.30E-16 3.09E-16 3.70E-16 4.76E-16
 5.78E-16 6.48E-16 7.03E-16
 5.76E-15 1.79E-15 9.67E-16 2.04E-16 1.88E-16 2.53E-16 3.06E-16 4.03E-16
 4.99E-16 5.66E-16 6.21E-16
  3180.26   10  11 /pl=01:ss= 1:pp= 1:sz= 1/type=RECOM/ispp = t/isel =   22
 1.00E+12 2.15E+12 4.64E+12 1.00E+13 2.15E+13 4.64E+13 1.00E+14 2.15E+14
 4.64E+14 1.00E+15
 1.00E+00 5.00E+00 1.00E+01 5.00E+01 1.00E+02 5.00E+02 1.00E+03 2.50E+03
 5.00E+03 7.50E+03 1.00E+04
 1.50E-15 9.06E-16 5.06E-16 8.79E-17 7.12E-17 5.11E-17 4.51E-17 3.84E-17
 3.41E-17 3.19E-17 3.03E-17
 1.52E-15 9.21E-16 5.16E-16 9.01E-17 7.27E-17 5.24E-17 4.64E-17 3.98E-17
 3.56E-17 3.33E-17 3.19E-17
 1.56E-15 9.49E-16 5.36E-16 9.46E-17 7.56E-17 5.51E-17 4.92E-17 4.28E-17
 3.87E-17 3.65E-17 3.51E-17
 1.63E-15 1.00E-15 5.72E-16 1.03E-16 8.14E-17 6.05E-17 5.50E-17 4.90E-17
 4.51E-17 4.31E-17 4.18E-17
 1.74E-15 1.08E-15 6.30E-16 1.18E-16 9.18E-17 7.06E-17 6.59E-17 6.09E-17
 5.78E-17 5.62E-17 5.52E-17
 1.93E-15 1.18E-15 7.04E-16 1.39E-16 1.08E-16 8.76E-17 8.47E-17 8.23E-17
 8.11E-17 8.07E-17 8.04E-17
 2.19E-15 1.30E-15 7.80E-16 1.61E-16 1.27E-16 1.11E-16 1.12E-16 1.16E-16
 1.19E-16 1.21E-16 1.23E-16
 2.57E-15 1.40E-15 8.41E-16 1.78E-16 1.44E-16 1.38E-16 1.45E-16 1.59E-16
 1.71E-16 1.79E-16 1.85E-16
 3.10E-15 1.50E-15 8.78E-16 1.85E-16 1.53E-16 1.61E-16 1.77E-16 2.05E-16
 2.31E-16 2.49E-16 2.62E-16
 3.77E-15 1.60E-15 8.93E-16 1.78E-16 1.51E-16 1.74E-16 2.01E-16 2.48E-16
 2.94E-16 3.25E-16 3.49E-16
  3324.36   10  11 /pl=01:ss= 1:pp= 1:sz= 1/type=RECOM/ispp = t/isel =   23
 1.00E+12 2.15E+12 4.64E+12 1.00E+13 2.15E+13 4.64E+13 1.00E+14 2.15E+14
 4.64E+14 1.00E+15
 1.00E+00 5.00E+00 1.00E+01 5.00E+01 1.00E+02 5.00E+02 1.00E+03 2.50E+03
 5.00E+03 7.50E+03 1.00E+04
 1.27E-14 7.08E-15 5.77E-15 2.17E-15 1.68E-15 1.26E-15 1.21E-15 1.18E-15
 1.17E-15 1.17E-15 1.17E-15
 1.33E-14 7.53E-15 6.13E-15 2.25E-15 1.74E-15 1.29E-15 1.23E-15 1.19E-15
 1.18E-15 1.18E-15 1.18E-15
 1.43E-14 8.17E-15 6.62E-15 2.38E-15 1.83E-15 1.34E-15 1.27E-15 1.22E-15
 1.21E-15 1.21E-15 1.20E-15
 1.56E-14 8.98E-15 7.19E-15 2.52E-15 1.94E-15 1.41E-15 1.33E-15 1.27E-15
 1.25E-15 1.25E-15 1.24E-15
 1.73E-14 9.89E-15 7.79E-15 2.65E-15 2.04E-15 1.49E-15 1.40E-15 1.34E-15
 1.31E-15 1.31E-15 1.30E-15
 1.93E-14 1.08E-14 8.36E-15 2.75E-15 2.12E-15 1.55E-15 1.46E-15 1.40E-15
 1.38E-15 1.38E-15 1.38E-15
 2.21E-14 1.17E-14 8.81E-15 2.82E-15 2.17E-15 1.60E-15 1.51E-15 1.46E-15
 1.45E-15 1.46E-15 1.46E-15
 2.64E-14 1.25E-14 9.06E-15 2.79E-15 2.16E-15 1.62E-15 1.54E-15 1.51E-15
 1.51E-15 1.52E-15 1.53E-15
 3.30E-14 1.34E-14 9.03E-15 2.64E-15 2.06E-15 1.60E-15 1.55E-15 1.53E-15
 1.54E-15 1.56E-15 1.58E-15
 4.17E-14 1.44E-14 8.75E-15 2.32E-15 1.84E-15 1.51E-15 1.49E-15 1.51E-15
 1.55E-15 1.58E-15 1.60E-15
  3452.32   10  11 /pl=01:ss= 1:pp= 1:sz= 1/type=RECOM/ispp = t/isel =   24
 1.00E+12 2.15E+12 4.64E+12 1.00E+13 2.15E+13 4.64E+13 1.00E+14 2.15E+14
 4.64E+14 1.00E+15
 1.00E+00 5.00E+00 1.00E+01 5.00E+01 1.00E+02 5.00E+02 1.00E+03 2.50E+03
 5.00E+03 7.50E+03 1.00E+04
 2.31E-13 1.48E-13 9.05E-14 9.04E-15 4.72E-15 3.22E-15 3.80E-15 5.22E-15
 6.83E-15 8.03E-15 9.03E-15
 2.30E-13 1.47E-13 9.02E-14 9.01E-15 4.71E-15 3.21E-15 3.80E-15 5.21E-15
 6.82E-15 8.02E-15 9.02E-15
 2.27E-13 1.46E-13 8.96E-14 8.96E-15 4.69E-15 3.20E-15 3.78E-15 5.19E-15
 6.80E-15 8.00E-15 9.00E-15
 2.21E-13 1.44E-13 8.85E-14 8.87E-15 4.65E-15 3.17E-15 3.75E-15 5.15E-15
 6.75E-15 7.95E-15 8.94E-15
 2.10E-13 1.40E-13 8.62E-14 8.68E-15 4.57E-15 3.12E-15 3.69E-15 5.08E-15
 6.66E-15 7.85E-15 8.84E-15
 1.88E-13 1.32E-13 8.20E-14 8.35E-15 4.44E-15 3.04E-15 3.58E-15 4.94E-15
 6.49E-15 7.66E-15 8.63E-15
 1.55E-13 1.19E-13 7.47E-14 7.79E-15 4.20E-15 2.89E-15 3.40E-15 4.69E-15
 6.18E-15 7.32E-15 8.26E-15
 1.14E-13 9.90E-14 6.33E-14 6.87E-15 3.80E-15 2.66E-15 3.13E-15 4.31E-15
 5.70E-15 6.75E-15 7.64E-15
 7.51E-14 7.56E-14 4.88E-14 5.58E-15 3.21E-15 2.34E-15 2.74E-15 3.78E-15
 5.00E-15 5.94E-15 6.73E-15
 4.74E-14 5.48E-14 3.45E-14 4.11E-15 2.49E-15 1.93E-15 2.27E-15 3.12E-15
 4.14E-15 4.93E-15 5.60E-15
  4123.20   10  11 /pl=01:ss= 1:pp= 1:sz= 1/type=RECOM/ispp = t/isel =   25
 1.00E+12 2.15E+12 4.64E+12 1.00E+13 2.15E+13 4.64E+13 1.00E+14 2.15E+14
 4.64E+14 1.00E+15
 1.00E+00 5.00E+00 1.00E+01 5.00E+01 1.00E+02 5.00E+02 1.00E+03 2.50E+03
 5.00E+03 7.50E+03 1.00E+04
 7.25E-14 4.61E-14 2.73E-14 5.05E-15 2.90E-15 1.22E-15 9.40E-16 6.93E-16
 5.59E-16 4.95E-16 4.55E-16
 7.22E-14 4.57E-14 2.74E-14 5.14E-15 2.98E-15 1.27E-15 9.78E-16 7.22E-16
 5.84E-16 5.18E-16 4.76E-16
 7.09E-14 4.49E-14 2.74E-14 5.32E-15 3.13E-15 1.36E-15 1.06E-15 7.84E-16
 6.36E-16 5.66E-16 5.21E-16
 6.82E-14 4.32E-14 2.72E-14 5.60E-15 3.40E-15 1.54E-15 1.21E-15 9.07E-16
 7.43E-16 6.64E-16 6.14E-16
 6.44E-14 4.05E-14 2.65E-14 5.97E-15 3.79E-15 1.85E-15 1.48E-15 1.14E-15
 9.49E-16 8.56E-16 7.97E-16
 6.14E-14 3.75E-14 2.56E-14 6.38E-15 4.28E-15 2.32E-15 1.91E-15 1.53E-15
 1.31E-15 1.20E-15 1.13E-15
 6.19E-14 3.52E-14 2.47E-14 6.68E-15 4.74E-15 2.88E-15 2.48E-15 2.10E-15
 1.86E-15 1.75E-15 1.67E-15
 6.79E-14 3.42E-14 2.39E-14 6.76E-15 5.02E-15 3.39E-15 3.07E-15 2.75E-15
 2.56E-15 2.46E-15 2.39E-15
 8.04E-14 3.46E-14 2.30E-14 6.47E-15 4.98E-15 3.71E-15 3.50E-15 3.33E-15
 3.24E-15 3.19E-15 3.16E-15
 9.87E-14 3.64E-14 2.20E-14 5.74E-15 4.53E-15 3.71E-15 3.64E-15 3.65E-15
 3.70E-15 3.73E-15 3.76E-15
  4196.04   10  11 /pl=01:ss= 1:pp= 1:sz= 1/type=RECOM/ispp = t/isel =   26
 1.00E+12 2.15E+12 4.64E+12 1.00E+13 2.15E+13 4.64E+13 1.00E+14 2.15E+14
 4.64E+14 1.00E+15
 1.00E+00 5.00E+00 1.00E+01 5.00E+01 1.00E+02 5.00E+02 1.00E+03 2.50E+03
 5.00E+03 7.50E+03 1.00E+04
 3.60E-15 2.08E-15 1.66E-15 4.65E-16 2.75E-16 9.06E-17 6.01E-17 3.86E-17
 3.05E-17 2.78E-17 2.65E-17
 3.61E-15 2.05E-15 1.62E-15 4.57E-16 2.74E-16 9.64E-17 6.67E-17 4.58E-17
 3.80E-17 3.55E-17 3.44E-17
 3.62E-15 2.00E-15 1.55E-15 4.40E-16 2.73E-16 1.08E-16 8.00E-17 6.04E-17
 5.35E-17 5.14E-17 5.07E-17
 3.62E-15 1.91E-15 1.44E-15 4.12E-16 2.70E-16 1.29E-16 1.05E-16 8.84E-17
 8.35E-17 8.28E-17 8.30E-17
 3.62E-15 1.78E-15 1.28E-15 3.68E-16 2.63E-16 1.60E-16 1.44E-16 1.36E-16
 1.36E-16 1.39E-16 1.42E-16
 3.60E-15 1.62E-15 1.10E-15 3.15E-16 2.47E-16 1.94E-16 1.92E-16 2.01E-16
 2.13E-16 2.23E-16 2.32E-16
 3.62E-15 1.46E-15 9.38E-16 2.59E-16 2.20E-16 2.14E-16 2.30E-16 2.62E-16
 2.95E-16 3.18E-16 3.37E-16
 3.79E-15 1.33E-15 8.09E-16 2.09E-16 1.86E-16 2.09E-16 2.38E-16 2.92E-16
 3.46E-16 3.85E-16 4.16E-16
 4.24E-15 1.26E-15 7.18E-16 1.69E-16 1.52E-16 1.86E-16 2.20E-16 2.85E-16
 3.52E-16 4.01E-16 4.42E-16
 5.01E-15 1.24E-15 6.59E-16 1.38E-16 1.23E-16 1.59E-16 1.93E-16 2.59E-16
 3.30E-16 3.83E-16 4.27E-16
  4473.87   10  11 /pl=01:ss= 1:pp= 1:sz= 1/type=RECOM/ispp = t/isel =   27
 1.00E+12 2.15E+12 4.64E+12 1.00E+13 2.15E+13 4.64E+13 1.00E+14 2.15E+14
 4.64E+14 1.00E+15
 1.00E+00 5.00E+00 1.00E+01 5.00E+01 1.00E+02 5.00E+02 1.00E+03 2.50E+03
 5.00E+03 7.50E+03 1.00E+04
 1.53E-14 7.53E-15 5.83E-15 1.86E-15 1.31E-15 7.00E-16 5.74E-16 4.61E-16
 4.01E-16 3.72E-16 3.54E-16
 1.52E-14 7.46E-15 5.80E-15 1.87E-15 1.32E-15 7.16E-16 5.89E-16 4.76E-16
 4.15E-16 3.86E-16 3.68E-16
 1.50E-14 7.37E-15 5.77E-15 1.89E-15 1.34E-15 7.44E-16 6.18E-16 5.05E-16
 4.44E-16 4.15E-16 3.96E-16
 1.49E-14 7.25E-15 5.72E-15 1.90E-15 1.37E-15 7.91E-16 6.68E-16 5.57E-16
 4.97E-16 4.68E-16 4.50E-16
 1.49E-14 7.07E-15 5.59E-15 1.89E-15 1.40E-15 8.53E-16 7.39E-16 6.37E-16
 5.82E-16 5.56E-16 5.39E-16
 1.51E-14 6.74E-15 5.27E-15 1.80E-15 1.37E-15 9.03E-16 8.10E-16 7.30E-16
 6.90E-16 6.71E-16 6.60E-16
 1.59E-14 6.28E-15 4.75E-15 1.61E-15 1.25E-15 8.97E-16 8.36E-16 7.93E-16
 7.78E-16 7.74E-16 7.72E-16
 1.77E-14 5.82E-15 4.17E-15 1.35E-15 1.07E-15 8.20E-16 7.89E-16 7.82E-16
 7.94E-16 8.06E-16 8.16E-16
 2.14E-14 5.57E-15 3.65E-15 1.09E-15 8.72E-16 7.03E-16 6.92E-16 7.07E-16
 7.35E-16 7.56E-16 7.74E-16
 2.69E-14 5.62E-15 3.25E-15 8.57E-16 6.88E-16 5.81E-16 5.84E-16 6.10E-16
 6.43E-16 6.67E-16 6.86E-16
  4785.60   10  11 /pl=01:ss= 1:pp= 1:sz= 1/type=RECOM/ispp = t/isel =   28
 1.00E+12 2.15E+12 4.64E+12 1.00E+13 2.15E+13 4.64E+13 1.00E+14 2.15E+14
 4.64E+14 1.00E+15
 1.00E+00 5.00E+00 1.00E+01 5.00E+01 1.00E+02 5.00E+02 1.00E+03 2.50E+03
 5.00E+03 7.50E+03 1.00E+04
 2.17E-14 1.32E-14 1.16E-14 3.75E-15 3.05E-15 2.04E-15 1.74E-15 1.42E-15
 1.22E-15 1.11E-15 1.05E-15
 1.87E-14 1.11E-14 9.68E-15 3.23E-15 2.68E-15 1.86E-15 1.61E-15 1.33E-15
 1.15E-15 1.06E-15 1.00E-15
 1.47E-14 8.38E-15 7.30E-15 2.52E-15 2.14E-15 1.57E-15 1.39E-15 1.18E-15
 1.04E-15 9.67E-16 9.17E-16
 1.05E-14 5.79E-15 4.99E-15 1.78E-15 1.54E-15 1.20E-15 1.09E-15 9.60E-16
 8.70E-16 8.19E-16 7.85E-16
 7.34E-15 3.87E-15 3.28E-15 1.18E-15 1.03E-15 8.36E-16 7.80E-16 7.13E-16
 6.65E-16 6.38E-16 6.19E-16
 5.41E-15 2.71E-15 2.23E-15 7.92E-16 6.80E-16 5.61E-16 5.33E-16 5.03E-16
 4.82E-16 4.70E-16 4.62E-16
 4.55E-15 2.09E-15 1.64E-15 5.63E-16 4.73E-16 3.88E-16 3.73E-16 3.60E-16
 3.53E-16 3.50E-16 3.47E-16
 4.48E-15 1.80E-15 1.33E-15 4.29E-16 3.52E-16 2.87E-16 2.78E-16 2.74E-16
 2.74E-16 2.75E-16 2.76E-16
 5.03E-15 1.70E-15 1.15E-15 3.42E-16 2.77E-16 2.27E-16 2.22E-16 2.22E-16
 2.26E-16 2.29E-16 2.32E-16
 6.03E-15 1.71E-15 1.03E-15 2.73E-16 2.20E-16 1.86E-16 1.84E-16 1.89E-16
 1.94E-16 1.99E-16 2.03E-16
  4941.93   10  11 /pl=01:ss= 1:pp= 1:sz= 1/type=RECOM/ispp = t/isel =   29
 1.00E+12 2.15E+12 4.64E+12 1.00E+13 2.15E+13 4.64E+13 1.00E+14 2.15E+14
 4.64E+14 1.00E+15
 1.00E+00 5.00E+00 1.00E+01 5.00E+01 1.00E+02 5.00E+02 1.00E+03 2.50E+03
 5.00E+03 7.50E+03 1.00E+04
 1.45E-14 9.62E-15 6.23E-15 1.28E-15 5.44E-16 7.67E-17 3.39E-17 1.23E-17
 6.38E-18 4.67E-18 3.90E-18
 1.45E-14 9.58E-15 6.19E-15 1.27E-15 5.45E-16 7.98E-17 3.67E-17 1.48E-17
 8.78E-18 7.06E-18 6.30E-18
 1.45E-14 9.49E-15 6.12E-15 1.26E-15 5.47E-16 8.65E-17 4.29E-17 2.04E-17
 1.41E-17 1.23E-17 1.16E-17
 1.45E-14 9.34E-15 5.99E-15 1.23E-15 5.54E-16 1.02E-16 5.67E-17 3.28E-17
 2.59E-17 2.40E-17 2.33E-17
 1.47E-14 9.20E-15 5.84E-15 1.20E-15 5.72E-16 1.35E-16 8.82E-17 6.13E-17
 5.31E-17 5.09E-17 5.02E-17
 1.54E-14 9.16E-15 5.73E-15 1.18E-15 6.19E-16 2.09E-16 1.59E-16 1.27E-16
 1.17E-16 1.14E-16 1.13E-16
 1.68E-14 9.36E-15 5.75E-15 1.19E-15 7.11E-16 3.54E-16 3.06E-16 2.74E-16
 2.63E-16 2.61E-16 2.62E-16
 1.92E-14 9.76E-15 5.87E-15 1.22E-15 8.34E-16 5.80E-16 5.57E-16 5.53E-16
 5.63E-16 5.73E-16 5.83E-16
 2.28E-14 1.03E-14 5.99E-15 1.23E-15 9.35E-16 8.38E-16 8.81E-16 9.70E-16
 1.06E-15 1.12E-15 1.17E-15
 2.76E-14 1.09E-14 6.05E-15 1.19E-15 9.61E-16 1.04E-15 1.18E-15 1.43E-15
 1.68E-15 1.85E-15 1.98E-15
  6082.36   10  11 /pl=01:ss= 1:pp= 1:sz= 1/type=RECOM/ispp = t/isel =   30
 1.00E+12 2.15E+12 4.64E+12 1.00E+13 2.15E+13 4.64E+13 1.00E+14 2.15E+14
 4.64E+14 1.00E+15
 1.00E+00 5.00E+00 1.00E+01 5.00E+01 1.00E+02 5.00E+02 1.00E+03 2.50E+03
 5.00E+03 7.50E+03 1.00E+04
 4.86E-15 1.47E-15 9.90E-16 2.91E-16 3.50E-16 6.84E-16 9.34E-16 1.42E-15
 1.94E-15 2.34E-15 2.67E-15
 4.86E-15 1.47E-15 9.90E-16 2.91E-16 3.50E-16 6.84E-16 9.33E-16 1.42E-15
 1.94E-15 2.34E-15 2.67E-15
 4.88E-15 1.47E-15 9.90E-16 2.90E-16 3.49E-16 6.83E-16 9.32E-16 1.41E-15
 1.94E-15 2.33E-15 2.66E-15
 4.90E-15 1.48E-15 9.89E-16 2.88E-16 3.47E-16 6.80E-16 9.29E-16 1.41E-15
 1.93E-15 2.33E-15 2.65E-15
 4.92E-15 1.48E-15 9.88E-16 2.85E-16 3.44E-16 6.74E-16 9.21E-16 1.40E-15
 1.92E-15 2.31E-15 2.64E-15
 4.92E-15 1.48E-15 9.85E-16 2.79E-16 3.36E-16 6.59E-16 9.03E-16 1.37E-15
 1.89E-15 2.28E-15 2.60E-15
 4.88E-15 1.47E-15 9.73E-16 2.68E-16 3.19E-16 6.29E-16 8.64E-16 1.32E-15
 1.83E-15 2.21E-15 2.52E-15
 4.83E-15 1.44E-15 9.43E-16 2.48E-16 2.90E-16 5.72E-16 7.91E-16 1.22E-15
 1.70E-15 2.06E-15 2.36E-15
 4.92E-15 1.40E-15 8.87E-16 2.17E-16 2.46E-16 4.84E-16 6.75E-16 1.06E-15
 1.49E-15 1.82E-15 2.09E-15
 5.50E-15 1.39E-15 8.18E-16 1.78E-16 1.94E-16 3.75E-16 5.28E-16 8.38E-16
 1.19E-15 1.47E-15 1.70E-15
  6287.73   10  11 /pl=01:ss= 1:pp= 1:sz= 1/type=RECOM/ispp = t/isel =   31
 1.00E+12 2.15E+12 4.64E+12 1.00E+13 2.15E+13 4.64E+13 1.00E+14 2.15E+14
 4.64E+14 1.00E+15
 1.00E+00 5.00E+00 1.00E+01 5.00E+01 1.00E+02 5.00E+02 1.00E+03 2.50E+03
 5.00E+03 7.50E+03 1.00E+04
 2.96E-15 1.57E-15 9.43E-16 2.72E-16 2.96E-16 4.02E-16 4.62E-16 5.55E-16
 6.38E-16 6.93E-16 7.34E-16
 2.96E-15 1.57E-15 9.42E-16 2.71E-16 2.95E-16 4.00E-16 4.60E-16 5.53E-16
 6.36E-16 6.90E-16 7.32E-16
 2.95E-15 1.56E-15 9.40E-16 2.69E-16 2.92E-16 3.95E-16 4.55E-16 5.48E-16
 6.31E-16 6.86E-16 7.27E-16
 2.93E-15 1.54E-15 9.31E-16 2.65E-16 2.85E-16 3.86E-16 4.45E-16 5.38E-16
 6.21E-16 6.76E-16 7.17E-16
 2.90E-15 1.50E-15 9.10E-16 2.57E-16 2.72E-16 3.69E-16 4.27E-16 5.19E-16
 6.02E-16 6.56E-16 6.97E-16
 2.85E-15 1.43E-15 8.68E-16 2.41E-16 2.51E-16 3.41E-16 3.97E-16 4.87E-16
 5.68E-16 6.22E-16 6.63E-16
 2.82E-15 1.34E-15 8.06E-16 2.16E-16 2.21E-16 3.00E-16 3.53E-16 4.38E-16
 5.17E-16 5.69E-16 6.09E-16
 2.92E-15 1.25E-15 7.38E-16 1.87E-16 1.86E-16 2.52E-16 2.98E-16 3.77E-16
 4.51E-16 5.00E-16 5.38E-16
 3.24E-15 1.19E-15 6.82E-16 1.60E-16 1.53E-16 2.05E-16 2.45E-16 3.15E-16
 3.83E-16 4.29E-16 4.66E-16
 3.81E-15 1.19E-15 6.41E-16 1.35E-16 1.25E-16 1.67E-16 2.03E-16 2.67E-16
 3.30E-16 3.75E-16 4.11E-16
  7032.84   10  11 /pl=01:ss= 1:pp= 1:sz= 1/type=RECOM/ispp = t/isel =   32
 1.00E+12 2.15E+12 4.64E+12 1.00E+13 2.15E+13 4.64E+13 1.00E+14 2.15E+14
 4.64E+14 1.00E+15
 1.00E+00 5.00E+00 1.00E+01 5.00E+01 1.00E+02 5.00E+02 1.00E+03 2.50E+03
 5.00E+03 7.50E+03 1.00E+04
 1.22E-13 9.97E-14 1.00E-13 3.08E-14 2.58E-14 2.13E-14 2.06E-14 2.04E-14
 2.04E-14 2.06E-14 2.07E-14
 1.18E-13 9.56E-14 9.63E-14 2.97E-14 2.50E-14 2.08E-14 2.02E-14 2.00E-14
 2.01E-14 2.03E-14 2.04E-14
 1.11E-13 8.79E-14 8.83E-14 2.75E-14 2.34E-14 1.98E-14 1.94E-14 1.93E-14
 1.95E-14 1.97E-14 1.98E-14
 9.78E-14 7.48E-14 7.48E-14 2.38E-14 2.05E-14 1.80E-14 1.78E-14 1.79E-14
 1.82E-14 1.85E-14 1.87E-14
 7.86E-14 5.68E-14 5.64E-14 1.84E-14 1.62E-14 1.49E-14 1.51E-14 1.55E-14
 1.60E-14 1.64E-14 1.66E-14
 5.69E-14 3.80E-14 3.74E-14 1.25E-14 1.13E-14 1.10E-14 1.14E-14 1.21E-14
 1.27E-14 1.31E-14 1.35E-14
 3.86E-14 2.31E-14 2.24E-14 7.57E-15 6.97E-15 7.14E-15 7.54E-15 8.25E-15
 8.89E-15 9.30E-15 9.61E-15
 2.71E-14 1.37E-14 1.29E-14 4.35E-15 4.03E-15 4.23E-15 4.53E-15 5.05E-15
 5.53E-15 5.85E-15 6.08E-15
 2.21E-14 8.67E-15 7.65E-15 2.50E-15 2.31E-15 2.43E-15 2.61E-15 2.93E-15
 3.23E-15 3.43E-15 3.58E-15
 2.27E-14 6.37E-15 4.95E-15 1.49E-15 1.36E-15 1.43E-15 1.53E-15 1.71E-15
 1.89E-15 2.00E-15 2.09E-15
C-------------------------------------------------------------------------------
C
C  root partition information
C  ==========================
C
C  nuclear charge :  5
C  ion charge+1   :  2
C
C  population calculation information
C  ----------------------------------
C
C  population processing code: ADAS208
C
C  adf04 source file    : /fusion/projects/toolbox/sciortinof/adf04_files/b/b_adf04_rmatrix/adf04.dat.B+
C  adf18/a17_p208 file  : No projection data included
C
C  meta. ion. coeff. selector  : (1,1)=T
C
C  options  : lnorm =T  lpsel =F  lzsel =F  liosel=T
C           : lhsel =T  lrsel =T  lisel =F  lnsel =F
C
C  energy levels
C  -------------
C
C   lv      configuration    (2S+1)L(w-1/2)      energy (cm^-1)
C  ---   ------------------- --------------      --------------
C    1   1s2 2s2                (1)0(  0.0)             0.0
C    2   1s2 2s1 2p1            (3)1(  4.0)         37344.0
C    3   1s2 2s1 2p1            (1)1(  1.0)         73397.0
C    4   1s2 2p2                (3)1(  4.0)         98928.0
C    5   1s2 2p2                (1)2(  2.0)        102363.0
C    6   1s2 2p2                (1)0(  0.0)        127662.0
C    7   1s2 2s1 3s1            (3)0(  1.0)        129773.0
C    8   1s2 2s1 3s1            (1)0(  0.0)        135595.0
C    9   1s2 2s1 3p1            (3)1(  4.0)        143992.0
C   10   1s2 2s1 3p1            (1)1(  1.0)        144103.0
C   11   1s2 2s1 3d1            (3)2(  7.0)        150650.0
C   12   1s2 2s1 3d1            (1)2(  2.0)        154687.0
C   13   1s2 2s1 4s1            (3)0(  1.0)        166344.0
C   14   1s2 2s1 4s1            (1)0(  0.0)        167935.0
C   15   1s2 2s1 4p1            (1)1(  1.0)        170591.0
C   16   1s2 2s1 4p1            (3)1(  4.0)        171546.0
C   17   1s2 2s1 4d1            (3)2(  7.0)        174073.0
C   18   1s2 2s1 4f1            (3)3( 10.0)        174903.0
C   19   1s2 2s1 4f1            (1)3(  3.0)        174922.0
C   20   1s2 2s1 4d1            (1)2(  2.0)        175547.0
C
C
C
C-------------------------------------------------------------------------------
C
C  element symbol   : B
C  charge state :  1
C
C  tabulation       : photon emissivity coefft (te,ne)
C  units            : ph. emis coef(cm^3 s^-1); te (ev); ne (cm^-3)
C
C  photon emissivity atomic transitions
C  ------------------------------------
C  
C   isel  wvlen(A)            transition                type  ispb nspb
C                                                             ispp nspp sz    tg pr wr
C  ----- ---------- ----------------------------------- ----- ---- ---- --    -- -- --
C      1   2219.07    9(3)1(  4.0)-  4(3)1(  4.0)       EXCIT   1    1   1    59 16  1
C      2   2329.43   15(1)1(  1.0)-  6(1)0(  0.0)       EXCIT   1    1   1    94  7  2
C      3   2393.89   16(3)1(  4.0)-  7(3)0(  1.0)       EXCIT   1    1   1   108 13  3
C      4   2395.78   10(1)1(  1.0)-  5(1)2(  2.0)       EXCIT   1    1   1    75  5  4
C      5   2857.47   15(1)1(  1.0)-  8(1)0(  0.0)       EXCIT   1    1   1   119 12  5
C      6   3180.26   20(1)2(  2.0)- 10(1)1(  1.0)       EXCIT   1    1   1   145 15  6
C      7   3324.36   17(3)2(  7.0)-  9(3)1(  4.0)       EXCIT   1    1   1   132 10  7
C      8   3452.32    5(1)2(  2.0)-  3(1)1(  1.0)       EXCIT   1    1   1    39  1  8
C      9   4123.20   18(3)3( 10.0)- 11(3)2(  7.0)       EXCIT   1    1   1   152  3  9
C     10   4196.04   14(1)0(  0.0)- 10(1)1(  1.0)       EXCIT   1    1   1   139  4 10
C     11   4473.87   13(3)0(  1.0)-  9(3)1(  4.0)       EXCIT   1    1   1   128 11 11
C     12   4785.60   16(3)1(  4.0)- 11(3)2(  7.0)       EXCIT   1    1   1   150  6 12
C     13   4941.93   19(1)3(  3.0)- 12(1)2(  2.0)       EXCIT   1    1   1   161  9 13
C     14   6082.36   10(1)1(  1.0)-  6(1)0(  0.0)       EXCIT   1    1   1    89  8 14
C     15   6287.73   15(1)1(  1.0)- 12(1)2(  2.0)       EXCIT   1    1   1   157 14 15
C     16   7032.84    9(3)1(  4.0)-  7(3)0(  1.0)       EXCIT   1    1   1   101  2 16
C     17   2219.07    9(3)1(  4.0)-  4(3)1(  4.0)       RECOM   1    1   1    59 16  1
C     18   2329.43   15(1)1(  1.0)-  6(1)0(  0.0)       RECOM   1    1   1    94  7  2
C     19   2393.89   16(3)1(  4.0)-  7(3)0(  1.0)       RECOM   1    1   1   108 13  3
C     20   2395.78   10(1)1(  1.0)-  5(1)2(  2.0)       RECOM   1    1   1    75  5  4
C     21   2857.47   15(1)1(  1.0)-  8(1)0(  0.0)       RECOM   1    1   1   119 12  5
C     22   3180.26   20(1)2(  2.0)- 10(1)1(  1.0)       RECOM   1    1   1   145 15  6
C     23   3324.36   17(3)2(  7.0)-  9(3)1(  4.0)       RECOM   1    1   1   132 10  7
C     24   3452.32    5(1)2(  2.0)-  3(1)1(  1.0)       RECOM   1    1   1    39  1  8
C     25   4123.20   18(3)3( 10.0)- 11(3)2(  7.0)       RECOM   1    1   1   152  3  9
C     26   4196.04   14(1)0(  0.0)- 10(1)1(  1.0)       RECOM   1    1   1   139  4 10
C     27   4473.87   13(3)0(  1.0)-  9(3)1(  4.0)       RECOM   1    1   1   128 11 11
C     28   4785.60   16(3)1(  4.0)- 11(3)2(  7.0)       RECOM   1    1   1   150  6 12
C     29   4941.93   19(1)3(  3.0)- 12(1)2(  2.0)       RECOM   1    1   1   161  9 13
C     30   6082.36   10(1)1(  1.0)-  6(1)0(  0.0)       RECOM   1    1   1    89  8 14
C     31   6287.73   15(1)1(  1.0)- 12(1)2(  2.0)       RECOM   1    1   1   157 14 15
C     32   7032.84    9(3)1(  4.0)-  7(3)0(  1.0)       RECOM   1    1   1   101  2 16
C-------------------------------------------------------------------------------
C
C  CODE     : adas208
C  PRODUCER : +Francesco Sciortino
C  DATE     : 20/01/22
C
C-------------------------------------------------------------------------------
