   EFITD   11/04   /2008110030501075.0msANALYSIS   0  33  33
 0.699999988E+00 0.139999998E+01 0.660000026E+00 0.400000006E+00 0.000000000E+00
 0.695792441E+00-0.746069640E-02 0.105026461E+00 0.236783749E-01-0.546444857E+01
-0.639139232E+06 0.105026461E+00 0.000000000E+00 0.695792441E+00 0.000000000E+00
-0.746069640E-02 0.000000000E+00 0.236783749E-01 0.000000000E+00 0.000000000E+00
-0.365649888E+01-0.365170417E+01-0.364723293E+01-0.364307425E+01-0.363921724E+01
-0.363565074E+01-0.363236366E+01-0.362934451E+01-0.362658201E+01-0.362406473E+01
-0.362178086E+01-0.361971902E+01-0.361786722E+01-0.361621373E+01-0.361474680E+01
-0.361345464E+01-0.361232501E+01-0.361134618E+01-0.361050606E+01-0.360979247E+01
-0.360919350E+01-0.360869718E+01-0.360829109E+01-0.360796338E+01-0.360770196E+01
-0.360749435E+01-0.360732895E+01-0.360719323E+01-0.360707498E+01-0.360696244E+01
-0.360684323E+01-0.360670525E+01-0.360653621E+01
 0.247951823E+06 0.232706839E+06 0.217945491E+06 0.203667797E+06 0.189873750E+06
 0.176563333E+06 0.163736572E+06 0.151393456E+06 0.139533984E+06 0.128158155E+06
 0.117265971E+06 0.106857431E+06 0.969325357E+05 0.874912854E+05 0.785336777E+05
 0.700597145E+05 0.620693999E+05 0.545627261E+05 0.475396988E+05 0.410003162E+05
 0.349445772E+05 0.293724848E+05 0.242840361E+05 0.196792315E+05 0.155580714E+05
 0.119205563E+05 0.876668528E+04 0.609645959E+04 0.390987857E+04 0.220694194E+04
 0.987650022E+03 0.252002683E+03 0.000000000E+00
 0.713075653E+01 0.664913389E+01 0.618474440E+01 0.573758886E+01 0.530766685E+01
 0.489497842E+01 0.449952351E+01 0.412130207E+01 0.376031472E+01 0.341656058E+01
 0.309004022E+01 0.278075340E+01 0.248870015E+01 0.221388044E+01 0.195629440E+01
 0.171594189E+01 0.149282312E+01 0.128693786E+01 0.109828625E+01 0.926868173E+00
 0.772683741E+00 0.635732898E+00 0.516015646E+00 0.413532012E+00 0.328281961E+00
 0.260265522E+00 0.209482684E+00 0.175933443E+00 0.159617806E+00 0.160535764E+00
 0.178687321E+00 0.214072471E+00 0.266691238E+00
 0.609417900E+07 0.590386543E+07 0.571355137E+07 0.552323780E+07 0.533292424E+07
 0.514261055E+07 0.495229661E+07 0.476198304E+07 0.457166936E+07 0.438135545E+07
 0.419104187E+07 0.400072824E+07 0.381041450E+07 0.362010069E+07 0.342978706E+07
 0.323947331E+07 0.304915949E+07 0.285884594E+07 0.266853213E+07 0.247821851E+07
 0.228790475E+07 0.209759094E+07 0.190727735E+07 0.171696356E+07 0.152664988E+07
 0.133633619E+07 0.114602247E+07 0.955708741E+06 0.765395059E+06 0.575081312E+06
 0.384767617E+06 0.194453905E+06 0.414019128E+04
 3.408639477e-02 3.813003566e-02 4.167558386e-02 4.423965976e-02 4.542441996e-02
 4.506184187e-02 4.327021916e-02 4.038480295e-02 3.677758098e-02 3.273345692e-02
 2.844072613e-02 2.401627842e-02 1.952775702e-02 1.501180397e-02 1.048770701e-02
 5.965636890e-03 1.450048054e-03-3.061443247e-03-7.584236475e-03-1.215801067e-02
-1.685653685e-02-2.177468786e-02-2.697795018e-02-3.244753336e-02-3.805947995e-02
-4.360800797e-02-4.886911393e-02-5.366029778e-02-5.786201491e-02-6.141520732e-02
-6.431307466e-02-6.659269090e-02-6.831574880e-02 3.954979824e-02 4.635094076e-02
 5.320816104e-02 5.813878051e-02 6.002383109e-02 5.846728730e-02 5.379755974e-02
 4.793090578e-02 4.202535876e-02 3.632894106e-02 3.083992640e-02 2.551455914e-02
 2.031089389e-02 1.519575025e-02 1.014746611e-02 5.157149084e-03 2.293226134e-04
-4.618699037e-03-9.362132594e-03-1.399267172e-02-1.862453647e-02-2.373667605e-02
-2.975827664e-02-3.673554306e-02-4.442585225e-02-5.211645001e-02-5.914543350e-02
-6.523059496e-02-7.024915093e-02-7.417207844e-02-7.704854581e-02-7.900959758e-02
-8.024526094e-02 4.299115901e-02 5.317568443e-02 6.584706823e-02 7.393600818e-02
 7.695827988e-02 7.401182299e-02 6.364736938e-02 5.366974258e-02 4.539502292e-02
 3.826400821e-02 3.183235686e-02 2.582765414e-02 2.008092678e-02 1.448506734e-02
 8.975820099e-03 3.523747400e-03-1.866120983e-03-7.146998309e-03-1.221204677e-02
-1.685696498e-02-2.078126879e-02-2.558472036e-02-3.251951132e-02-4.175964889e-02
-5.323064153e-02-6.446527079e-02-7.398690920e-02-8.170730081e-02-8.753711690e-02
-9.149719671e-02-9.377427982e-02-9.471113385e-02-9.469514997e-02 4.001777495e-02
 4.984658648e-02 6.364371676e-02 7.024317040e-02 7.383709526e-02 7.383003570e-02
 6.069542944e-02 5.139802273e-02 4.359788548e-02 3.672847092e-02 3.041425864e-02
 2.441627683e-02 1.857387159e-02 1.277687122e-02 6.951137875e-03 1.052162319e-03
-4.935152472e-03-1.099019923e-02-1.704074023e-02-2.292675366e-02-2.830873729e-02
-3.483739776e-02-4.363322927e-02-5.545558396e-02-7.003957996e-02-8.436274306e-02
-9.678556486e-02-1.065734200e-01-1.130367943e-01-1.160383104e-01-1.161340145e-01
-1.143447606e-01-1.116493804e-01 3.154705433e-02 3.798547542e-02 4.404902294e-02
 4.854468240e-02 5.060937880e-02 4.992274901e-02 4.690891667e-02 4.242386481e-02
 3.739891126e-02 3.223988824e-02 2.700299495e-02 2.166645936e-02 1.618145375e-02
 1.049167555e-02 4.540580063e-03-1.726431692e-03-8.362222092e-03-1.542031202e-02
-2.296251855e-02-3.108590801e-02-4.002767972e-02-5.030038686e-02-6.244431160e-02
-7.677685731e-02-9.339743702e-02-1.120026612e-01-1.313783648e-01-1.465667341e-01
-1.540678403e-01-1.532643914e-01-1.456443582e-01-1.369028486e-01-1.293465326e-01
 2.290788975e-02 2.743099277e-02 3.132883550e-02 3.427835953e-02 3.600841879e-02
 3.639559191e-02 3.549662446e-02 3.350719470e-02 3.067278532e-02 2.719918366e-02
 2.321163341e-02 1.876671956e-02 1.387442312e-02 8.513920329e-03 2.642185376e-03
-3.803136897e-03-1.090547479e-02-1.877510711e-02-2.755738096e-02-3.743528030e-02
-4.857513196e-02-6.111902845e-02-7.531027500e-02-9.173042461e-02-1.111998825e-01
-1.345745976e-01-1.615457061e-01-1.823643488e-01-1.909007467e-01-1.861671688e-01
-1.699514939e-01-1.544173199e-01-1.423141121e-01 1.635143079e-02 2.005775317e-02
 2.321479095e-02 2.566012414e-02 2.735152344e-02 2.821967074e-02 2.823625713e-02
 2.742467523e-02 2.583818175e-02 2.353713794e-02 2.057067247e-02 1.696595906e-02
 1.272631416e-02 7.832460513e-03 2.243313604e-03-4.105281245e-03-1.130524994e-02
-1.948621354e-02-2.883453881e-02-3.963418660e-02-5.233715526e-02-6.621083307e-02
-8.043470612e-02-9.614888228e-02-1.155619743e-01-1.392961686e-01-1.675367182e-01
-1.889808743e-01-1.976612435e-01-1.925045361e-01-1.741525378e-01-1.575623372e-01
-1.448666666e-01 1.178582762e-02 1.515334220e-02 1.808143979e-02 2.047230611e-02
 2.233176766e-02 2.361169049e-02 2.426012159e-02 2.424042615e-02 2.352289471e-02
 2.209733878e-02 1.996697983e-02 1.712394988e-02 1.355107975e-02 9.221891502e-03
 4.098010490e-03-1.872578869e-03-8.758382886e-03-1.664910140e-02-2.566172140e-02
-3.594674739e-02-4.756496348e-02-6.015424807e-02-7.354603123e-02-8.827554904e-02
-1.052233022e-01-1.251845210e-01-1.499713040e-01-1.681578393e-01-1.764918089e-01
-1.741019938e-01-1.578059235e-01-1.454585193e-01-1.360509838e-01 8.898974040e-03
 1.221472138e-02 1.519243911e-02 1.775592055e-02 1.995297551e-02 2.173106056e-02
 2.303012399e-02 2.379457344e-02 2.386760321e-02 2.319718857e-02 2.183800544e-02
 1.973637904e-02 1.685123645e-02 1.315621455e-02 8.619870154e-03 3.211263283e-03
-3.098152949e-03-1.033444246e-02-1.851609509e-02-2.764226336e-02-3.767641241e-02
-4.854966394e-02-6.019806337e-02-7.256651112e-02-8.549427391e-02-9.849468015e-02
-1.104837337e-01-1.202366276e-01-1.262738609e-01-1.281922213e-01-1.267360050e-01
-1.235706067e-01-1.199646408e-01 7.330708133e-03 1.076958069e-02 1.398785708e-02
 1.692309172e-02 1.962677549e-02 2.204846779e-02 2.412148232e-02 2.567273533e-02
 2.662420012e-02 2.689780487e-02 2.642442643e-02 2.513005491e-02 2.294285228e-02
 1.991604944e-02 1.600261677e-02 1.118622228e-02 5.480758795e-03-1.090749232e-03
-8.488192419e-03-1.665058733e-02-2.549445456e-02-3.491087590e-02-4.475895264e-02
-5.484800813e-02-6.490556725e-02-7.454906970e-02-8.331486594e-02-9.074239629e-02
-9.645917261e-02-1.003320253e-01-1.025242877e-01-1.033414913e-01-1.031852614e-01
 6.727344909e-03 1.039892264e-02 1.399968057e-02 1.750438355e-02 2.090383077e-02
 2.415933014e-02 2.709247349e-02 2.961284334e-02 3.161247704e-02 3.297198009e-02
 3.356960773e-02 3.329141576e-02 3.204516912e-02 2.977642888e-02 2.645677170e-02
 2.209025992e-02 1.681977074e-02 1.068612490e-02 3.772162003e-03-3.808819689e-03
-1.193212465e-02-2.045618073e-02-2.922012304e-02-3.803964017e-02-4.670440454e-02
-5.498277152e-02-6.263907010e-02-6.946326074e-02-7.530720741e-02-8.011656078e-02
-8.394066438e-02-8.668289887e-02-8.839618913e-02 6.712869334e-03 1.076335144e-02
 1.490236024e-02 1.911798927e-02 2.336234717e-02 2.758627228e-02 3.161201128e-02
 3.534149692e-02 3.863755708e-02 4.133341614e-02 4.324657677e-02 4.419724178e-02
 4.402999098e-02 4.263508197e-02 3.996397057e-02 3.603952350e-02 3.095862390e-02
 2.486202856e-02 1.792427694e-02 1.038832717e-02 2.398906043e-03-5.879006385e-03
-1.428418390e-02-2.265739616e-02-3.084167771e-02-3.868596506e-02-4.605274237e-02
-5.282884972e-02-5.893699120e-02-6.434410664e-02-6.906812487e-02-7.293229018e-02
-7.583595230e-02 6.744298596e-03 1.148581420e-02 1.636392457e-02 2.142893850e-02
 2.667085636e-02 3.196657544e-02 3.724891371e-02 4.239665514e-02 4.723285251e-02
 5.153073992e-02 5.502896394e-02 5.745655917e-02 5.856563570e-02 5.816666181e-02
 5.615896969e-02 5.254925958e-02 4.745276770e-02 4.107556275e-02 3.368635205e-02
 2.558351203e-02 1.705214525e-02 8.375057470e-03-2.964570012e-04-8.830426785e-03
-1.711094002e-02-2.503715209e-02-3.252444338e-02-3.950716517e-02-4.594209280e-02
-5.181213887e-02-5.713360435e-02-6.171932384e-02-6.547441884e-02 7.051160603e-03
 1.244440390e-02 1.806306738e-02 2.400333923e-02 3.018787290e-02 3.661993238e-02
 4.323943806e-02 4.991294915e-02 5.642753004e-02 6.249329013e-02 6.775906177e-02
 7.184379190e-02 7.438229390e-02 7.507865514e-02 7.375583830e-02 7.038867744e-02
 6.511066068e-02 5.819247497e-02 4.999888029e-02 4.093538829e-02 3.139676535e-02
 2.172858948e-02 1.228755407e-02 3.162417983e-03-5.577906581e-03-1.387923815e-02
-2.169949171e-02-2.900772187e-02-3.578371233e-02-4.201642748e-02-4.769576942e-02
-5.276894120e-02-5.723756732e-02 7.599029115e-03 1.342369371e-02 1.959563183e-02
 2.622344125e-02 3.324860701e-02 4.069969049e-02 4.853037064e-02 5.660377495e-02
 6.468022829e-02 7.241475514e-02 7.937130371e-02 8.505898151e-02 8.899041616e-02
 9.075432648e-02 9.008666172e-02 8.692111188e-02 8.140368198e-02 7.386700512e-02
 6.477253302e-02 5.463784718e-02 4.396746721e-02 3.320092340e-02 2.268351370e-02
 1.274420966e-02 3.382803683e-03-5.404605290e-03-1.362261086e-02-2.127614074e-02
-2.837098352e-02-3.491440739e-02-4.091622428e-02-4.635983529e-02-5.125124459e-02
 7.986716621e-03 1.406609364e-02 2.057115937e-02 2.762580865e-02 3.519252720e-02
 4.331521802e-02 5.195849192e-02 6.098660317e-02 7.014548506e-02 7.905519567e-02
 8.722163472e-02 9.407498747e-02 9.903649664e-02 1.016053454e-01 1.014467865e-01
 9.845734791e-02 9.278674923e-02 8.480985317e-02 7.505810203e-02 6.413187488e-02
 5.261705005e-02 4.102287076e-02 2.974811577e-02 1.907397737e-02 9.181602967e-03
-2.590830263e-06-8.530737301e-03-1.644111952e-02-2.376337908e-02-3.052220571e-02
-3.674044205e-02-4.240982714e-02-4.753716559e-02 7.995034612e-03 1.412865688e-02
 2.069441409e-02 2.783107288e-02 3.551151712e-02 4.378533454e-02 5.262236447e-02
 6.189030525e-02 7.133495904e-02 8.057084675e-02 8.909151425e-02 9.630764530e-02
 1.016153457e-01 1.044863713e-01 1.045611200e-01 1.017186292e-01 9.610190378e-02
 8.809057291e-02 7.823046265e-02 6.714213132e-02 5.543316489e-02 4.363212563e-02
 3.215130018e-02 2.127563194e-02 1.123924440e-02 1.949425015e-03-6.660685911e-03
-1.464034340e-02-2.202734715e-02-2.885260595e-02-3.514271239e-02-4.088137663e-02
-4.607637015e-02 7.615487957e-03 1.354918392e-02 1.987626162e-02 2.672847419e-02
 3.406254882e-02 4.192252218e-02 5.027624236e-02 5.899586063e-02 6.784100429e-02
 7.645165804e-02 8.435902758e-02 9.102130646e-02 9.588593972e-02 9.847096917e-02
 9.844819517e-02 9.570584209e-02 9.037162014e-02 8.278908709e-02 7.345544767e-02
 6.293989453e-02 5.180440009e-02 4.054329319e-02 2.954893795e-02 1.910275093e-02
 9.390845422e-03 3.486377973e-04-8.069644755e-03-1.589769252e-02-2.316189440e-02
-2.988496894e-02-3.608945286e-02-4.174395346e-02-4.683959270e-02 6.885767827e-03
 1.243112489e-02 1.826843672e-02 2.451846693e-02 3.112377036e-02 3.811077139e-02
 4.544005464e-02 5.299061655e-02 6.054816044e-02 6.780237186e-02 7.435910765e-02
 7.977188908e-02 8.359299376e-02 8.543764052e-02 8.504807795e-02 8.234093063e-02
 7.742418516e-02 7.057871166e-02 6.221025655e-02 5.278591080e-02 4.277154773e-02
 3.258261564e-02 2.255416356e-02 1.301202171e-02 3.970886151e-03-4.561791029e-03
-1.258169510e-02-2.008655355e-02-2.707617449e-02-3.355271829e-02-3.952157008e-02
-4.493865993e-02-4.979346375e-02 6.102181971e-03 1.107765255e-02 1.620472528e-02
 2.158407503e-02 2.724846448e-02 3.311016788e-02 3.912915712e-02 4.519844521e-02
 5.113941725e-02 5.670387828e-02 6.158701905e-02 6.545338601e-02 6.797509280e-02
 6.887721104e-02 6.798140006e-02 6.523704801e-02 6.073153822e-02 5.467707865e-02
 4.737744637e-02 3.918246757e-02 3.044476119e-02 2.148424830e-02 1.264060621e-02
 4.012836762e-03-4.320591259e-03-1.229660599e-02-1.986483536e-02-2.698659377e-02
-3.363443524e-02-3.979042338e-02-4.543676189e-02-5.048855347e-02-5.493112413e-02
 5.699428097e-03 9.890587673e-03 1.414289826e-02 1.853830123e-02 2.307936296e-02
 2.775479702e-02 3.242242959e-02 3.699179216e-02 4.132238874e-02 4.522662587e-02
 4.848295405e-02 5.085570582e-02 5.212139839e-02 5.209828307e-02 5.067350586e-02
 4.782162319e-02 4.360877934e-02 3.818562860e-02 3.177112968e-02 2.460521785e-02
 1.693408831e-02 9.014876377e-03 9.960183088e-04-6.989444795e-03-1.482161436e-02
-2.239354559e-02-2.961316178e-02-3.640670687e-02-4.272286003e-02-4.853703972e-02
-5.385984894e-02-5.845772971e-02-6.220553012e-02 5.847217486e-03 9.059959739e-03
 1.234664388e-02 1.573682360e-02 1.919361250e-02 2.267339230e-02 2.612237851e-02
 2.936517244e-02 3.230274969e-02 3.479277738e-02 3.667928951e-02 3.780266096e-02
 3.801533690e-02 3.719978985e-02 3.528552989e-02 3.226336583e-02 2.816843633e-02
 2.307908065e-02 1.722166788e-02 1.068961603e-02 3.613306544e-03-3.857519143e-03
-1.157145895e-02-1.937303223e-02-2.710329454e-02-3.460458370e-02-4.172971076e-02
-4.835440648e-02-5.439025028e-02-5.979403052e-02-6.457597141e-02-6.851106254e-02
-7.146092637e-02 6.011983263e-03 8.358441679e-03 1.080387690e-02 1.331862438e-02
 1.584257504e-02 1.831316909e-02 2.066129700e-02 2.280555855e-02 2.467283587e-02
 2.607160572e-02 2.690802517e-02 2.707876824e-02 2.648412254e-02 2.503803781e-02
 2.267356464e-02 1.945942599e-02 1.537488327e-02 1.043901997e-02 4.707031760e-03
-1.755479308e-03-8.862914052e-03-1.650409733e-02-2.453735594e-02-3.278487161e-02
-4.103095529e-02-4.902971885e-02-5.652636632e-02-6.329080981e-02-6.915679525e-02
-7.405535825e-02-7.802501624e-02-8.092044227e-02-8.276875447e-02 5.808709815e-03
 7.636044647e-03 9.493805956e-03 1.135487986e-02 1.316414243e-02 1.486361631e-02
 1.639010583e-02 1.767400680e-02 1.863867788e-02 1.919485215e-02 1.925930951e-02
 1.875259005e-02 1.760085693e-02 1.573949563e-02 1.311761248e-02 9.704326352e-03
 5.470759497e-03 3.960443937e-04-5.530724738e-03-1.230959109e-02-1.992211166e-02
-2.831689700e-02-3.738814942e-02-4.694876803e-02-5.670209489e-02-6.622541859e-02
-7.500881847e-02-8.255062019e-02-8.844927456e-02-9.255066079e-02-9.500359302e-02
-9.608030634e-02-9.617030025e-02 5.580721940e-03 7.089614817e-03 8.550509934e-03
 9.951098888e-03 1.124674104e-02 1.238858423e-02 1.332452238e-02 1.399934607e-02
 1.435475373e-02 1.432956385e-02 1.386191267e-02 1.289011374e-02 1.135336937e-02
 9.192407415e-03 6.349695403e-03 2.768503837e-03-1.610783322e-03-6.853817475e-03
-1.303687094e-02-2.025187035e-02-2.860278383e-02-3.818393072e-02-4.903343374e-02
-6.106556390e-02-7.399313922e-02-8.721050822e-02-9.953757346e-02-1.096914667e-01
-1.161566278e-01-1.185006381e-01-1.174623179e-01-1.146753819e-01-1.114404183e-01
 5.623440746e-03 6.926721442e-03 8.130528229e-03 9.224255147e-03 1.016788435e-02
 1.091974560e-02 1.143874521e-02 1.168453872e-02 1.161684036e-02 1.119431679e-02
 1.037360891e-02 9.108484875e-03 7.349087056e-03 5.041054108e-03 2.124152008e-03
-1.469841056e-03-5.820073078e-03-1.102009715e-02-1.718316227e-02-2.445104621e-02
-3.314109094e-02-4.358370335e-02-5.639711338e-02-7.169449799e-02-8.942193136e-02
-1.101714841e-01-1.357626530e-01-1.547322228e-01-1.638141267e-01-1.621282689e-01
-1.464736935e-01-1.347513932e-01-1.259330443e-01 6.111266128e-03 7.304496583e-03
 8.375867736e-03 9.295394011e-03 1.001560890e-02 1.049784957e-02 1.071227931e-02
 1.063738894e-02 1.025662596e-02 9.553115895e-03 8.505290352e-03 7.084759207e-03
 5.255483920e-03 2.972881717e-03 1.819808604e-04-3.185765105e-03-7.216789651e-03
-1.201929535e-02-1.772126549e-02-2.444107738e-02-3.233578416e-02-4.258191757e-02
-5.670436145e-02-7.461916131e-02-9.554479415e-02-1.205464066e-01-1.499973604e-01
-1.726011224e-01-1.823718587e-01-1.782251448e-01-1.607998122e-01-1.450893873e-01
-1.331858666e-01 7.066325830e-03 8.326458759e-03 9.435749213e-03 1.032868644e-02
 1.093858834e-02 1.122244731e-02 1.116303863e-02 1.077432912e-02 1.009316320e-02
 9.145945558e-03 7.937538256e-03 6.457252610e-03 4.684299900e-03 2.589823489e-03
 1.358642767e-04-2.728965868e-03-6.078464648e-03-1.002541433e-02-1.475126564e-02
-2.055654430e-02-2.806129067e-02-3.790480056e-02-5.081943132e-02-6.726720886e-02
-8.757783304e-02-1.122412654e-01-1.407191937e-01-1.630797314e-01-1.730864536e-01
-1.697075221e-01-1.547218674e-01-1.403150594e-01-1.292330695e-01 8.405200613e-03
 9.971400825e-03 1.140652553e-02 1.253332263e-02 1.316120628e-02 1.327860298e-02
 1.285178582e-02 1.194421378e-02 1.082405131e-02 9.597749740e-03 8.249245351e-03
 6.763746700e-03 5.128145232e-03 3.332433116e-03 1.370037622e-03-7.632532797e-04
-3.073178545e-03-5.577601929e-03-8.334463608e-03-1.152666850e-02-1.586399115e-02
-2.247770583e-02-3.258144716e-02-4.669242425e-02-6.467245425e-02-8.546883181e-02
-1.071746645e-01-1.245535779e-01-1.340251269e-01-1.349665673e-01-1.288929135e-01
-1.215323488e-01-1.151836626e-01 9.741719776e-03 1.175211144e-02 1.432060231e-02
 1.571355145e-02 1.656973718e-02 1.679098709e-02 1.490381425e-02 1.333119850e-02
 1.180229468e-02 1.034773560e-02 8.910551631e-03 7.461121335e-03 5.989484976e-03
 4.503460921e-03 3.030815700e-03 1.625269084e-03 3.781845880e-04-5.596326155e-04
-9.357536983e-04-3.080726674e-04 2.046688671e-03 2.069732138e-03-3.104429205e-03
-1.552362396e-02-3.482101344e-02-5.400741789e-02-7.011113638e-02-8.283216281e-02
-9.170577272e-02-9.672999737e-02-9.854941252e-02-9.825888272e-02-9.691079147e-02
 1.051591236e-02 1.252548243e-02 1.487620772e-02 1.646431333e-02 1.720797867e-02
 1.696734399e-02 1.552394890e-02 1.389097415e-02 1.232976392e-02 1.086221945e-02
 9.447038552e-03 8.074063408e-03 6.740874946e-03 5.466718096e-03 4.294877755e-03
 3.299355129e-03 2.598888816e-03 2.383381019e-03 2.964095023e-03 4.858152985e-03
 8.675845500e-03 1.040638014e-02 6.779545569e-03-2.850795536e-03-1.860430576e-02
-3.467210390e-02-4.784484209e-02-5.842749315e-02-6.658271819e-02-7.248167459e-02
-7.640665362e-02-7.878161772e-02-8.005674747e-02 1.051904471e-02 1.199594649e-02
 1.343622815e-02 1.451764175e-02 1.505478474e-02 1.497713788e-02 1.432203466e-02
 1.332553210e-02 1.216690732e-02 1.092956331e-02 9.654914938e-03 8.376615697e-03
 7.117285197e-03 5.905510705e-03 4.778867107e-03 3.785929359e-03 2.987655709e-03
 2.455146430e-03 2.254105646e-03 2.374834839e-03 2.454243913e-03 1.220002952e-03
-2.517740875e-03-9.034345305e-03-1.791894450e-02-2.760640224e-02-3.667163406e-02
-4.462445009e-02-5.131056598e-02-5.671236096e-02-6.089973755e-02-6.403803227e-02
-6.636403668e-02 1.041755208e-02 1.152276762e-02 1.248808583e-02 1.321860547e-02
 1.363536137e-02 1.369448812e-02 1.340008327e-02 1.279515173e-02 1.193624014e-02
 1.088282659e-02 9.697507972e-03 8.438284225e-03 7.150604521e-03 5.867408698e-03
 4.612215627e-03 3.400007299e-03 2.233472529e-03 1.092275328e-03-8.796234033e-05
-1.447678012e-03-3.229407201e-03-5.745322509e-03-9.251663447e-03-1.381094721e-02
-1.923585202e-02-2.514029997e-02-3.108810061e-02-3.672884743e-02-4.183712316e-02
-4.629495485e-02-5.006628634e-02-5.317799935e-02-5.568864889e-02
 0.975258716E+00 0.100094589E+01 0.103050362E+01 0.106109284E+01 0.109432497E+01
 0.113073287E+01 0.116985811E+01 0.121176375E+01 0.125679662E+01 0.130504724E+01
 0.135689098E+01 0.141254358E+01 0.147258761E+01 0.153740287E+01 0.160760950E+01
 0.168358090E+01 0.176626487E+01 0.185532095E+01 0.195053006E+01 0.205848592E+01
 0.217890609E+01 0.231126794E+01 0.246005904E+01 0.262613268E+01 0.281089094E+01
 0.302487426E+01 0.327099033E+01 0.355640426E+01 0.389586452E+01 0.431474511E+01
 0.486216628E+01 0.562868302E+01 0.823874891E+01
   71   96
 0.453876888E+00-0.437499993E-01 0.453382907E+00 0.000000000E+00 0.456393918E+00
 0.437499993E-01 0.463238193E+00 0.874999985E-01 0.465624988E+00 0.976599629E-01
 0.474323346E+00 0.131249994E+00 0.487500012E+00 0.167049353E+00 0.491040631E+00
 0.174999997E+00 0.509374976E+00 0.208734660E+00 0.516746855E+00 0.218750000E+00
 0.531250000E+00 0.237065804E+00 0.553125024E+00 0.255625557E+00 0.565190634E+00
 0.262499988E+00 0.574999988E+00 0.268567589E+00 0.596875012E+00 0.276722854E+00
 0.618749976E+00 0.280071413E+00 0.640625000E+00 0.279538720E+00 0.662500024E+00
 0.275541461E+00 0.684374988E+00 0.268155082E+00 0.695497077E+00 0.262499988E+00
 0.706250012E+00 0.258466443E+00 0.728124976E+00 0.247544569E+00 0.750000000E+00
 0.233564661E+00 0.768621694E+00 0.218750000E+00 0.771875024E+00 0.216556405E+00
 0.793749988E+00 0.198859655E+00 0.815625012E+00 0.177417498E+00 0.817818236E+00
 0.174999997E+00 0.837499976E+00 0.152648601E+00 0.853633102E+00 0.131249994E+00
 0.859375000E+00 0.121976812E+00 0.878453087E+00 0.874999985E-01 0.881250024E+00
 0.794783979E-01 0.893212523E+00 0.437499993E-01 0.897974159E+00 0.000000000E+00
 0.893364872E+00-0.437499993E-01 0.881250024E+00-0.803642989E-01 0.878851289E+00
-0.874999985E-01 0.859375000E+00-0.123211143E+00 0.854605073E+00-0.131249994E+00
 0.837499976E+00-0.154306947E+00 0.820104712E+00-0.174999997E+00 0.815625012E+00
-0.180029299E+00 0.793749988E+00-0.202338149E+00 0.775110089E+00-0.218750000E+00
 0.771875024E+00-0.221914728E+00 0.750000000E+00-0.240787217E+00 0.728124976E+00
-0.257021727E+00 0.719382860E+00-0.262499988E+00 0.706250012E+00-0.273466545E+00
 0.684374988E+00-0.288856003E+00 0.662500024E+00-0.301955541E+00 0.653572347E+00
-0.306250006E+00 0.640625000E+00-0.316746412E+00 0.618749976E+00-0.330940521E+00
 0.596875012E+00-0.342446416E+00 0.576018247E+00-0.349999994E+00 0.568630820E+00
-0.357535185E+00 0.559213327E+00-0.365610303E+00 0.547429112E+00-0.348361681E+00
 0.534206083E+00-0.322352500E+00 0.528242899E+00-0.306250006E+00 0.509374976E+00
-0.269197137E+00 0.507203787E+00-0.262499988E+00 0.489953542E+00-0.218750000E+00
 0.487500012E+00-0.212479548E+00 0.475671115E+00-0.174999997E+00 0.465624988E+00
-0.134077687E+00 0.465010244E+00-0.131249994E+00 0.457747747E+00-0.874999985E-01
 0.453876888E+00-0.437499993E-01
 0.440200001E+00-0.215700001E+00 0.440200001E+00 0.000000000E+00 0.440200001E+00
 0.432799995E+00 0.699899971E+00 0.432799995E+00 0.699899971E+00 0.402999997E+00
 0.764900029E+00 0.385500014E+00 0.765699983E+00 0.388599992E+00 0.955299973E+00
 0.337799996E+00 0.106159997E+01 0.337799996E+00 0.106159997E+01 0.000000000E+00
 0.106159997E+01-0.337799996E+00 0.955299973E+00-0.337799996E+00 0.823499978E+00
-0.373199999E+00 0.820800006E+00-0.363200009E+00 0.819199979E+00-0.357100010E+00
 0.760500014E+00-0.372799993E+00 0.757799983E+00-0.362699986E+00 0.757200003E+00
-0.361200005E+00 0.756399989E+00-0.359699994E+00 0.755299985E+00-0.358500004E+00
 0.754000008E+00-0.357400000E+00 0.752900004E+00-0.356599987E+00 0.750999987E+00
-0.356000006E+00 0.749400020E+00-0.355699986E+00 0.747699976E+00-0.355699986E+00
 0.746100008E+00-0.356000006E+00 0.702022016E+00-0.367794007E+00 0.702022374E+00
-0.367793888E+00 0.694146514E+00-0.370719105E+00 0.686951578E+00-0.375057310E+00
 0.686951995E+00-0.375057012E+00 0.629375994E+00-0.417571992E+00 0.629375815E+00
-0.417572111E+00 0.623269379E+00-0.423004001E+00 0.618246078E+00-0.429450691E+00
 0.614471614E+00-0.436699599E+00 0.612070382E+00-0.444511712E+00 0.611121893E+00
-0.452629209E+00 0.611657083E+00-0.460784405E+00 0.611657023E+00-0.460783988E+00
 0.629500926E+00-0.573902845E+00 0.702899992E+00-0.573899984E+00 0.702899992E+00
-0.595899999E+00 0.602199972E+00-0.595899999E+00 0.572899997E+00-0.579400003E+00
 0.569899976E+00-0.579400003E+00 0.569899976E+00-0.512099981E+00 0.560699999E+00
-0.500100017E+00 0.468349993E+00-0.474675000E+00 0.468349993E+00-0.296290010E+00
 0.460399985E+00-0.251060009E+00 0.440200001E+00-0.215700001E+00
    0 0.660000026E+00    0
 0.000000000E+00 0.115197093E+00 0.164436082E+00 0.203449740E+00 0.237311023E+00
 0.267868428E+00 0.296197167E+00 0.323084033E+00 0.348680398E+00 0.373499556E+00
 0.397571436E+00 0.421155162E+00 0.444477901E+00 0.467528679E+00 0.490498677E+00
 0.513364018E+00 0.536373766E+00 0.559029396E+00 0.581135126E+00 0.604835334E+00
 0.629138548E+00 0.653632451E+00 0.678992008E+00 0.704919016E+00 0.731282180E+00
 0.758860446E+00 0.787510521E+00 0.817269467E+00 0.848599665E+00 0.881835782E+00
 0.917761512E+00 0.956207282E+00 0.100000000E+01
    0
