  EFITD    03/02/2017    #170680  2000ms  EFIT01   0  65  65
 0.170000005E+01 0.320000005E+01 0.169550002E+01 0.839999974E+00 0.000000000E+00
 0.171762085E+01 0.618145802E-02-0.197942257E+00-0.261268578E-01-0.200289035E+01
 0.917435125E+06-0.197942257E+00 0.000000000E+00 0.171762085E+01 0.000000000E+00
 0.618145802E-02 0.000000000E+00-0.261268578E-01 0.000000000E+00 0.000000000E+00
-0.338497043E+01-0.338637257E+01-0.338770199E+01-0.338896012E+01-0.339014888E+01
-0.339126992E+01-0.339232469E+01-0.339331532E+01-0.339424300E+01-0.339510965E+01
-0.339591670E+01-0.339666605E+01-0.339735913E+01-0.339799762E+01-0.339858317E+01
-0.339911747E+01-0.339960217E+01-0.340003872E+01-0.340042901E+01-0.340077424E+01
-0.340107632E+01-0.340133691E+01-0.340155745E+01-0.340173960E+01-0.340188479E+01
-0.340199494E+01-0.340207171E+01-0.340211630E+01-0.340213060E+01-0.340211606E+01
-0.340207434E+01-0.340200710E+01-0.340191579E+01-0.340180206E+01-0.340166783E+01
-0.340151405E+01-0.340134287E+01-0.340115571E+01-0.340095425E+01-0.340073967E+01
-0.340051413E+01-0.340027905E+01-0.340003562E+01-0.339978600E+01-0.339953160E+01
-0.339927411E+01-0.339901471E+01-0.339875555E+01-0.339849782E+01-0.339824343E+01
-0.339799380E+01-0.339775038E+01-0.339751530E+01-0.339728951E+01-0.339707518E+01
-0.339687347E+01-0.339668632E+01-0.339651513E+01-0.339636159E+01-0.339622736E+01
-0.339611387E+01-0.339602280E+01-0.339595580E+01-0.339591455E+01-0.339590049E+01
 0.859571172E+05 0.833121328E+05 0.807078438E+05 0.781442812E+05 0.756214844E+05
 0.731394766E+05 0.706982890E+05 0.682979610E+05 0.659385078E+05 0.636199727E+05
 0.613423789E+05 0.591057617E+05 0.569101484E+05 0.547555703E+05 0.526420586E+05
 0.505696406E+05 0.485383555E+05 0.465482226E+05 0.445992812E+05 0.426915547E+05
 0.408250781E+05 0.389998828E+05 0.372159961E+05 0.354734531E+05 0.337722774E+05
 0.321125059E+05 0.304941660E+05 0.289172891E+05 0.273819043E+05 0.258880430E+05
 0.244357383E+05 0.230250156E+05 0.216559101E+05 0.203284492E+05 0.190426641E+05
 0.177985879E+05 0.165962481E+05 0.154356758E+05 0.143169023E+05 0.132399570E+05
 0.122048721E+05 0.112116768E+05 0.102604014E+05 0.935107715E+04 0.848373536E+04
 0.765840478E+04 0.687511670E+04 0.613390186E+04 0.543479101E+04 0.477781348E+04
 0.416300098E+04 0.359038379E+04 0.305999194E+04 0.257185645E+04 0.212600757E+04
 0.172247571E+04 0.136129175E+04 0.104248596E+04 0.766088989E+03 0.532131287E+03
 0.340643371E+03 0.191655777E+03 0.851989899E+02 0.213035622E+02 0.000000000E+00
 0.181436813E+01 0.172220802E+01 0.163207233E+01 0.154396116E+01 0.145787466E+01
 0.137381267E+01 0.129177546E+01 0.121176290E+01 0.113377524E+01 0.105781245E+01
 0.983874682E+00 0.911961850E+00 0.842074096E+00 0.774211463E+00 0.708374023E+00
 0.644561885E+00 0.582774993E+00 0.523013592E+00 0.465277553E+00 0.409567032E+00
 0.355882075E+00 0.304222792E+00 0.254589168E+00 0.206981298E+00 0.161399247E+00
 0.117843084E+00 0.763128549E-01 0.368086286E-01-0.669525936E-03-0.361215584E-01
-0.695474008E-01-0.100946991E+00-0.130320273E+00-0.157667179E+00-0.182987630E+00
-0.206281604E+00-0.227549003E+00-0.246789769E+00-0.264003873E+00-0.279191198E+00
-0.292351753E+00-0.303485395E+00-0.312592121E+00-0.319671869E+00-0.324724524E+00
-0.327750088E+00-0.328748437E+00-0.327719571E+00-0.324663373E+00-0.319579840E+00
-0.312468828E+00-0.303330363E+00-0.292164326E+00-0.278970689E+00-0.263749332E+00
-0.246500269E+00-0.227223396E+00-0.205918654E+00-0.182585985E+00-0.157225325E+00
-0.129836619E+00-0.100419782E+00-0.689747855E-01-0.355015396E-01 0.000000000E+00
-0.992816750E+06-0.977662125E+06-0.962496063E+06-0.947318625E+06-0.932129876E+06
-0.916929688E+06-0.901718187E+06-0.886495312E+06-0.871261063E+06-0.856015438E+06
-0.840758438E+06-0.825490125E+06-0.810210375E+06-0.794919312E+06-0.779616812E+06
-0.764303001E+06-0.748977813E+06-0.733641249E+06-0.718293312E+06-0.702934063E+06
-0.687563375E+06-0.672181312E+06-0.656787938E+06-0.641383187E+06-0.625967062E+06
-0.610539562E+06-0.595100687E+06-0.579650438E+06-0.564188812E+06-0.548715812E+06
-0.533231500E+06-0.517735782E+06-0.502228718E+06-0.486710250E+06-0.471180438E+06
-0.455639281E+06-0.440086719E+06-0.424522812E+06-0.408947500E+06-0.393360875E+06
-0.377762844E+06-0.362153438E+06-0.346532687E+06-0.330900563E+06-0.315257094E+06
-0.299602219E+06-0.283936000E+06-0.268258406E+06-0.252569438E+06-0.236869109E+06
-0.221157406E+06-0.205434344E+06-0.189699906E+06-0.173954094E+06-0.158196938E+06
-0.142428391E+06-0.126648484E+06-0.110857211E+06-0.950545703E+05-0.792405624E+05
-0.634151875E+05-0.475784414E+05-0.317303281E+05-0.158708486E+05 0.000000000E+00
-2.695500104e-02-2.956796996e-02-3.244659305e-02-3.562758864e-02-3.915260359e-02
-4.307169840e-02-4.745176434e-02-5.239367113e-02-5.777424574e-02-6.357766685e-02
-7.106996325e-02-8.156155789e-02-9.274628025e-02-9.998588264e-02-1.041834949e-01
-1.057009995e-01-1.046030300e-01-1.007762998e-01-9.386990219e-02-8.313690883e-02
-6.713308406e-02-5.049868696e-02-3.677519050e-02-2.478255524e-02-1.388456667e-02
-3.719606553e-03 5.934033892e-03 1.521916402e-02 2.422817994e-02 3.302000079e-02
 4.179633409e-02 5.065001152e-02 5.960232043e-02 6.868992001e-02 7.793956972e-02
 8.738345641e-02 9.697882098e-02 1.065870448e-01 1.162334382e-01 1.259309203e-01
 1.356831045e-01 1.454862057e-01 1.553300620e-01 1.651985645e-01 1.750697196e-01
 1.849156916e-01 1.947027445e-01 2.043912113e-01 2.139357775e-01 2.232858538e-01
 2.323863356e-01 2.411786617e-01 2.496022879e-01 2.575965226e-01 2.651025654e-01
 2.720659376e-01 2.784386278e-01 2.841813266e-01 2.892650963e-01 2.936727703e-01
 2.973992527e-01 3.004516662e-01 3.028484582e-01 3.046180309e-01 3.057970404e-01
-2.748270521e-02-3.017011470e-02-3.314751387e-02-3.646211698e-02-4.015591739e-02
-4.425730929e-02-4.859866947e-02-5.292803788e-02-5.729905517e-02-6.185226515e-02
-6.744229046e-02-7.431776827e-02-8.114357298e-02-8.611533034e-02-8.897788078e-02
-8.970752353e-02-8.825226862e-02-8.449308586e-02-7.823740679e-02-6.924735755e-02
-5.750915012e-02-4.487186298e-02-3.301956877e-02-2.198004921e-02-1.158398861e-02
-1.671802835e-03 7.882591046e-03 1.717330504e-02 2.626657125e-02 3.520766634e-02
 4.418351507e-02 5.328327790e-02 6.252770126e-02 7.194782805e-02 8.157274884e-02
 9.143723542e-02 1.014954968e-01 1.116180198e-01 1.218301804e-01 1.321461647e-01
 1.425707639e-01 1.531012506e-01 1.637279688e-01 1.744344233e-01 1.851970702e-01
 1.959849746e-01 2.067593038e-01 2.174729855e-01 2.280705721e-01 2.384883465e-01
 2.486549913e-01 2.584927679e-01 2.679193913e-01 2.768507303e-01 2.852040231e-01
 2.929016054e-01 2.998747826e-01 3.060674967e-01 3.114393951e-01 3.159679175e-01
 3.196491600e-01 3.224976956e-01 3.245446980e-01 3.258357049e-01 3.264272510e-01
-2.742663027e-02-3.005984798e-02-3.297950700e-02-3.627019004e-02-3.998364502e-02
-4.355773708e-02-4.688801611e-02-4.998303574e-02-5.284473301e-02-5.590137840e-02
-5.926511435e-02-6.271470338e-02-6.582206493e-02-6.810779119e-02-6.920760137e-02
-6.889456516e-02-6.703042996e-02-6.353379798e-02-5.838492140e-02-5.167122924e-02
-4.366108781e-02-3.480752942e-02-2.557182300e-02-1.625089720e-02-6.978987250e-03
 2.204451710e-03 1.130476594e-02 2.034604916e-02 2.935992560e-02 3.838865837e-02
 4.750958091e-02 5.678203702e-02 6.623765093e-02 7.590161258e-02 8.579527587e-02
 9.593249101e-02 1.062928736e-01 1.168392374e-01 1.275694668e-01 1.384870856e-01
 1.495928912e-01 1.608830839e-01 1.723481416e-01 1.839719265e-01 1.957305671e-01
 2.075913548e-01 2.195115387e-01 2.314371019e-01 2.433018090e-01 2.550265491e-01
 2.665193677e-01 2.776764631e-01 2.883844672e-01 2.985240519e-01 3.079750836e-01
 3.166228830e-01 3.243650495e-01 3.311181365e-01 3.368232547e-01 3.414500058e-01
 3.449977935e-01 3.474950789e-01 3.489959241e-01 3.495750428e-01 3.493218123e-01
-2.684523351e-02-2.926791460e-02-3.188781437e-02-3.476585075e-02-3.787087652e-02
-4.054503510e-02-4.271740097e-02-4.472310838e-02-4.675837232e-02-4.879929126e-02
-5.077077076e-02-5.253466220e-02-5.389881507e-02-5.464952806e-02-5.458961430e-02
-5.356303236e-02-5.146393174e-02-4.823962593e-02-4.389538988e-02-3.850137076e-02
-3.219319507e-02-2.515395358e-02-1.757660892e-02-9.626088606e-03-1.420651213e-03
 6.967010791e-03 1.549968601e-02 2.416514233e-02 3.296856582e-02 4.192785913e-02
 5.106899876e-02 6.041961169e-02 7.000426948e-02 7.984317851e-02 8.995163429e-02
 1.003389283e-01 1.110080181e-01 1.219586433e-01 1.331913173e-01 1.447076352e-01
 1.565085204e-01 1.685921102e-01 1.809521019e-01 1.935760230e-01 2.064433991e-01
 2.195237874e-01 2.327744662e-01 2.461379023e-01 2.595391570e-01 2.728835345e-01
 2.860549390e-01 2.989154757e-01 3.113073706e-01 3.230577112e-01 3.339862823e-01
 3.439165653e-01 3.526883422e-01 3.601708115e-01 3.662734031e-01 3.709535002e-01
 3.742188514e-01 3.761252761e-01 3.767693043e-01 3.762778043e-01 3.747960628e-01
-2.596953325e-02-2.808736454e-02-3.020847033e-02-3.236096722e-02-3.448547045e-02
-3.624448922e-02-3.785885868e-02-3.936643156e-02-4.076754302e-02-4.203175753e-02
-4.309924320e-02-4.388304800e-02-4.427589473e-02-4.416179654e-02-4.342974356e-02
-4.198589554e-02-3.976238525e-02-3.672290588e-02-3.286563599e-02-2.822334314e-02
-2.285929024e-02-1.685810648e-02-1.031283860e-02-3.311857814e-03 4.070603638e-03
 1.177878201e-02 1.977549115e-02 2.803989488e-02 3.656445455e-02 4.535175487e-02
 5.441142240e-02 6.375715876e-02 7.340434188e-02 8.336832380e-02 9.366335714e-02
 1.043020934e-01 1.152955889e-01 1.266537906e-01 1.383861005e-01 1.505014003e-01
 1.630075722e-01 1.759104432e-01 1.892123521e-01 2.029104233e-01 2.169943600e-01
 2.314436884e-01 2.462242545e-01 2.612839042e-01 2.765473723e-01 2.919103802e-01
 3.072340192e-01 3.223400711e-01 3.370096682e-01 3.509874642e-01 3.639931976e-01
 3.757415115e-01 3.859670758e-01 3.944514989e-01 4.010465144e-01 4.056893289e-01
 4.084078968e-01 4.093144236e-01 4.085890350e-01 4.064562322e-01 4.031599163e-01
-2.527909723e-02-2.723667395e-02-2.862508783e-02-2.988149037e-02-3.115224096e-02
-3.236266968e-02-3.347920625e-02-3.448141363e-02-3.534375133e-02-3.602927923e-02
-3.648832812e-02-3.665972128e-02-3.647420557e-02-3.585964812e-02-3.474710879e-02
-3.307683763e-02-3.080320542e-02-2.789816263e-02-2.435288945e-02-2.017745009e-02
-1.539836818e-02-1.005428948e-02-4.190400708e-03 2.147304418e-03 8.916863182e-03
 1.608359441e-02 2.362167841e-02 3.151437634e-02 3.975334385e-02 4.833741486e-02
 5.727116769e-02 6.656349439e-02 7.622628659e-02 8.627343178e-02 9.672003245e-02
 1.075820401e-01 1.188760325e-01 1.306192130e-01 1.428294779e-01 1.555252522e-01
 1.687252223e-01 1.824476272e-01 1.967093945e-01 2.115245462e-01 2.269021869e-01
 2.428435534e-01 2.593376637e-01 2.763554155e-01 2.938413919e-01 3.117025496e-01
 3.297944962e-01 3.479054571e-01 3.657424451e-01 3.829258381e-01 3.990025221e-01
 4.134825170e-01 4.258951249e-01 4.358492495e-01 4.430840316e-01 4.475010633e-01
 4.491755662e-01 4.483428004e-01 4.453586636e-01 4.406422975e-01 4.346179067e-01
-2.417574638e-02-2.594761550e-02-2.686544319e-02-2.751847726e-02-2.822783588e-02
-2.893625571e-02-2.959501369e-02-3.016279825e-02-3.060027399e-02-3.086621873e-02
-3.091570921e-02-3.070008195e-02-3.016827071e-02-2.926913276e-02-2.795429897e-02
-2.618109065e-02-2.391506542e-02-2.113184522e-02-1.781801326e-02-1.397093848e-02
-9.597580822e-03-4.712386522e-03 6.653784076e-04 6.514470559e-03 1.281427511e-02
 1.954687573e-02 2.669845341e-02 3.426001582e-02 4.222759599e-02 5.060202262e-02
 5.938849214e-02 6.859600556e-02 7.823680353e-02 8.832591766e-02 9.888082731e-02
 1.099212617e-01 1.214691623e-01 1.335487217e-01 1.461865306e-01 1.594116390e-01
 1.732556671e-01 1.877526789e-01 2.029389441e-01 2.188523115e-01 2.355311216e-01
 2.530122102e-01 2.713275849e-01 2.904988825e-01 3.105280696e-01 3.313823044e-01
 3.529694974e-01 3.751008213e-01 3.974384367e-01 4.194401502e-01 4.403406680e-01
 4.592230024e-01 4.751766027e-01 4.874555769e-01 4.955762026e-01 4.993673267e-01
 4.990019201e-01 4.949933591e-01 4.881075323e-01 4.791904689e-01 4.690047501e-01
-2.253700794e-02-2.411197865e-02-2.471745759e-02-2.503676711e-02-2.539907211e-02
-2.576498502e-02-2.609541266e-02-2.635116316e-02-2.649297938e-02-2.648103237e-02
-2.627456932e-02-2.583206074e-02-2.511188015e-02-2.407341820e-02-2.267847209e-02
-2.089268717e-02-1.868684407e-02-1.603779569e-02-1.292894775e-02-9.350183420e-03
-5.297276162e-03-7.708342746e-04 4.225066339e-03 9.684393124e-03 1.560063014e-02
 2.196807790e-02 2.878287993e-02 3.604374453e-02 4.375237977e-02 5.191370845e-02
 6.053590408e-02 6.963033229e-02 7.921146607e-02 8.929684025e-02 9.990704810e-02
 1.110658274e-01 1.228002981e-01 1.351412386e-01 1.481235623e-01 1.617867947e-01
 1.761757135e-01 1.913411022e-01 2.073405533e-01 2.242392747e-01 2.421110720e-01
 2.610389888e-01 2.811157406e-01 3.024429083e-01 3.251282573e-01 3.492777348e-01
 3.749771118e-01 4.022488593e-01 4.309500158e-01 4.605389832e-01 4.896951617e-01
 5.163292884e-01 5.384340286e-01 5.546338561e-01 5.641118884e-01 5.665051341e-01
 5.620090363e-01 5.517058370e-01 5.375785233e-01 5.216109753e-01 5.051246879e-01
-2.049201544e-02-2.189068490e-02-2.232275897e-02-2.244088240e-02-2.259537393e-02
-2.275639774e-02-2.289072236e-02-2.296311408e-02-2.293733694e-02-2.277665400e-02
-2.244412527e-02-2.190293746e-02-2.111687882e-02-2.005095407e-02-1.867211607e-02
-1.695000936e-02-1.485763589e-02-1.237185765e-02-9.473646933e-03-6.148068263e-03
-2.383974148e-03 1.826542950e-03 6.488887593e-03 1.160680872e-02 1.718327028e-02
 2.322128223e-02 2.972462209e-02 3.669844198e-02 4.414973408e-02 5.208767951e-02
 6.052390486e-02 6.947270781e-02 7.895121729e-02 8.897962427e-02 9.958144277e-02
 1.107838525e-01 1.226181685e-01 1.351204069e-01 1.483320891e-01 1.623011531e-01
 1.770832538e-01 1.927431821e-01 2.093569637e-01 2.270142586e-01 2.458216400e-01
 2.659069002e-01 2.874246537e-01 3.105641006e-01 3.355597257e-01 3.627064527e-01
 3.923827112e-01 4.250877202e-01 4.615130425e-01 5.027347802e-01 5.497459768e-01
 5.917075870e-01 6.241108180e-01 6.466677785e-01 6.587621568e-01 6.590722206e-01
 6.472762824e-01 6.209151151e-01 5.917875168e-01 5.644811392e-01 5.393747689e-01
-1.813714766e-02-1.939218676e-02-1.971548423e-02-1.972552200e-02-1.978207564e-02
-1.985687763e-02-1.991654746e-02-1.992683858e-02-1.985338145e-02-1.966194434e-02
-1.931856387e-02-1.878969559e-02-1.804248801e-02-1.704511981e-02-1.576722044e-02
-1.418027842e-02-1.225802673e-02-9.976728848e-03-7.315339462e-03-4.255515465e-03
-7.814686687e-04 3.120323236e-03 7.461523695e-03 1.225242857e-02 1.750249980e-02
 2.322090417e-02 2.941703232e-02 3.610097614e-02 4.328394684e-02 5.097866431e-02
 5.919969833e-02 6.796378648e-02 7.729017740e-02 8.720098430e-02 9.772161397e-02
 1.088812649e-01 1.207135544e-01 1.332573144e-01 1.465575547e-01 1.606667041e-01
 1.756462307e-01 1.915686279e-01 2.085201740e-01 2.266043575e-01 2.459466904e-01
 2.667011619e-01 2.890594602e-01 3.132638932e-01 3.396269978e-01 3.685612678e-01
 4.006265700e-01 4.366093277e-01 4.776560962e-01 5.254781245e-01 5.824825761e-01
 6.412742736e-01 6.856201293e-01 7.154285313e-01 7.310764790e-01 7.323409917e-01
 7.170196174e-01 6.837527155e-01 6.376665235e-01 5.981931689e-01 5.645724536e-01
-1.546737273e-02-1.661972700e-02-1.684020461e-02-1.683502271e-02-1.691033877e-02
-1.701932028e-02-1.712313480e-02-1.718697697e-02-1.717814802e-02-1.706488617e-02
-1.681587289e-02-1.640011558e-02-1.578704079e-02-1.494671681e-02-1.385012457e-02
-1.246944911e-02-1.077833865e-02-8.752118811e-03-6.367927854e-03-3.604768979e-03
-4.434637376e-04 3.133482736e-03 7.142096700e-03 1.159721802e-02 1.651282789e-02
 2.190241218e-02 2.777931836e-02 3.415714580e-02 4.105009884e-02 4.847334325e-02
 5.644336721e-02 6.497835362e-02 7.409854984e-02 8.382668340e-02 9.418846673e-02
 1.052131280e-01 1.169341058e-01 1.293898523e-01 1.426248699e-01 1.566909105e-01
 1.716486216e-01 1.875695735e-01 2.045387923e-01 2.226582468e-01 2.420513630e-01
 2.628690302e-01 2.852979006e-01 3.095718622e-01 3.359878658e-01 3.649284541e-01
 3.968927264e-01 4.325379134e-01 4.727296828e-01 5.185906291e-01 5.715304015e-01
 6.328290107e-01 6.840590240e-01 7.190318109e-01 7.383768557e-01 7.423017025e-01
 7.312130331e-01 7.029008864e-01 6.569067838e-01 6.102302673e-01 5.720819830e-01
-1.216686051e-02-1.316151488e-02-1.349860615e-02-1.368277705e-02-1.394075436e-02
-1.421848127e-02-1.448424908e-02-1.471050362e-02-1.487009971e-02-1.493538544e-02
-1.487808116e-02-1.466943511e-02-1.428048123e-02-1.368232165e-02-1.284642427e-02
-1.174489313e-02-1.035071540e-02-8.637972176e-03-6.581996553e-03-4.159474251e-03
-1.348486971e-03 1.871513261e-03 5.519787810e-03 9.614455499e-03 1.417268439e-02
 1.921092533e-02 2.474517372e-02 3.079126775e-02 3.736517951e-02 4.448335245e-02
 5.216301233e-02 6.042253601e-02 6.928181648e-02 7.876268032e-02 8.888932320e-02
 9.968885774e-02 1.111918837e-01 1.234332323e-01 1.364527792e-01 1.502964795e-01
 1.650175900e-01 1.806781888e-01 1.973510535e-01 2.151218951e-01 2.340922951e-01
 2.543831766e-01 2.761391103e-01 2.995334865e-01 3.247744738e-01 3.521113693e-01
 3.818399310e-01 4.143048823e-01 4.498960973e-01 4.890371562e-01 5.321826935e-01
 5.799403787e-01 6.290670035e-01 6.623148916e-01 6.818426250e-01 6.887981893e-01
 6.827129123e-01 6.646609305e-01 6.328523160e-01 5.906281474e-01 5.558758974e-01
-8.330912387e-03-9.060916520e-03-9.755937353e-03-1.037550348e-02-1.094605497e-02
-1.149171963e-02-1.201063672e-02-1.248914750e-02-1.290741656e-02-1.324192063e-02
-1.346678754e-02-1.355463456e-02-1.347716156e-02-1.320558971e-02-1.271102669e-02
-1.196476446e-02-1.093854474e-02-9.604796738e-03-7.936838985e-03-5.909055006e-03
-3.497015903e-03-6.775614020e-04 2.571179546e-03 6.269821417e-03 1.043781269e-02
 1.509357618e-02 2.025470325e-02 2.593817565e-02 3.216063230e-02 3.893864152e-02
 4.628899318e-02 5.422902113e-02 6.277691576e-02 7.195209709e-02 8.177556840e-02
 9.227035198e-02 1.034619286e-01 1.153787374e-01 1.280527412e-01 1.415200531e-01
 1.558216065e-01 1.710039377e-01 1.871199607e-01 2.042298316e-01 2.224016337e-01
 2.417119591e-01 2.622459232e-01 2.840960920e-01 3.073596358e-01 3.321318625e-01
 3.584935962e-01 3.864880203e-01 4.160781802e-01 4.470691084e-01 4.789538382e-01
 5.105786324e-01 5.395558476e-01 5.627210737e-01 5.781981348e-01 5.854216217e-01
 5.844030974e-01 5.755708816e-01 5.600147841e-01 5.400884749e-01 5.190950036e-01
-4.904610076e-03-5.578674434e-03-6.390111084e-03-7.230741874e-03-8.066559269e-03
-8.898979955e-03-9.721372247e-03-1.051967690e-02-1.127422502e-02-1.196144897e-02
-1.255514567e-02-1.302737372e-02-1.334905435e-02-1.349039561e-02-1.342121046e-02
-1.311117971e-02-1.253010613e-02-1.164818091e-02-1.043625177e-02-8.866093107e-03
-6.910637036e-03-4.544167314e-03-1.742449946e-03 1.517195029e-03 5.255893368e-03
 9.493290447e-03 1.424769778e-02 1.953629963e-02 2.537538855e-02 3.178062288e-02
 3.876728189e-02 4.635051636e-02 5.454564092e-02 6.336839499e-02 7.283523676e-02
 8.296360823e-02 9.377221018e-02 1.052812785e-01 1.175128296e-01 1.304908544e-01
 1.442414969e-01 1.587930769e-01 1.741759480e-01 1.904220879e-01 2.075642498e-01
 2.256342918e-01 2.446606307e-01 2.646637262e-01 2.856492103e-01 3.075970412e-01
 3.304450214e-01 3.540639578e-01 3.782213331e-01 4.025308192e-01 4.263902009e-01
 4.489318430e-01 4.690563977e-01 4.856254460e-01 4.977355898e-01 5.048800709e-01
 5.069696305e-01 5.043166277e-01 4.976270796e-01 4.879399540e-01 4.764230850e-01
-1.572619192e-03-2.253846847e-03-3.156405466e-03-4.180298129e-03-5.270688271e-03
-6.412960996e-03-7.588212873e-03-8.773542038e-03-9.942970268e-03-1.106837296e-02
-1.212020131e-02-1.306795239e-02-1.388041864e-02-1.452582053e-02-1.497187556e-02
-1.518588884e-02-1.513492223e-02-1.478609908e-02-1.410700289e-02-1.306611393e-02
-1.163320428e-02-9.779675878e-03-7.478830863e-03-4.706061918e-03-1.438952873e-03
 2.342737287e-03 6.657222279e-03 1.152095851e-02 1.694896816e-02 2.295506185e-02
 2.955204621e-02 3.675194457e-02 4.456621780e-02 5.300598589e-02 6.208219750e-02
 7.180579750e-02 8.218782395e-02 9.323948619e-02 1.049721464e-01 1.173971966e-01
 1.305258423e-01 1.443686187e-01 1.589346528e-01 1.742306054e-01 1.902589351e-01
 2.070155144e-01 2.244861276e-01 2.426416726e-01 2.614313662e-01 2.807738184e-01
 3.005450963e-01 3.205642700e-01 3.405767084e-01 3.602384925e-01 3.791082204e-01
 3.966571987e-01 4.123093784e-01 4.255118966e-01 4.358176290e-01 4.429524244e-01
 4.468515217e-01 4.476656914e-01 4.457399248e-01 4.415630102e-01 4.356903136e-01
 1.991397876e-03 1.280745782e-03 2.483136486e-04-9.989199461e-04-2.397720062e-03
-3.919043986e-03-5.528994865e-03-7.191755867e-03-8.871396945e-03-1.053268649e-02
-1.214123511e-02-1.366325462e-02-1.506514198e-02-1.631302197e-02-1.737232508e-02
-1.820748299e-02-1.878187992e-02-1.905824617e-02-1.899952255e-02-1.856965013e-02
-1.773420907e-02-1.646094769e-02-1.472020522e-02-1.248527504e-02-9.732674811e-03
-6.442240909e-03-2.596946431e-03 1.817699635e-03 6.814562716e-03 1.240483020e-02
 1.859800890e-02 2.540214174e-02 3.282408789e-02 4.086968674e-02 4.954383524e-02
 5.885056408e-02 6.879302859e-02 7.937344164e-02 9.059286115e-02 1.024509221e-01
 1.149453447e-01 1.280712932e-01 1.418203860e-01 1.561794131e-01 1.711286008e-01
 1.866392493e-01 2.026707678e-01 2.191667705e-01 2.360505314e-01 2.532192467e-01
 2.705380620e-01 2.878337501e-01 3.048900367e-01 3.214460016e-01 3.372004629e-01
 3.518252969e-01 3.649886249e-01 3.763860463e-01 3.857742549e-01 3.929997087e-01
 3.980166017e-01 4.008907975e-01 4.017892777e-01 4.009569886e-01 3.986846805e-01
 6.111385359e-03 5.367906182e-03 4.154763301e-03 2.592554083e-03 7.668524631e-04
-1.264080522e-03-3.440644534e-03-5.708297191e-03-8.019116649e-03-1.033100858e-02
-1.260612346e-02-1.480921073e-02-1.690613103e-02-1.886253616e-02-2.064270337e-02
-2.220843732e-02-2.351806314e-02-2.452697792e-02-2.519081719e-02-2.546688355e-02
-2.531494200e-02-2.469777317e-02-2.358172275e-02-2.193728833e-02-1.973979732e-02
-1.697004026e-02-1.361448690e-02-9.663955308e-03-5.107642617e-03 6.293493789e-05
 5.853144452e-03 1.226598956e-02 1.930313929e-02 2.696476318e-02 3.524945677e-02
 4.415431619e-02 5.367486553e-02 6.380486488e-02 7.453609259e-02 8.585791291e-02
 9.775684771e-02 1.102158130e-01 1.232132540e-01 1.367219836e-01 1.507077217e-01
 1.651273071e-01 1.799266041e-01 1.950380206e-01 2.103778272e-01 2.258434297e-01
 2.413107901e-01 2.566328645e-01 2.716393769e-01 2.861390114e-01 2.999251484e-01
 3.127849401e-01 3.245124818e-01 3.349239826e-01 3.438732623e-01 3.512647151e-01
 3.570616841e-01 3.612883986e-01 3.640253542e-01 3.653992119e-01 3.655683994e-01
 1.127942465e-02 1.053605508e-02 9.041413665e-03 6.955539400e-03 4.460075812e-03
 1.689461526e-03-1.253338880e-03-4.294403770e-03-7.379674382e-03-1.046733934e-02
-1.352266589e-02-1.651454344e-02-1.941305213e-02-2.218754591e-02-2.480494043e-02
-2.722782269e-02-2.940738574e-02-3.128050268e-02-3.279058261e-02-3.388578445e-02
-3.451833129e-02-3.464444356e-02-3.422465178e-02-3.322463857e-02-3.161664310e-02
-2.938200158e-02-2.651569620e-02-2.303506622e-02-1.891741344e-02-1.415426472e-02
-8.747193016e-03-2.701966092e-03 3.978463326e-03 1.128877607e-02 1.922093333e-02
 2.776535229e-02 3.691046685e-02 4.664241895e-02 5.694488063e-02 6.779868156e-02
 7.918140289e-02 9.106674792e-02 1.034238636e-01 1.162164211e-01 1.294016390e-01
 1.429291070e-01 1.567394585e-01 1.707630903e-01 1.849188655e-01 1.991130711e-01
 2.132387609e-01 2.271759360e-01 2.407928259e-01 2.539484500e-01 2.664969862e-01
 2.782936693e-01 2.892020346e-01 2.991018593e-01 3.078966738e-01 3.155199586e-01
 3.219391406e-01 3.271564244e-01 3.312069476e-01 3.341542187e-01 3.360837696e-01
 1.850406267e-02 1.796575089e-02 1.575394906e-02 1.249463297e-02 8.804672398e-03
 4.929467919e-03 9.691009764e-04-3.025033919e-03-7.020852470e-03-1.099485910e-02
-1.492732385e-02-1.879965884e-02-2.259271403e-02-2.628540249e-02-2.985369788e-02
-3.322697804e-02-3.634048626e-02-3.913199903e-02-4.154290630e-02-4.351841286e-02
-4.500751570e-02-4.596304146e-02-4.634184390e-02-4.610523576e-02-4.521974549e-02
-4.365811494e-02-4.140034321e-02-3.843393546e-02-3.475075209e-02-3.035619672e-02
-2.527987765e-02-1.956116964e-02-1.318921612e-02-6.173669841e-03 1.466572779e-03
 9.716751068e-03 1.855921372e-02 2.797311172e-02 3.793513403e-02 4.841904715e-02
 5.939542501e-02 7.083119453e-02 8.268911394e-02 9.492716940e-02 1.074980050e-01
 1.203482599e-01 1.334179044e-01 1.466397197e-01 1.599387974e-01 1.732324212e-01
 1.864302157e-01 1.994349660e-01 2.121439577e-01 2.244512290e-01 2.362504600e-01
 2.474386244e-01 2.579201161e-01 2.676108778e-01 2.764421104e-01 2.843631803e-01
 2.913433014e-01 2.973716558e-01 3.024564685e-01 3.066228330e-01 3.099104464e-01
 2.895584912e-02 2.947798010e-02 2.461138542e-02 1.873200020e-02 1.328331704e-02
 8.037079009e-03 2.911625052e-03-2.129075874e-03-7.102890930e-03-1.201868156e-02
-1.687987702e-02-2.168596347e-02-2.643309346e-02-3.111120871e-02-3.564924745e-02
-3.997826949e-02-4.403264448e-02-4.775019737e-02-5.107238147e-02-5.394430457e-02
-5.631461367e-02-5.813540512e-02-5.936215812e-02-5.995380873e-02-5.987299234e-02
-5.908643830e-02-5.756551406e-02-5.528687313e-02-5.223339421e-02-4.839661712e-02
-4.377899325e-02-3.839371720e-02-3.226549181e-02-2.544898348e-02-1.802142526e-02
-9.977749534e-03-1.340704926e-03 7.859203004e-03 1.759322546e-02 2.782894298e-02
 3.853148222e-02 4.966274649e-02 6.118101254e-02 7.304065677e-02 8.519190550e-02
 9.758062662e-02 1.101480649e-01 1.228308156e-01 1.355607956e-01 1.482655108e-01
 1.608685106e-01 1.732903420e-01 1.854496301e-01 1.972648204e-01 2.086560578e-01
 2.195474954e-01 2.298694699e-01 2.395608127e-01 2.485704123e-01 2.568583190e-01
 2.643957137e-01 2.711639106e-01 2.771526874e-01 2.823585271e-01 2.867844703e-01
 3.534663457e-02 3.603787743e-02 3.048528754e-02 2.334931493e-02 1.664942695e-02
 1.026387227e-02 4.096492601e-03-1.918610767e-03-7.826455054e-03-1.365835310e-02
-1.943641715e-02-2.517623451e-02-3.088824826e-02-3.651568292e-02-4.198699817e-02
-4.723381996e-02-5.219146238e-02-5.679914726e-02-6.100000817e-02-6.474091859e-02
-6.797222796e-02-7.064740366e-02-7.272276288e-02-7.415720081e-02-7.491209364e-02
-7.495136559e-02-7.424171263e-02-7.275313139e-02-7.045979050e-02-6.734130526e-02
-6.338440633e-02-5.858468640e-02-5.294917151e-02-4.650015378e-02-3.927631679e-02
-3.133292127e-02-2.276979943e-02-1.366088350e-02-4.021045737e-03 6.106677916e-03
 1.668470538e-02 2.767129429e-02 3.902109341e-02 5.068571121e-02 6.261375545e-02
 7.475095239e-02 8.704018590e-02 9.942174703e-02 1.118335277e-01 1.242114455e-01
 1.364900470e-01 1.486032606e-01 1.604853721e-01 1.720722466e-01 1.833026261e-01
 1.941195874e-01 2.044718863e-01 2.143151610e-01 2.236126662e-01 2.323352843e-01
 2.404605002e-01 2.479694338e-01 2.548416555e-01 2.610475717e-01 2.665454147e-01
 3.905662918e-02 3.971143067e-02 3.346735961e-02 2.572975110e-02 1.831468008e-02
 1.115752937e-02 4.198980634e-03-2.615061472e-03-9.330633911e-03-1.598581675e-02
-2.261206511e-02-2.923612110e-02-3.583486004e-02-4.233364758e-02-4.866104200e-02
-5.474957451e-02-6.053617224e-02-6.596227737e-02-7.097369432e-02-7.552025466e-02
-7.955532524e-02-8.303527537e-02-8.591894811e-02-8.816713837e-02-8.974220607e-02
-9.060784432e-02-9.072903547e-02-9.007226673e-02-8.860599989e-02-8.630160239e-02
-8.313452455e-02-7.908599084e-02-7.414513075e-02-6.831156460e-02-6.159823015e-02
-5.403468388e-02-4.567167911e-02-3.658026832e-02-2.686343901e-02-1.669441725e-02
-6.079300336e-03 4.934536744e-03 1.629601977e-02 2.795383148e-02 3.985464571e-02
 5.194367467e-02 6.416490675e-02 7.646140458e-02 8.877564964e-02 1.010499969e-01
 1.132272630e-01 1.252513528e-01 1.370680778e-01 1.486260295e-01 1.598775835e-01
 1.707799286e-01 1.812961102e-01 1.913958938e-01 2.010565847e-01 2.102634013e-01
 2.190091758e-01 2.272930295e-01 2.351155428e-01 2.424596548e-01 2.491960970e-01
 4.008765891e-02 4.054418183e-02 3.429481375e-02 2.620493813e-02 1.834563538e-02
 1.067864907e-02 3.156905790e-03-4.266453034e-03-1.163451374e-02-1.898534596e-02
-2.635186724e-02-3.375992557e-02-4.113184664e-02-4.839207977e-02-5.546899512e-02
-6.229585782e-02-6.881124527e-02-7.495902479e-02-8.068806681e-02-8.595169334e-02
-9.070701146e-02-9.491416812e-02-9.853558987e-02-1.015352681e-01-1.038781331e-01
-1.055295393e-01-1.064549983e-01-1.066200287e-01-1.059903577e-01-1.045324281e-01
-1.022142097e-01-9.900647399e-02-9.488451475e-02-8.983032402e-02-8.383530373e-02
-7.690352941e-02-6.905550513e-02-6.033217901e-02-5.080026021e-02-4.055685923e-02
-2.972332205e-02-1.849053802e-02-6.927518174e-03 4.917828832e-03 1.698834077e-02
 2.922794409e-02 4.158079623e-02 5.399152264e-02 6.640568378e-02 7.877021289e-02
 9.103392804e-02 1.031480655e-01 1.150668784e-01 1.267483829e-01 1.381550431e-01
 1.492547245e-01 1.600215435e-01 1.704369932e-01 1.804910601e-01 1.901837589e-01
 1.995271295e-01 2.085486499e-01 2.172980607e-01 2.258641722e-01 2.341197581e-01
 3.951011621e-02 3.973088402e-02 3.331900761e-02 2.502152894e-02 1.691996877e-02
 8.956427802e-03 1.072416606e-03-6.781656237e-03-1.464782737e-02-2.256281671e-02
-3.056026067e-02-3.860700873e-02-4.661734030e-02-5.451138689e-02-6.221562251e-02
-6.966313720e-02-7.679367065e-02-8.355328444e-02-8.989382538e-02-9.577218440e-02
-1.011493951e-01-1.059896946e-01-1.102596149e-01-1.139270216e-01-1.169603243e-01
-1.193277762e-01-1.209968925e-01-1.219341457e-01-1.221048384e-01-1.214732304e-01
-1.200030372e-01-1.176583022e-01-1.144046188e-01-1.102109253e-01-1.050517783e-01
-9.891024974e-02-9.178134805e-02-8.367610717e-02-7.462613279e-02-6.468830252e-02
-5.394916606e-02-4.253125933e-02-3.058973138e-02-1.834970899e-02-5.908912978e-03
 6.678503010e-03 1.935611666e-02 3.206866236e-02 4.476331545e-02 5.739001188e-02
 6.990179417e-02 8.225522185e-02 9.441076961e-02 1.063333079e-01 1.179926693e-01
 1.293642818e-01 1.404300480e-01 1.511793284e-01 1.616102756e-01 1.717317105e-01
 1.815656422e-01 1.911506356e-01 2.005458326e-01 2.098336964e-01 2.189464865e-01
 3.751419089e-02 3.748506331e-02 3.052154917e-02 2.228267118e-02 1.422374422e-02
 6.203975528e-03-1.844779064e-03-9.964113939e-03-1.818537700e-02-2.653550921e-02
-3.503388917e-02-4.358699548e-02-5.210557583e-02-6.050689890e-02-6.871583312e-02
-7.666521520e-02-8.429573477e-02-9.155540165e-02-9.839882699e-02-1.047862619e-01
-1.106825248e-01-1.160559059e-01-1.208770648e-01-1.251179427e-01-1.287508160e-01
-1.317474246e-01-1.340781897e-01-1.357117444e-01-1.366145313e-01-1.367506682e-01
-1.360821426e-01-1.345692725e-01-1.321715415e-01-1.288489551e-01-1.245638207e-01
-1.192831249e-01-1.129815504e-01-1.056452022e-01-9.727586806e-02-8.789595964e-02
-7.755386087e-02-6.632952394e-02-5.433963981e-02-4.174354671e-02-2.874000557e-02
-1.560675911e-02-2.412882401e-03 1.078212170e-02 2.392609791e-02 3.697092837e-02
 4.987276351e-02 6.259220836e-02 7.509449130e-02 8.734965336e-02 9.933277214e-02
 1.110243573e-01 1.224108040e-01 1.334850789e-01 1.442477256e-01 1.547082215e-01
 1.648869662e-01 1.748182921e-01 1.845551432e-01 1.941756012e-01 2.036331741e-01
 3.179772967e-02 3.082901263e-02 2.550299087e-02 1.829002053e-02 1.067119662e-02
 2.809197118e-03-5.259272060e-03-1.352783479e-02-2.200288896e-02-3.069841678e-02
-3.956642002e-02-4.850196838e-02-5.740916355e-02-6.620144100e-02-7.480179518e-02
-8.314268291e-02-9.116557984e-02-9.882024674e-02-1.060637682e-01-1.128594503e-01
-1.191755906e-01-1.249842123e-01-1.302598715e-01-1.349784434e-01-1.391160488e-01
-1.426480114e-01-1.455480754e-01-1.477876305e-01-1.493351758e-01-1.501560509e-01
-1.502122432e-01-1.494625657e-01-1.478632540e-01-1.453687250e-01-1.419329941e-01
-1.375116109e-01-1.320640445e-01-1.255570351e-01-1.179684252e-01-1.092919856e-01
-9.954277427e-02-8.876319972e-02-7.702937721e-02-6.445751340e-02-5.120937898e-02
-3.749812022e-02-2.358326874e-02-9.729420781e-03 4.024014823e-03 1.763031262e-02
 3.104830533e-02 4.424232247e-02 5.718194696e-02 6.984175736e-02 8.220114565e-02
 9.424421203e-02 1.059597657e-01 1.173414440e-01 1.283878386e-01 1.391027720e-01
 1.494956612e-01 1.595820040e-01 1.693848370e-01 1.789414884e-01 1.882571133e-01
 2.825584100e-02 2.699465654e-02 2.155902062e-02 1.454475336e-02 7.122807147e-03
-6.547798403e-04-8.747378364e-03-1.713460695e-02-2.581045206e-02-3.477732098e-02
-4.392617935e-02-5.314910784e-02-6.234750521e-02-7.143300770e-02-8.032780885e-02
-8.896452934e-02-9.728561342e-02-1.052425355e-01-1.127946526e-01-1.199079901e-01
-1.265539229e-01-1.327078194e-01-1.383477002e-01-1.434530169e-01-1.480034142e-01
-1.519776881e-01-1.553528160e-01-1.581031382e-01-1.601996720e-01-1.616096199e-01
-1.622960716e-01-1.622179001e-01-1.613299846e-01-1.595837325e-01-1.569280774e-01
-1.533108353e-01-1.486808061e-01-1.429904402e-01-1.361993402e-01-1.282785982e-01
-1.192160025e-01-1.090220735e-01-9.773680566e-02-8.543680608e-02-7.224225999e-02
-5.832316354e-02-4.390326887e-02-2.926233226e-02-1.474686243e-02-4.477915209e-04
 1.359693892e-02 2.735650347e-02 4.080599171e-02 5.392542854e-02 6.669905776e-02
 7.911478740e-02 9.116370219e-02 1.028396337e-01 1.141385807e-01 1.250578613e-01
 1.355946362e-01 1.457430869e-01 1.554886251e-01 1.647952796e-01 1.735847295e-01
 2.592302853e-02 2.448342927e-02 1.868096186e-02 1.153460529e-02 4.041083273e-03
-3.801309387e-03-1.198694657e-02-2.051321033e-02-2.938294969e-02-3.855689618e-02
-4.791659492e-02-5.735239387e-02-6.676469742e-02-7.606475054e-02-8.517494797e-02
-9.402864426e-02-1.025695428e-01-1.107508168e-01-1.185339093e-01-1.258872599e-01
-1.327849031e-01-1.392050386e-01-1.451287120e-01-1.505384147e-01-1.554168910e-01
-1.597460359e-01-1.635057777e-01-1.666732877e-01-1.692221016e-01-1.711215824e-01
-1.723364294e-01-1.728264242e-01-1.725464016e-01-1.714465023e-01-1.694727987e-01
-1.665683538e-01-1.626747995e-01-1.577345878e-01-1.516940147e-01-1.445070952e-01
-1.361403614e-01-1.265787482e-01-1.158323213e-01-1.039438248e-01-9.099657833e-02
-7.712224871e-02-6.250771880e-02-4.740010574e-02-3.210892157e-02-1.700068454e-02
-2.239084366e-03 1.215448140e-02 2.616427842e-02 3.977855292e-02 5.298850682e-02
 6.578756863e-02 7.817073900e-02 9.013397258e-02 1.016733870e-01 1.127842889e-01
 1.234597265e-01 1.336884946e-01 1.434525699e-01 1.527247726e-01 1.614690126e-01
 2.367483830e-02 2.203970408e-02 1.629846165e-02 9.036703908e-03 1.435026410e-03
-6.512054184e-03-1.481354877e-02-2.347914514e-02-3.252053630e-02-4.185846454e-02
-5.137731510e-02-6.096912922e-02-7.053545862e-02-7.998855412e-02-8.925185353e-02
-9.825991840e-02-1.069578826e-01-1.153005585e-01-1.232512593e-01-1.307804733e-01
-1.378644407e-01-1.444837301e-01-1.506218165e-01-1.562637538e-01-1.613948495e-01
-1.659995615e-01-1.700603813e-01-1.735569387e-01-1.764650791e-01-1.787562817e-01
-1.803969740e-01-1.813482344e-01-1.815655381e-01-1.809988021e-01-1.795927882e-01
-1.772878170e-01-1.740209907e-01-1.697281152e-01-1.643461734e-01-1.578168422e-01
-1.500908881e-01-1.411336958e-01-1.309318244e-01-1.195006892e-01-1.068928391e-01
-9.320671112e-02-7.859490810e-02-6.327106805e-02-4.751409221e-02-3.166809307e-02
-1.613723862e-02-1.077599183e-03 1.351042645e-02 2.762701170e-02 4.127301273e-02
 5.444965517e-02 6.715808075e-02 7.939891517e-02 9.117176378e-02 1.024746448e-01
 1.133033484e-01 1.236508266e-01 1.335067450e-01 1.428577006e-01 1.516885160e-01
 2.200869663e-02 2.024143754e-02 1.433553448e-02 6.971105700e-03-7.185139693e-04
-8.752661757e-03-1.714996801e-02-2.592749707e-02-3.510082891e-02-4.455970600e-02
-5.419243124e-02-6.389352681e-02-7.356629518e-02-8.312436193e-02-9.249243141e-02
-1.016063094e-01-1.104124561e-01-1.188670844e-01-1.269350350e-01-1.345884353e-01
-1.418052763e-01-1.485679597e-01-1.548618674e-01-1.606739909e-01-1.659916788e-01
-1.708014160e-01-1.750877500e-01-1.788322628e-01-1.820128114e-01-1.846026331e-01
-1.865697801e-01-1.878766269e-01-1.884795725e-01-1.883288622e-01-1.873688250e-01
-1.855383664e-01-1.827719360e-01-1.790010482e-01-1.741565168e-01-1.681715548e-01
-1.609857231e-01-1.525502652e-01-1.428343058e-01-1.318324804e-01-1.195734367e-01
-1.061290056e-01-9.162344038e-02-7.624173167e-02-6.023570895e-02-4.392643644e-02
-2.770108919e-02-1.200219334e-02 3.135851061e-03 1.772469474e-02 3.177601102e-02
 4.530027870e-02 5.830633268e-02 7.080114644e-02 8.278975636e-02 9.427516157e-02
 1.052583234e-01 1.157382057e-01 1.257120818e-01 1.351760627e-01 1.441261322e-01
 2.064382110e-02 1.877384627e-02 1.269499690e-02 5.287453532e-03-2.429726417e-03
-1.049773407e-02-1.894542563e-02-2.779568726e-02-3.704420099e-02-4.657600820e-02
-5.627946556e-02-6.604952362e-02-7.579007743e-02-8.541544526e-02-9.485107660e-02
-1.040336266e-01-1.129104569e-01-1.214387938e-01-1.295845658e-01-1.373210400e-01
-1.446274519e-01-1.514874846e-01-1.578878760e-01-1.638170481e-01-1.692637801e-01
-1.742160172e-01-1.786598116e-01-1.825782657e-01-1.859506369e-01-1.887515783e-01
-1.909504384e-01-1.925107091e-01-1.933896094e-01-1.935379356e-01-1.929000020e-01
-1.914140880e-01-1.890131831e-01-1.856262684e-01-1.811802685e-01-1.756029129e-01
-1.688264310e-01-1.607924700e-01-1.514581889e-01-1.408037096e-01-1.288406700e-01
-1.156216189e-01-1.012499854e-01-8.588933946e-02-6.977123022e-02-5.320002882e-02
-3.655345371e-02-2.027783360e-02-4.662510968e-03 1.032696664e-02 2.471729735e-02
 3.852977237e-02 5.178149039e-02 6.448607141e-02 7.665416610e-02 8.829386526e-02
 9.941106284e-02 1.100098789e-01 1.200931594e-01 1.296630800e-01 1.387218385e-01
 1.912107697e-02 1.710463513e-02 1.123287057e-02 3.955469583e-03-3.666953999e-03
-1.168607629e-02-2.012364013e-02-2.899453597e-02-3.827132663e-02-4.783576727e-02
-5.757430571e-02-6.738086790e-02-7.715888318e-02-8.682253957e-02-9.629739076e-02
-1.055203527e-01-1.144391894e-01-1.230116040e-01-1.312040984e-01-1.389905959e-01
-1.463510096e-01-1.532698423e-01-1.597346067e-01-1.657345742e-01-1.712594331e-01
-1.762980521e-01-1.808373927e-01-1.848615110e-01-1.883505881e-01-1.912802010e-01
-1.936205476e-01-1.953358650e-01-1.963840127e-01-1.967162043e-01-1.962769031e-01
-1.950041801e-01-1.928302795e-01-1.896828413e-01-1.854866892e-01-1.801664382e-01
-1.736500263e-01-1.658734679e-01-1.567868441e-01-1.463614553e-01-1.345985234e-01
-1.215386540e-01-1.072720065e-01-9.194815902e-02-7.578456402e-02-5.907212570e-02
-4.217600825e-02-2.552966581e-02-9.594582050e-03 5.667590100e-03 2.028990540e-02
 3.429993242e-02 4.772027582e-02 6.056927890e-02 7.286167156e-02 8.460918802e-02
 9.582116466e-02 1.065050662e-01 1.166671142e-01 1.263128520e-01 1.354477555e-01
 1.757781953e-02 1.522261195e-02 9.996731707e-03 3.198324179e-03-4.245218239e-03
-1.218216500e-02-2.058134973e-02-2.943919401e-02-3.871344397e-02-4.828213895e-02
-5.802955484e-02-6.784823534e-02-7.764068244e-02-8.732045440e-02-9.681271017e-02
-1.060541049e-01-1.149922609e-01-1.235848889e-01-1.317985356e-01-1.396072805e-01
-1.469912380e-01-1.539351344e-01-1.604268104e-01-1.664558351e-01-1.720122396e-01
-1.770852655e-01-1.816622615e-01-1.857276558e-01-1.892620474e-01-1.922413706e-01
-1.946361810e-01-1.964110732e-01-1.975241602e-01-1.979268641e-01-1.975637526e-01
-1.963728518e-01-1.942861974e-01-1.912309676e-01-1.871311813e-01-1.819102913e-01
-1.754946709e-01-1.678182036e-01-1.588281989e-01-1.484926045e-01-1.368085444e-01
-1.238119528e-01-1.095877364e-01-9.427990022e-02-7.810029387e-02-6.133470315e-02
-4.434450349e-02-2.756235556e-02-1.148107270e-02 3.901379358e-03 1.862479001e-02
 3.272084158e-02 4.621500138e-02 5.912777025e-02 7.147562504e-02 8.327179390e-02
 9.452690923e-02 1.052496805e-01 1.154474542e-01 1.251268833e-01 1.342944652e-01
 1.853742648e-02 1.643612434e-02 1.067989605e-02 3.579147306e-03-3.921987372e-03
-1.185710821e-02-2.023771219e-02-2.907236863e-02-3.832742205e-02-4.788161069e-02
-5.761884895e-02-6.743094322e-02-7.721953836e-02-8.689738066e-02-9.638883919e-02
-1.056299210e-01-1.145676896e-01-1.231593564e-01-1.313710808e-01-1.391766071e-01
-1.465557665e-01-1.534930467e-01-1.599760503e-01-1.659941823e-01-1.715372801e-01
-1.765944361e-01-1.811527907e-01-1.851966381e-01-1.887063980e-01-1.916578710e-01
-1.940214634e-01-1.957616061e-01-1.968363523e-01-1.971970201e-01-1.967881918e-01
-1.955479235e-01-1.934084296e-01-1.902971417e-01-1.861385405e-01-1.808567494e-01
-1.743789911e-01-1.666403264e-01-1.575895399e-01-1.471964419e-01-1.354603618e-01
-1.224197447e-01-1.081623807e-01-9.283531456e-02-7.665344325e-02-5.990528309e-02
-4.295399046e-02-2.623165029e-02-1.022450259e-02 5.100946873e-03 1.977921653e-02
 3.383907309e-02 4.730410513e-02 6.019342330e-02 7.252235716e-02 8.430308115e-02
 9.554518759e-02 1.062563137e-01 1.164427324e-01 1.261099428e-01 1.352633982e-01
 1.960648980e-02 1.759002369e-02 1.186314237e-02 4.719726334e-03-2.808424062e-03
-1.074181672e-02-1.909843448e-02-2.789263066e-02-3.711071983e-02-4.663254324e-02
-5.634196853e-02-6.613007934e-02-7.589752230e-02-8.555593342e-02-9.502860158e-02
-1.042505056e-01-1.131677628e-01-1.217367053e-01-1.299226880e-01-1.376986950e-01
-1.450438052e-01-1.519418061e-01-1.583796144e-01-1.643459350e-01-1.698298901e-01
-1.748198718e-01-1.793023497e-01-1.832608581e-01-1.866751463e-01-1.895203143e-01
-1.917661279e-01-1.933764517e-01-1.943088621e-01-1.945143640e-01-1.939374358e-01
-1.925163567e-01-1.901839077e-01-1.868686378e-01-1.824967861e-01-1.769949645e-01
-1.702938825e-01-1.623331755e-01-1.530674547e-01-1.424736828e-01-1.305597276e-01
-1.173739210e-01-1.030150131e-01-8.764176817e-02-7.148105650e-02-5.483304334e-02
-3.807189316e-02-2.164080174e-02-5.888361542e-03 9.222098684e-03 2.371976333e-02
 3.762817016e-02 5.096628139e-02 6.374920916e-02 7.598871732e-02 8.769367635e-02
 9.887047845e-02 1.095234602e-01 1.196554749e-01 1.292684972e-01 1.383645089e-01
 2.130802709e-02 1.941976126e-02 1.357193943e-02 6.471338682e-03-1.016649418e-03
-8.908486110e-03-1.721389778e-02-2.594116877e-02-3.509784857e-02-4.456544301e-02
-5.422657359e-02-6.397073717e-02-7.369694860e-02-8.331532033e-02-9.274773300e-02
-1.019278392e-01-1.108005196e-01-1.193209365e-01-1.274532676e-01-1.351693422e-01
-1.424471438e-01-1.492692679e-01-1.556214691e-01-1.614912599e-01-1.668665707e-01
-1.717345268e-01-1.760803610e-01-1.798863710e-01-1.831310838e-01-1.857883930e-01
-1.878269911e-01-1.892097890e-01-1.898936033e-01-1.898290068e-01-1.889604330e-01
-1.872266829e-01-1.845618040e-01-1.808965057e-01-1.761603653e-01-1.702847630e-01
-1.632068157e-01-1.548745334e-01-1.452530324e-01-1.343320757e-01-1.221346557e-01
-1.087263078e-01-9.422457960e-02-7.880783826e-02-6.272202729e-02-4.628400135e-02
-2.987966320e-02-1.395485265e-02 1.376674860e-03 1.613469046e-02 3.033616958e-02
 4.399535066e-02 5.712383974e-02 6.973070645e-02 8.182249952e-02 9.340324998e-02
 1.044744774e-01 1.150352882e-01 1.250826867e-01 1.346122325e-01 1.436190903e-01
 2.319735859e-02 2.143573388e-02 1.588070008e-02 8.869857527e-03 1.445196744e-03
-6.390874623e-03-1.463615603e-02-2.328957617e-02-3.235345328e-02-4.174082732e-02
-5.132911730e-02-6.100445615e-02-7.066351922e-02-8.021460475e-02-8.957809209e-02
-9.868627042e-02-1.074826792e-01-1.159211025e-01-1.239643544e-01-1.315827966e-01
-1.387528777e-01-1.454556138e-01-1.516751498e-01-1.573972850e-01-1.626082062e-01
-1.672932952e-01-1.714359969e-01-1.750168502e-01-1.780126541e-01-1.803957075e-01
-1.821332276e-01-1.831869185e-01-1.835127473e-01-1.830608845e-01-1.817760914e-01
-1.795983463e-01-1.764639616e-01-1.723073870e-01-1.670636386e-01-1.606716513e-01
-1.530785561e-01-1.442451179e-01-1.341522783e-01-1.228087395e-01-1.102594808e-01
-9.659465404e-02-8.195827153e-02-6.655564156e-02-5.065842718e-02-3.460592026e-02
-1.880124395e-02-3.496059886e-03 1.131171637e-02 2.562583797e-02 3.945071629e-02
 5.279072007e-02 6.564967328e-02 7.803037774e-02 8.993411798e-02 1.013600378e-01
 1.123045014e-01 1.227603407e-01 1.327164470e-01 1.421579866e-01 1.510678829e-01
 2.592379967e-02 2.435471682e-02 1.893182658e-02 1.199575781e-02 4.608233809e-03
-3.202817577e-03-1.141187188e-02-2.000099601e-02-2.896175341e-02-3.824960062e-02
-4.773899910e-02-5.731438102e-02-6.687135252e-02-7.631739228e-02-8.557205648e-02
-9.456666559e-02-1.032436341e-01-1.115554198e-01-1.194633022e-01-1.269359291e-01
-1.339478791e-01-1.404781788e-01-1.465088130e-01-1.520234197e-01-1.570059061e-01
-1.614393592e-01-1.653049439e-01-1.685809642e-01-1.712420881e-01-1.732586473e-01
-1.745962054e-01-1.752151847e-01-1.750708372e-01-1.741134077e-01-1.722886562e-01
-1.695388406e-01-1.658042520e-01-1.610251963e-01-1.551450342e-01-1.481138170e-01
-1.398930550e-01-1.304614991e-01-1.198218390e-01-1.080083251e-01-9.509494156e-02
-8.120355011e-02-6.651127341e-02-5.125597864e-02-3.573832288e-02-2.031972638e-02
-5.277038581e-03 9.371601947e-03 2.361355905e-02 3.744017705e-02 5.084568635e-02
 6.382635981e-02 7.637979079e-02 8.850422502e-02 1.001976953e-01 1.114569009e-01
 1.222756728e-01 1.326426716e-01 1.425385178e-01 1.519331633e-01 1.607861072e-01
 2.973530802e-02 2.844033402e-02 2.295512153e-02 1.599586580e-02 8.511018823e-03
 6.069765077e-04-7.645592501e-03-1.621179271e-02-2.507785146e-02-3.424173963e-02
-4.359544435e-02-5.302585661e-02-6.243035573e-02-7.171751557e-02-8.080733568e-02
-8.963098377e-02-9.813015909e-02-1.062561199e-01-1.139685139e-01-1.212340593e-01
-1.280250847e-01-1.343181581e-01-1.400926560e-01-1.453294754e-01-1.500097514e-01
-1.541137546e-01-1.576199084e-01-1.605038792e-01-1.627379209e-01-1.642902792e-01
-1.651248634e-01-1.652010530e-01-1.644739360e-01-1.628946364e-01-1.604112834e-01
-1.569702178e-01-1.525180042e-01-1.470039040e-01-1.403833329e-01-1.326219887e-01
-1.237010360e-01-1.136231422e-01-1.024192348e-01-9.015584737e-02-7.694257051e-02
-6.293895842e-02-4.836025089e-02-3.348134832e-02-1.863241007e-02-4.031267425e-03
 1.028890818e-02 2.430090308e-02 3.798291829e-02 5.131788927e-02 6.429289293e-02
 7.689859718e-02 8.912879974e-02 1.009799614e-01 1.124505326e-01 1.235400662e-01
 1.342475264e-01 1.445681156e-01 1.544867308e-01 1.639636607e-01 1.729109884e-01
 3.536147624e-02 3.477184090e-02 2.888343681e-02 2.109054854e-02 1.305165503e-02
 4.820612317e-03-3.587678075e-03-1.217566233e-02-2.095438540e-02-2.994054562e-02
-3.909521556e-02-4.831081253e-02-5.748904125e-02-6.654145570e-02-7.538974286e-02
-8.396566659e-02-9.221056849e-02-1.000745669e-01-1.075155586e-01-1.144979671e-01
-1.209914833e-01-1.269697398e-01-1.324089617e-01-1.372867822e-01-1.415810734e-01
-1.452688425e-01-1.483254283e-01-1.507236212e-01-1.524331868e-01-1.534203738e-01
-1.536478103e-01-1.530745775e-01-1.516565830e-01-1.493473947e-01-1.460994482e-01
-1.418658346e-01-1.366026402e-01-1.302720755e-01-1.228462756e-01-1.143120452e-01
-1.046762094e-01-9.397179633e-02-8.226452022e-02-6.965940446e-02-5.630677565e-02
-4.240672663e-02-2.821050027e-02-1.404146571e-02 7.829221431e-06 1.388955856e-02
 2.756332231e-02 4.099504650e-02 5.415633315e-02 6.702407455e-02 7.958017278e-02
 9.181144094e-02 1.037096009e-01 1.152713672e-01 1.264986695e-01 1.373989134e-01
 1.479853393e-01 1.582776605e-01 1.683037133e-01 1.781070532e-01 1.876943856e-01
 4.174364009e-02 4.211301706e-02 3.513748967e-02 2.613101905e-02 1.741848513e-02
 8.839120972e-03 2.979656565e-04-8.264745702e-03-1.689250761e-02-2.562064113e-02
-3.447907051e-02-4.337858403e-02-5.222845821e-02-6.094484404e-02-6.945198030e-02
-7.768256963e-02-8.557766675e-02-9.308609364e-02-1.001636535e-01-1.067720949e-01
-1.128779575e-01-1.184514016e-01-1.234650164e-01-1.278927178e-01-1.317086517e-01
-1.348863394e-01-1.373977959e-01-1.392129957e-01-1.402994544e-01-1.406219750e-01
-1.401427686e-01-1.388217956e-01-1.366176158e-01-1.334884614e-01-1.293939800e-01
-1.242974699e-01-1.181688010e-01-1.109879836e-01-1.027494446e-01-9.346705675e-02
-8.317963779e-02-7.195687294e-02-5.990519002e-02-4.717303440e-02-3.395586834e-02
-2.049940081e-02-7.012661561e-03 6.459442899e-03 1.986452565e-02 3.315441677e-02
 4.628574473e-02 5.922014639e-02 7.192434365e-02 8.437029266e-02 9.653536975e-02
 1.084027439e-01 1.199618875e-01 1.312092989e-01 1.421495826e-01 1.527969836e-01
 1.631776243e-01 1.733329148e-01 1.833248138e-01 1.932432505e-01 2.030367702e-01
 4.496904090e-02 4.571837536e-02 3.852895298e-02 2.938692464e-02 2.055295568e-02
 1.194041409e-02 3.477232880e-03-4.899429739e-03-1.324322366e-02-2.160059661e-02
-3.001327434e-02-3.845820943e-02-4.684839767e-02-5.510307848e-02-6.314830483e-02
-7.091723382e-02-7.835017890e-02-8.539420365e-02-9.200252595e-02-9.813368318e-02
-1.037505716e-01-1.088194176e-01-1.133087500e-01-1.171884090e-01-1.204286739e-01
-1.229994446e-01-1.248696595e-01-1.260068715e-01-1.263770461e-01-1.259445846e-01
-1.246727928e-01-1.225245669e-01-1.194635555e-01-1.154558062e-01-1.104719416e-01
-1.044899077e-01-9.749835724e-02-8.950061354e-02-8.051922175e-02-7.060104611e-02
-5.982236935e-02-4.829446971e-02-3.616802023e-02-2.363338507e-02-1.092602404e-02
 1.923774718e-03 1.485281343e-02 2.780433185e-02 4.072469103e-02 5.356354633e-02
 6.627416617e-02 7.881382102e-02 9.114417422e-02 1.032317505e-01 1.150484903e-01
 1.265724151e-01 1.377885043e-01 1.486897617e-01 1.592786609e-01 1.695692092e-01
 1.795897334e-01 1.893867553e-01 1.990295349e-01 2.086132468e-01 2.180626394e-01
 4.529945913e-02 4.622086487e-02 3.958680108e-02 3.066506982e-02 2.205095626e-02
 1.370695134e-02 5.575043673e-03-2.403038263e-03-1.028114179e-02-1.810693002e-02
-2.592162226e-02-3.375983983e-02-4.154378177e-02-4.919664934e-02-5.664609746e-02
-6.382525712e-02-7.067310809e-02-7.713439317e-02-8.315922321e-02-8.870248491e-02
-9.372301400e-02-9.818281975e-02-1.020461768e-01-1.052788347e-01-1.078473106e-01
-1.097182929e-01-1.108582541e-01-1.112332494e-01-1.108090282e-01-1.095513926e-01
-1.074269638e-01-1.044043154e-01-1.004555896e-01-9.555859870e-02-8.969948435e-02
-8.287586269e-02-7.510059333e-02-6.640591474e-02-5.684763935e-02-4.651079701e-02
-3.551130368e-02-2.400436625e-02-1.219538786e-02-1.072441373e-04 1.219732686e-02
 2.466199544e-02 3.722947834e-02 4.984322941e-02 6.244800243e-02 7.499033210e-02
 8.741905537e-02 9.968588498e-02 1.117460429e-01 1.235589459e-01 1.350889950e-01
 1.463064701e-01 1.571883858e-01 1.677196621e-01 1.778942794e-01 1.877168865e-01
 1.972049623e-01 2.063925863e-01 2.153383347e-01 2.241445481e-01 2.326694579e-01
 4.385278397e-02 4.495912802e-02 3.844873596e-02 2.989146672e-02 2.174367942e-02
 1.393174287e-02 6.381274201e-03-9.750265162e-04-8.194335736e-03-1.532416703e-02
-2.240416221e-02-2.946846373e-02-3.649312630e-02-4.340092467e-02-5.011893436e-02
-5.657896772e-02-6.271787734e-02-6.847754124e-02-7.380460951e-02-7.865007228e-02
-8.296865964e-02-8.671820170e-02-8.985894924e-02-9.235299373e-02-9.416373813e-02
-9.525557610e-02-9.559375787e-02-9.514447307e-02-9.387529644e-02-9.175592664e-02
-8.875931802e-02-8.486329013e-02-8.005250990e-02-7.432106885e-02-6.767552352e-02
-6.013824040e-02-5.175137898e-02-4.258176681e-02-3.271850946e-02-2.229662424e-02
-1.145550422e-02-2.172728123e-04 1.136160828e-02 2.322974428e-02 3.533248605e-02
 4.761381072e-02 6.001643461e-02 7.248225805e-02 8.495282388e-02 9.736990181e-02
 1.096760481e-01 1.218153910e-01 1.337344198e-01 1.453829408e-01 1.567150355e-01
 1.676901280e-01 1.782739609e-01 1.884394585e-01 1.981673687e-01 2.074464709e-01
 2.162731738e-01 2.246495632e-01 2.325776967e-01 2.400366962e-01 2.468788770e-01
 3.977495444e-02 4.093537875e-02 3.470085934e-02 2.679976262e-02 1.945969276e-02
 1.250529394e-02 5.817621946e-03-6.831271457e-04-7.051444962e-03-1.332598366e-02
-1.953513356e-02-2.570013137e-02-3.183642031e-02-3.787397965e-02-4.373976960e-02
-4.936427623e-02-5.468212441e-02-5.963232367e-02-6.415820867e-02-6.820716709e-02
-7.173024857e-02-7.468172908e-02-7.701867077e-02-7.870053494e-02-7.968892163e-02
-7.994755358e-02-7.944238931e-02-7.814211401e-02-7.601888481e-02-7.304947078e-02
-6.921682504e-02-6.451211130e-02-5.893687156e-02-5.250573164e-02-4.525075856e-02
-3.722242638e-02-2.849277857e-02-1.918794026e-02-9.360528551e-03 9.633696172e-04
 1.173713431e-02 2.291708998e-02 3.445554524e-02 4.630222544e-02 5.840392785e-02
 7.070462406e-02 8.314553645e-02 9.566540268e-02 1.082007811e-01 1.206865459e-01
 1.330565662e-01 1.452445536e-01 1.571851523e-01 1.688151510e-01 1.800748556e-01
 1.909095198e-01 2.012706697e-01 2.111171036e-01 2.204155028e-01 2.291401027e-01
 2.372711750e-01 2.447916121e-01 2.516807317e-01 2.579061388e-01 2.634224298e-01
 3.156795353e-02 3.231421846e-02 2.735212632e-02 2.104512975e-02 1.518539421e-02
 9.533365199e-03 4.007692740e-03-1.427380717e-03-6.790728279e-03-1.209330841e-02
-1.734160265e-02-2.253916117e-02-2.768756078e-02-3.275973721e-02-3.768096118e-02
-4.237994552e-02-4.678927735e-02-5.084561931e-02-5.448971689e-02-5.766629428e-02
-6.032385310e-02-6.241443759e-02-6.389345229e-02-6.471952802e-02-6.485450271e-02
-6.426367912e-02-6.291636825e-02-6.078676137e-02-5.785498023e-02-5.410832161e-02
-4.954350743e-02-4.416976127e-02-3.800987449e-02-3.109862842e-02-2.350531702e-02
-1.531190517e-02-6.518440772e-03 2.846013507e-03 1.274856459e-02 2.315585874e-02
 3.403052687e-02 4.533212633e-02 5.701659621e-02 6.903602184e-02 8.133835346e-02
 9.386716032e-02 1.065614448e-01 1.193555967e-01 1.321794986e-01 1.449588835e-01
 1.576158853e-01 1.700701712e-01 1.822401434e-01 1.940448136e-01 2.054057866e-01
 2.162495555e-01 2.265097350e-01 2.361290603e-01 2.450608612e-01 2.532696725e-01
 2.607308923e-01 2.674292625e-01 2.733567359e-01 2.785108390e-01 2.828944626e-01
 1.975421235e-02 1.920199214e-02 1.698032022e-02 1.362495578e-02 9.743400849e-03
 5.620101583e-03 1.380494330e-03-2.911156800e-03-7.216488943e-03-1.150938866e-02
-1.576978521e-02-1.998036361e-02-2.412453105e-02-2.818485720e-02-3.211227432e-02
-3.583509847e-02-3.928517550e-02-4.239830747e-02-4.511422294e-02-4.737665133e-02
-4.913339017e-02-5.033632743e-02-5.094153804e-02-5.090938887e-02-5.020470551e-02
-4.879703376e-02-4.666197678e-02-4.378287870e-02-4.015209520e-02-3.576979414e-02
-3.064705615e-02-2.481975779e-02-1.835018952e-02-1.122656932e-02-3.461550441e-03
 4.922332693e-03 1.390624978e-02 2.346818708e-02 3.358303010e-02 4.422273860e-02
 5.535579848e-02 6.694687901e-02 7.895631343e-02 9.133953604e-02 1.040464565e-01
 1.170208231e-01 1.301995963e-01 1.435124576e-01 1.568813920e-01 1.702207326e-01
 1.834374814e-01 1.964323670e-01 2.091014384e-01 2.213385850e-01 2.330387234e-01
 2.441015690e-01 2.544357777e-01 2.639629244e-01 2.726209462e-01 2.803665398e-01
 2.871760726e-01 2.930453422e-01 2.979879080e-01 3.020326793e-01 3.052214088e-01
 1.171585277e-02 1.093167340e-02 9.383888100e-03 7.208535331e-03 4.581879359e-03
 1.643062278e-03-1.497237361e-03-4.758134077e-03-8.080533677e-03-1.141947790e-02
-1.473861377e-02-1.800636385e-02-2.119318582e-02-2.426939085e-02-2.720320040e-02
-2.994614095e-02-3.243074566e-02-3.459477051e-02-3.637903187e-02-3.772844371e-02
-3.859247637e-02-3.892548755e-02-3.868724036e-02-3.784342107e-02-3.636597836e-02
-3.423010185e-02-3.141896805e-02-2.792894842e-02-2.377807164e-02-1.897864978e-02
-1.351788266e-02-7.398401824e-03-6.304721683e-04 6.779766627e-03 1.482384465e-02
 2.349042706e-02 3.276640922e-02 4.263642059e-02 5.308248101e-02 6.408363582e-02
 7.561545075e-02 8.764939752e-02 1.001520976e-01 1.130844205e-01 1.264003963e-01
 1.400460601e-01 1.539581120e-01 1.680626274e-01 1.822738499e-01 1.964932830e-01
 2.106093168e-01 2.244977802e-01 2.380236238e-01 2.510441839e-01 2.634140551e-01
 2.749914526e-01 2.856458127e-01 2.952654957e-01 3.037649094e-01 3.110899630e-01
 3.172205389e-01 3.221706750e-01 3.259852231e-01 3.287346363e-01 3.305083513e-01
 5.830147711e-03 5.023860431e-03 3.757080005e-03 2.117011114e-03 1.901877695e-04
-1.963900053e-03-4.283653980e-03-6.712087023e-03-9.198963642e-03-1.170029392e-02
-1.417680737e-02-1.659221575e-02-1.891154236e-02-2.109953204e-02-2.311906592e-02
-2.492936141e-02-2.648728713e-02-2.774379403e-02-2.864054030e-02-2.912563644e-02
-2.915271747e-02-2.868114039e-02-2.767707224e-02-2.611583097e-02-2.399297433e-02
-2.127961071e-02-1.795592156e-02-1.400997861e-02-9.436346605e-03-4.231338869e-03
 1.609758598e-03 8.089317933e-03 1.520738285e-02 2.296288311e-02 3.135333211e-02
 4.037464783e-02 5.002111941e-02 6.028521436e-02 7.115726917e-02 8.262509106e-02
 9.467335048e-02 1.072828620e-01 1.204296052e-01 1.340834349e-01 1.482065768e-01
 1.627517342e-01 1.776598097e-01 1.928574293e-01 2.082542181e-01 2.237401007e-01
 2.391830980e-01 2.544280886e-01 2.692974805e-01 2.835945486e-01 2.971104383e-01
 3.096346260e-01 3.209689556e-01 3.309431673e-01 3.394294383e-01 3.463537990e-01
 3.517020342e-01 3.555191455e-01 3.579026458e-01 3.589904307e-01 3.589461447e-01
 1.064550481e-03 2.800521324e-04-8.148410707e-04-2.128785243e-03-3.604438796e-03
-5.213871598e-03-6.923596404e-03-8.697757556e-03-1.050003243e-02-1.229456623e-02
-1.404620617e-02-1.572027619e-02-1.728213020e-02-1.869658755e-02-1.992736572e-02
-2.093664743e-02-2.168500238e-02-2.213124186e-02-2.223304659e-02-2.194954641e-02
-2.124265209e-02-2.007790842e-02-1.842516474e-02-1.625900158e-02-1.355847623e-02
-1.030293201e-02-6.474284928e-03-2.057693673e-03 2.958725901e-03 8.584842086e-03
 1.482921373e-02 2.169906720e-02 2.920040301e-02 3.733823074e-02 4.611666125e-02
 5.553891508e-02 6.560729447e-02 7.632309941e-02 8.768635982e-02 9.969551858e-02
 1.123468950e-01 1.256339252e-01 1.395460666e-01 1.540674269e-01 1.691747754e-01
 1.848349869e-01 2.010018377e-01 2.176118643e-01 2.345793693e-01 2.517906427e-01
 2.690977753e-01 2.863129676e-01 3.032045364e-01 3.194974064e-01 3.348804712e-01
 3.490235507e-01 3.616036474e-01 3.723377881e-01 3.810151218e-01 3.875219525e-01
 3.918542864e-01 3.941164913e-01 3.945055902e-01 3.932844102e-01 3.907481434e-01
-3.131414764e-03-3.898734023e-03-4.859371111e-03-5.934507062e-03-7.075129979e-03
-8.269951708e-03-9.502780595e-03-1.075255132e-02-1.199428091e-02-1.320016573e-02
-1.434047428e-02-1.538413114e-02-1.629903169e-02-1.705219041e-02-1.760978066e-02
-1.793721504e-02-1.799929143e-02-1.776048354e-02-1.718547195e-02-1.623996533e-02
-1.489141397e-02-1.310954615e-02-1.086671744e-02-8.138012143e-03-4.901025910e-03
-1.135302591e-03 3.177665181e-03 8.054457609e-03 1.350992545e-02 1.955753753e-02
 2.620972322e-02 3.347812594e-02 4.137383026e-02 4.990759121e-02 5.908999966e-02
 6.893164667e-02 7.944320893e-02 9.063549346e-02 1.025194153e-01 1.151058152e-01
 1.284051537e-01 1.424270123e-01 1.571791767e-01 1.726664006e-01 1.888885200e-01
 2.058376222e-01 2.234941869e-01 2.418216616e-01 2.607589365e-01 2.802104651e-01
 3.000334204e-01 3.200223743e-01 3.398927153e-01 3.592668473e-01 3.776717188e-01
 3.945588471e-01 4.093563259e-01 4.215463401e-01 4.307441113e-01 4.367535413e-01
 4.395915269e-01 4.394835234e-01 4.368319811e-01 4.321551323e-01 4.260048268e-01
-7.124895259e-03-7.900861965e-03-8.754425624e-03-9.617841773e-03-1.046448670e-02
-1.130425738e-02-1.213616788e-02-1.294930743e-02-1.372556390e-02-1.444193719e-02
-1.507216599e-02-1.558782437e-02-1.595903562e-02-1.615495610e-02-1.614411364e-02
-1.589469052e-02-1.537480486e-02-1.455280837e-02-1.339764894e-02-1.187926719e-02
-9.968958795e-03-7.639648386e-03-4.866062198e-03-1.624761979e-03 2.105943378e-03
 6.346178721e-03 1.111466532e-02 1.642890276e-02 2.230539361e-02 2.875992469e-02
 3.580784795e-02 4.346438873e-02 5.174492671e-02 6.066528709e-02 7.024203983e-02
 8.049277955e-02 9.143639353e-02 1.030933411e-01 1.154858992e-01 1.286383272e-01
 1.425770223e-01 1.573304831e-01 1.729290934e-01 1.894045622e-01 2.067888380e-01
 2.251121699e-01 2.443999202e-01 2.646673919e-01 2.859116198e-01 3.080988228e-01
 3.311452269e-01 3.548886180e-01 3.790471553e-01 4.031640590e-01 4.265459774e-01
 4.482344389e-01 4.670944809e-01 4.820569457e-01 4.923662542e-01 4.976784287e-01
 4.980565608e-01 4.939587710e-01 4.862221482e-01 4.759555459e-01 4.642866256e-01
-1.131034734e-02-1.216731686e-02-1.286898836e-02-1.343574747e-02-1.394534018e-02
-1.443491878e-02-1.490590534e-02-1.534554454e-02-1.573403363e-02-1.604747213e-02
-1.625936477e-02-1.634155957e-02-1.626486887e-02-1.599952950e-02-1.551556212e-02
-1.478308345e-02-1.377257239e-02-1.245513185e-02-1.080273372e-02-8.788435713e-03
-6.386562702e-03-3.572821399e-03-3.243438841e-04 3.380352369e-03 7.561474093e-03
 1.223812251e-02 1.742849687e-02 2.315012927e-02 2.942015791e-02 3.625560552e-02
 4.367370158e-02 5.169222126e-02 6.032981357e-02 6.960639355e-02 7.954353833e-02
 9.016489977e-02 1.014967114e-01 1.135682910e-01 1.264126152e-01 1.400669963e-01
 1.545737684e-01 1.699810625e-01 1.863436551e-01 2.037237285e-01 2.221915573e-01
 2.418259382e-01 2.627138196e-01 2.849488258e-01 3.086271287e-01 3.338392972e-01
 3.606544435e-01 3.890912532e-01 4.190653862e-01 4.502903819e-01 4.820749462e-01
 5.128804445e-01 5.398536322e-01 5.601606367e-01 5.725435612e-01 5.767109394e-01
 5.728244781e-01 5.615065694e-01 5.442332032e-01 5.238736271e-01 5.034459829e-01
-1.606397517e-02-1.723604277e-02-1.741306112e-02-1.740490831e-02-1.751106791e-02
-1.766345464e-02-1.782293431e-02-1.795793137e-02-1.803872735e-02-1.803583092e-02
-1.791953295e-02-1.765990816e-02-1.722697729e-02-1.659091562e-02-1.572230272e-02
-1.459235328e-02-1.317314898e-02-1.143782775e-02-9.360752971e-03-6.917625171e-03
-4.085544031e-03-8.429990703e-04 2.830201047e-03 6.953064803e-03 1.154361109e-02
 1.661910489e-02 2.219632639e-02 2.829186246e-02 3.492242473e-02 4.210516805e-02
 4.985804850e-02 5.820018059e-02 6.715224689e-02 7.673690465e-02 8.697930718e-02
 9.790761763e-02 1.095536798e-01 1.219537481e-01 1.351494043e-01 1.491886675e-01
 1.641272454e-01 1.800302266e-01 1.969740837e-01 2.150490880e-01 2.343624084e-01
 2.550418972e-01 2.772406936e-01 3.011425734e-01 3.269682525e-01 3.549812435e-01
 3.854927423e-01 4.188618362e-01 4.554888306e-01 4.958032370e-01 5.402815936e-01
 5.897186397e-01 6.333417298e-01 6.610907911e-01 6.755135655e-01 6.779466273e-01
 6.672822833e-01 6.445597409e-01 6.081115009e-01 5.678756834e-01 5.362658498e-01
-1.992705092e-02-2.125809152e-02-2.131134084e-02-2.107726784e-02-2.095413581e-02
-2.089140564e-02-2.084463089e-02-2.077459730e-02-2.064531669e-02-2.042263000e-02
-2.007349021e-02-1.956565866e-02-1.886766776e-02-1.794890688e-02-1.677980274e-02
-1.533202826e-02-1.357871482e-02-1.149462070e-02-9.056248717e-03-6.241895724e-03
-3.031605840e-03 5.929496547e-04 4.648675691e-03 9.151321778e-03 1.411579835e-02
 1.955652243e-02 2.548778433e-02 3.192410991e-02 3.888063511e-02 4.637345666e-02
 5.442001304e-02 6.303945932e-02 7.225305584e-02 8.208463344e-02 9.256111088e-02
 1.037130802e-01 1.155755221e-01 1.281887145e-01 1.415992974e-01 1.558616459e-01
 1.710395963e-01 1.872086226e-01 2.044587582e-01 2.228982895e-01 2.426587640e-01
 2.639017702e-01 2.868281900e-01 3.116909565e-01 3.388131560e-01 3.686130344e-01
 4.016388656e-01 4.386137722e-01 4.804867504e-01 5.284757016e-01 5.840884448e-01
 6.441490649e-01 6.886776090e-01 7.173323629e-01 7.310550215e-01 7.291999462e-01
 7.122140527e-01 6.777488588e-01 6.287428138e-01 5.860922933e-01 5.511043074e-01
-2.304793708e-02-2.450731577e-02-2.458548357e-02-2.434854394e-02-2.418818513e-02
-2.406791042e-02-2.395012417e-02-2.379686758e-02-2.357084491e-02-2.323573083e-02
-2.275621146e-02-2.209799551e-02-2.122790367e-02-2.011405118e-02-1.872612350e-02
-1.703568365e-02-1.501646081e-02-1.264459456e-02-9.898757547e-03-6.760154880e-03
-3.212387674e-03 7.588237640e-04 5.166023038e-03 1.002047869e-02 1.533269233e-02
 2.111291324e-02 2.737163386e-02 3.412005311e-02 4.137049240e-02 4.913677654e-02
 5.743458119e-02 6.628177318e-02 7.569877806e-02 8.570894602e-02 9.633900976e-02
 1.076196657e-01 1.195861996e-01 1.322793811e-01 1.457464547e-01 1.600425989e-01
 1.752325446e-01 1.913928986e-01 2.086150051e-01 2.270089090e-01 2.467086018e-01
 2.678793668e-01 2.907280623e-01 3.155182005e-01 3.425923883e-01 3.724074957e-01
 4.055914880e-01 4.430389999e-01 4.860714377e-01 5.366482736e-01 5.969181060e-01
 6.495996715e-01 6.880806086e-01 7.125460504e-01 7.226059437e-01 7.181712985e-01
 6.965284941e-01 6.560748218e-01 6.128098366e-01 5.761787891e-01 5.448958277e-01
-2.558013238e-02-2.717925428e-02-2.744566271e-02-2.732835521e-02-2.726637575e-02
-2.722708878e-02-2.717247975e-02-2.706355042e-02-2.686155961e-02-2.652848512e-02
-2.602709457e-02-2.532100864e-02-2.437487988e-02-2.315477842e-02-2.162873185e-02
-1.976731789e-02-1.754424724e-02-1.493678798e-02-1.192600655e-02-8.496742637e-03
-4.637330829e-03-3.390877391e-04 4.404375737e-03 9.597948694e-03 1.524584001e-02
 2.135235822e-02 2.792260417e-02 3.496303404e-02 4.248192158e-02 5.048969758e-02
 5.899921438e-02 6.802596891e-02 7.758832717e-02 8.770773566e-02 9.840904933e-02
 1.097208710e-01 1.216761098e-01 1.343125551e-01 1.476737409e-01 1.618100107e-01
 1.767797469e-01 1.926511078e-01 2.095041573e-01 2.274335474e-01 2.465521693e-01
 2.669957281e-01 2.889292241e-01 3.125553131e-01 3.381266595e-01 3.659631014e-01
 3.964789510e-01 4.302289485e-01 4.680055678e-01 5.111792684e-01 5.573716164e-01
 5.955576896e-01 6.241795423e-01 6.425761580e-01 6.505413058e-01 6.463819145e-01
 6.295006871e-01 6.006523370e-01 5.725252030e-01 5.463963747e-01 5.224887731e-01
-2.774291672e-02-2.953778018e-02-2.998113263e-02-3.008963540e-02-3.025806506e-02
-3.043808229e-02-3.058303519e-02-3.064936772e-02-3.059627675e-02-3.038449027e-02
-2.997518703e-02-2.932950854e-02-2.840877137e-02-2.717524766e-02-2.559330502e-02
-2.363071407e-02-2.125983682e-02-1.845853223e-02-1.521063870e-02-1.150593534e-02
-7.339612988e-03-2.711297479e-03 2.376224875e-03 7.918421179e-03 1.391039792e-02
 2.034811486e-02 2.722934636e-02 3.455435860e-02 4.232632753e-02 5.055154109e-02
 5.923943967e-02 6.840260333e-02 7.805668551e-02 8.822038770e-02 9.891549486e-02
 1.101670264e-01 1.220034211e-01 1.344569029e-01 1.475639045e-01 1.613656579e-01
 1.759087890e-01 1.912461369e-01 2.074374856e-01 2.245505302e-01 2.426617146e-01
 2.618568241e-01 2.822309733e-01 3.038874567e-01 3.269333543e-01 3.514687121e-01
 3.775613903e-01 4.051876068e-01 4.340920744e-01 4.634878335e-01 4.917241933e-01
 5.166586639e-01 5.365247728e-01 5.501887203e-01 5.570148827e-01 5.568279029e-01
 5.501129031e-01 5.383216143e-01 5.235418677e-01 5.075151325e-01 4.913070800e-01
-2.934646612e-02-3.136977926e-02-3.214494890e-02-3.265383837e-02-3.323246914e-02
-3.379733860e-02-3.428892788e-02-3.466343878e-02-3.488415854e-02-3.491518646e-02
-3.471801430e-02-3.425056115e-02-3.346794098e-02-3.232445940e-02-3.077628650e-02
-2.878428626e-02-2.631654587e-02-2.335022396e-02-1.987249771e-02-1.588050465e-02
-1.138023654e-02-6.384600856e-03-9.109084785e-04 5.021799327e-03 1.139519739e-02
 1.819361566e-02 2.540532872e-02 3.302323079e-02 4.104500258e-02 4.947289091e-02
 5.831332144e-02 6.757637108e-02 7.727529114e-02 8.742608881e-02 9.804721165e-02
 1.091594026e-01 1.207856165e-01 1.329510809e-01 1.456833632e-01 1.590124668e-01
 1.729708314e-01 1.875931621e-01 2.029161155e-01 2.189775408e-01 2.358150929e-01
 2.534638344e-01 2.719522715e-01 2.912956179e-01 3.114847840e-01 3.324681519e-01
 3.541231753e-01 3.762132527e-01 3.983325067e-01 4.198586345e-01 4.399633707e-01
 4.577216507e-01 4.722789824e-01 4.829875233e-01 4.894809427e-01 4.917158484e-01
 4.899942577e-01 4.849336147e-01 4.773429630e-01 4.680431185e-01 4.577317835e-01
-3.001988304e-02-3.220763805e-02-3.374376896e-02-3.507441661e-02-3.635123000e-02
-3.749181327e-02-3.846136850e-02-3.925180809e-02-3.985324128e-02-4.024401308e-02
-4.038837179e-02-4.023735971e-02-3.973210231e-02-3.880894184e-02-3.740561384e-02
-3.546728188e-02-3.295161197e-02-2.983232780e-02-2.610098573e-02-2.176679482e-02
-1.685437193e-02-1.139964629e-02-5.444559851e-03 9.683785029e-04 7.800646708e-03
 1.502074202e-02 2.260561089e-02 3.054078866e-02 3.881970054e-02 4.744249198e-02
 5.641470477e-02 6.574595708e-02 7.544877392e-02 8.553767216e-02 9.602846194e-02
 1.069378405e-01 1.182831750e-01 1.300824137e-01 1.423539965e-01 1.551166773e-01
 1.683891118e-01 1.821891070e-01 1.965325922e-01 2.114318609e-01 2.268933654e-01
 2.429142295e-01 2.594775261e-01 2.765455545e-01 2.940505744e-01 3.118829131e-01
 3.298759165e-01 3.477907183e-01 3.653043805e-01 3.820107876e-01 3.974421025e-01
 4.111134710e-01 4.225822391e-01 4.315050243e-01 4.376817045e-01 4.410796167e-01
 4.418357613e-01 4.402334990e-01 4.366554321e-01 4.315240682e-01 4.252486526e-01
-3.046006338e-02-3.289553899e-02-3.532601891e-02-3.778666252e-02-4.019190374e-02
-4.191792381e-02-4.334264624e-02-4.455671457e-02-4.559473322e-02-4.645308106e-02
-4.709400237e-02-4.744863137e-02-4.742409664e-02-4.691551623e-02-4.582012814e-02
-4.404985905e-02-4.154036567e-02-3.825680909e-02-3.419691703e-02-2.939124225e-02
-2.389930200e-02-1.780077082e-02-1.118304569e-02-4.128718865e-03 3.293352143e-03
 1.103200659e-02 1.905371610e-02 2.734030422e-02 3.588590777e-02 4.469392064e-02
 5.377411854e-02 6.314007199e-02 7.280705875e-02 8.279049408e-02 9.310503310e-02
 1.037640051e-01 1.147793457e-01 1.261618287e-01 1.379213034e-01 1.500666441e-01
 1.626051069e-01 1.755413116e-01 1.888757945e-01 2.026031315e-01 2.167095989e-01
 2.311701775e-01 2.459447682e-01 2.609736026e-01 2.761718631e-01 2.914239168e-01
 3.065777423e-01 3.214414717e-01 3.357838390e-01 3.493408263e-01 3.618304430e-01
 3.729744556e-01 3.825248183e-01 3.902890981e-01 3.961511551e-01 4.000826179e-01
 4.021437464e-01 4.024731221e-01 4.012683032e-01 3.987612722e-01 3.951945303e-01
-3.117860295e-02-3.398436679e-02-3.703896330e-02-4.043538502e-02-4.415583986e-02
-4.708869761e-02-4.902998731e-02-5.053907636e-02-5.201297250e-02-5.345765130e-02
-5.482701585e-02-5.600602180e-02-5.681891368e-02-5.706356460e-02-5.655111742e-02
-5.513112620e-02-5.270075053e-02-4.920784745e-02-4.465582594e-02-3.911048180e-02
-3.270059836e-02-2.560018754e-02-1.799188362e-02-1.003053231e-02-1.825849991e-03
 6.555957778e-03 1.508222986e-02 2.374362940e-02 3.254663938e-02 4.150858900e-02
 5.065324530e-02 6.000594416e-02 6.958988315e-02 7.942462724e-02 8.952539408e-02
 9.990230203e-02 1.105604247e-01 1.215017885e-01 1.327277868e-01 1.442396045e-01
 1.560368389e-01 1.681157945e-01 1.804679037e-01 1.930778621e-01 2.059218138e-01
 2.189652324e-01 2.321604938e-01 2.454443275e-01 2.587353587e-01 2.719318570e-01
 2.849105299e-01 2.975270450e-01 3.096187412e-01 3.210105002e-01 3.315238059e-01
 3.409884571e-01 3.492553232e-01 3.562087120e-01 3.617761732e-01 3.659341632e-01
 3.687087297e-01 3.701711893e-01 3.704295458e-01 3.696174624e-01 3.678824010e-01
-3.153805807e-02-3.456232697e-02-3.793972361e-02-4.179231444e-02-4.622379321e-02
-5.027633527e-02-5.369205031e-02-5.646061891e-02-5.859396982e-02-6.075410546e-02
-6.325995177e-02-6.591867653e-02-6.830658016e-02-6.995051360e-02-7.049422711e-02
-6.971581286e-02-6.747861946e-02-6.370045245e-02-5.835852766e-02-5.153416086e-02
-4.348524282e-02-3.464819497e-02-2.546237037e-02-1.620488981e-02-6.997163931e-03
 2.128398919e-03 1.118094852e-02 2.018703346e-02 2.918076713e-02 3.820568707e-02
 4.732251546e-02 5.658264074e-02 6.601877522e-02 7.565563917e-02 8.551246661e-02
 9.559940541e-02 1.059045122e-01 1.164059266e-01 1.270984114e-01 1.379820110e-01
 1.490547358e-01 1.603102685e-01 1.717365385e-01 1.833146960e-01 1.950178744e-01
 2.068100275e-01 2.186447383e-01 2.304639966e-01 2.421974391e-01 2.537618280e-01
 2.650614379e-01 2.759895624e-01 2.864311335e-01 2.962670027e-01 3.053794208e-01
 3.136585654e-01 3.210093083e-01 3.273575306e-01 3.326551616e-01 3.368830977e-01
 3.400516512e-01 3.421989379e-01 3.433866799e-01 3.436948658e-01 3.432156744e-01
-3.126215936e-02-3.428528086e-02-3.763612733e-02-4.136861861e-02-4.552191499e-02
-5.010172722e-02-5.481336633e-02-5.910811943e-02-6.300165498e-02-6.655985863e-02
-7.105325907e-02-7.695150372e-02-8.286266777e-02-8.702887583e-02-8.922394365e-02
-8.942043030e-02-8.756107843e-02-8.352410793e-02-7.711631071e-02-6.809750944e-02
-5.643978727e-02-4.399860662e-02-3.235355765e-02-2.149330836e-02-1.124559983e-02
-1.453700417e-03 8.005304146e-03 1.722344954e-02 2.626635146e-02 3.517685842e-02
 4.412652558e-02 5.319404614e-02 6.239890301e-02 7.177411020e-02 8.134387445e-02
 9.113849711e-02 1.011243687e-01 1.111827715e-01 1.213375479e-01 1.315993369e-01
 1.419700979e-01 1.524446009e-01 1.630109102e-01 1.736502349e-01 1.843366624e-01
 1.950366945e-01 2.057089211e-01 2.163036168e-01 2.267627568e-01 2.370202841e-01
 2.470029890e-01 2.566318810e-01 2.658244374e-01 2.744973897e-01 2.825702128e-01
 2.899687884e-01 2.966293695e-01 3.025019467e-01 3.075528743e-01 3.117666545e-01
 3.151463568e-01 3.177126645e-01 3.195020260e-01 3.205638527e-01 3.209573327e-01
-3.033424911e-02-3.319979829e-02-3.633857146e-02-3.978124634e-02-4.355804250e-02
-4.770015926e-02-5.224731564e-02-5.726359042e-02-6.244575606e-02-6.743147224e-02
-7.387840000e-02-8.329530066e-02-9.324809915e-02-9.953912348e-02-1.030071526e-01
-1.039873883e-01-1.025074273e-01-9.842837614e-02-9.141838551e-02-8.076301217e-02
-6.507436931e-02-4.901681840e-02-3.568677593e-02-2.397905482e-02-1.329698786e-02
-3.300473618e-03 6.219558476e-03 1.539805526e-02 2.432263258e-02 3.305141616e-02
 4.176882282e-02 5.056519830e-02 5.946303508e-02 6.849251699e-02 7.768065506e-02
 8.705873031e-02 9.658163798e-02 1.061240361e-01 1.157061755e-01 1.253391207e-01
 1.350250095e-01 1.447585971e-01 1.545282603e-01 1.643162222e-01 1.740988494e-01
 1.838465333e-01 1.935237349e-01 2.030891032e-01 2.124957592e-01 2.216918320e-01
 2.306212782e-01 2.392251788e-01 2.474432290e-01 2.552157639e-01 2.624858319e-01
 2.692015767e-01 2.753184141e-01 2.808010282e-01 2.856249511e-01 2.897775470e-01
 2.932583091e-01 2.960785032e-01 2.982601824e-01 2.998346387e-01 3.008406758e-01
-0.214194488E+01-0.216850090E+01-0.217865634E+01-0.218979120E+01-0.220209146E+01
-0.221417737E+01-0.223117733E+01-0.224227476E+01-0.225417423E+01-0.226621532E+01
-0.227852774E+01-0.229036999E+01-0.230296493E+01-0.231551886E+01-0.232851791E+01
-0.234111977E+01-0.235445952E+01-0.236823130E+01-0.238207507E+01-0.239608264E+01
-0.241086483E+01-0.242609668E+01-0.244186163E+01-0.245779037E+01-0.247461176E+01
-0.249192286E+01-0.250998735E+01-0.252881169E+01-0.254831147E+01-0.256872320E+01
-0.258985806E+01-0.261198068E+01-0.263523936E+01-0.265959525E+01-0.268511248E+01
-0.271175075E+01-0.273974037E+01-0.276921511E+01-0.280031586E+01-0.283303666E+01
-0.286757970E+01-0.290401506E+01-0.294249725E+01-0.298341394E+01-0.302684450E+01
-0.307288885E+01-0.312203193E+01-0.317438102E+01-0.323028803E+01-0.329040861E+01
-0.335483909E+01-0.342431712E+01-0.349969029E+01-0.358119822E+01-0.367046285E+01
-0.376795793E+01-0.387556696E+01-0.399572802E+01-0.412964821E+01-0.428177547E+01
-0.445521688E+01-0.465847731E+01-0.490063572E+01-0.519829178E+01-0.557826233E+01
   78  117
 0.101735067E+01-0.500000007E-01 0.101708150E+01 0.500000007E-01 0.102593756E+01
 0.145242319E+00 0.103425241E+01 0.200000003E+00 0.105250001E+01 0.286495447E+00
 0.106778944E+01 0.349999994E+00 0.108058047E+01 0.400000006E+00 0.110562503E+01
 0.497492015E+00 0.111962271E+01 0.550000012E+00 0.113403463E+01 0.600000024E+00
 0.115875006E+01 0.671901344E+00 0.118531251E+01 0.726280392E+00 0.121187496E+01
 0.763177097E+00 0.125885475E+01 0.800000012E+00 0.129156256E+01 0.814404666E+00
 0.134468746E+01 0.820894242E+00 0.139781248E+01 0.814844906E+00 0.145074987E+01
 0.800000011E+00 0.147749996E+01 0.791376829E+00 0.153062498E+01 0.769654214E+00
 0.156871951E+01 0.750000000E+00 0.161031246E+01 0.728714346E+00 0.165747940E+01
 0.699999989E+00 0.169000006E+01 0.680221797E+00 0.173395443E+01 0.649999977E+00
 0.176968753E+01 0.625320196E+00 0.180300403E+01 0.600000025E+00 0.184937501E+01
 0.564110041E+00 0.187593746E+01 0.542090951E+00 0.192416298E+01 0.499999999E+00
 0.195562506E+01 0.470942973E+00 0.198218751E+01 0.444703666E+00 0.202420425E+01
 0.400000007E+00 0.206187511E+01 0.354914753E+00 0.208843756E+01 0.318915991E+00
 0.211500001E+01 0.278093993E+00 0.214156246E+01 0.229675725E+00 0.216812491E+01
 0.166937456E+00 0.218743539E+01 0.999999959E-01 0.219486141E+01 0.499999998E-01
 0.219468761E+01-0.353102982E-01 0.218514156E+01-0.100000002E+00 0.216812491E+01
-0.156806694E+00 0.214156246E+01-0.218889608E+00 0.211500001E+01-0.267227412E+00
 0.208843756E+01-0.308026133E+00 0.205701947E+01-0.349999995E+00 0.201403523E+01
-0.400000005E+00 0.198218751E+01-0.433377773E+00 0.195562506E+01-0.459430397E+00
 0.191100466E+01-0.500000000E+00 0.187593746E+01-0.530235827E+00 0.184937501E+01
-0.551612317E+00 0.179624998E+01-0.592670799E+00 0.176968753E+01-0.612189233E+00
 0.171656251E+01-0.648389936E+00 0.169000006E+01-0.666089715E+00 0.163687503E+01
-0.697710752E+00 0.161031246E+01-0.713051975E+00 0.155718756E+01-0.739960968E+00
 0.153062499E+01-0.751506984E+00 0.147749996E+01-0.773111284E+00 0.142437506E+01
-0.788043082E+00 0.137125003E+01-0.795589031E+00 0.131812501E+01-0.793841659E+00
 0.126499998E+01-0.777851462E+00 0.122636747E+01-0.750000001E+00 0.118531251E+01
-0.701934458E+00 0.115875006E+01-0.653987052E+00 0.113660812E+01-0.600000025E+00
 0.111971939E+01-0.550000012E+00 0.110481369E+01-0.500000002E+00 0.107906246E+01
-0.405143259E+00 0.106509757E+01-0.349999992E+00 0.105250001E+01-0.295571655E+00
 0.103371620E+01-0.200000005E+00 0.102593756E+01-0.144664340E+00 0.101735070E+01
-0.499999989E-01
 0.101600003E+01 0.000000000E+00 0.101600003E+01 0.963999987E+00 0.101600003E+01
 0.967999995E+00 0.101600003E+01 0.100100005E+01 0.101600003E+01 0.101900005E+01
 0.101600003E+01 0.107700002E+01 0.101600003E+01 0.107000005E+01 0.101600003E+01
 0.109599996E+01 0.101600003E+01 0.111300004E+01 0.101600003E+01 0.113800001E+01
 0.101600003E+01 0.114699996E+01 0.101199996E+01 0.116499996E+01 0.100100005E+01
 0.121700001E+01 0.102900004E+01 0.121700001E+01 0.104200006E+01 0.116240001E+01
 0.104600000E+01 0.116237998E+01 0.105599999E+01 0.116260004E+01 0.109700000E+01
 0.116450000E+01 0.110800004E+01 0.116594005E+01 0.111600006E+01 0.116591001E+01
 0.113399994E+01 0.116895998E+01 0.114800000E+01 0.117174995E+01 0.116199994E+01
 0.117556000E+01 0.118099999E+01 0.118299997E+01 0.118200004E+01 0.118350005E+01
 0.118499994E+01 0.118499994E+01 0.119000006E+01 0.118799996E+01 0.119500005E+01
 0.119099998E+01 0.120099998E+01 0.119599998E+01 0.120899999E+01 0.120200002E+01
 0.121500003E+01 0.120799994E+01 0.122200000E+01 0.121399999E+01 0.122800004E+01
 0.122099996E+01 0.123399997E+01 0.123099995E+01 0.123899996E+01 0.123800004E+01
 0.124199998E+01 0.124399996E+01 0.124800003E+01 0.125399995E+01 0.125800002E+01
 0.127800000E+01 0.126300001E+01 0.128999996E+01 0.127999997E+01 0.133099997E+01
 0.127999997E+01 0.134700000E+01 0.127999997E+01 0.134800005E+01 0.130999994E+01
 0.134800005E+01 0.132799995E+01 0.134800005E+01 0.136099994E+01 0.134800005E+01
 0.138000000E+01 0.134800005E+01 0.141900003E+01 0.134800005E+01 0.141900003E+01
 0.130999994E+01 0.137199998E+01 0.130999994E+01 0.137167001E+01 0.129237998E+01
 0.137003005E+01 0.128268003E+01 0.136688006E+01 0.125644004E+01 0.136719000E+01
 0.122955000E+01 0.137178004E+01 0.119576001E+01 0.137223995E+01 0.119402003E+01
 0.138662004E+01 0.116487002E+01 0.138707995E+01 0.116420996E+01 0.140382004E+01
 0.115696001E+01 0.141127002E+01 0.115730000E+01 0.141857004E+01 0.116131997E+01
 0.142100000E+01 0.116400003E+01 0.148662996E+01 0.124049997E+01 0.149730003E+01
 0.123458004E+01 0.149761999E+01 0.123427999E+01 0.149744999E+01 0.123174000E+01
 0.149275005E+01 0.121329999E+01 0.149259996E+01 0.121061003E+01 0.149260998E+01
 0.120485997E+01 0.149278998E+01 0.120213997E+01 0.149339998E+01 0.119641995E+01
 0.149469995E+01 0.118510997E+01 0.149621999E+01 0.116069996E+01 0.147981000E+01
 0.112425995E+01 0.148081994E+01 0.112256002E+01 0.148149002E+01 0.112137997E+01
 0.148645997E+01 0.111691999E+01 0.149094999E+01 0.111439002E+01 0.150304997E+01
 0.111243999E+01 0.159696996E+01 0.109489000E+01 0.162549996E+01 0.108529997E+01
 0.163751996E+01 0.107988000E+01 0.164699996E+01 0.107700002E+01 0.178499997E+01
 0.107700002E+01 0.206999993E+01 0.103999996E+01 0.212800002E+01 0.992999971E+00
 0.224499989E+01 0.708999991E+00 0.233956003E+01 0.461430013E+00 0.234707999E+01
 0.415829986E+00 0.234912992E+01 0.272179991E+00 0.235103011E+01 0.170179993E+00
 0.235157990E+01 0.701199993E-01 0.235124993E+01-0.317899995E-01 0.235050988E+01
-0.144350007E+00 0.234964991E+01-0.214829996E+00 0.234870005E+01-0.326689988E+00
 0.234759998E+01-0.386770010E+00 0.234019995E+01-0.453040004E+00 0.232942009E+01
-0.477569997E+00 0.213400006E+01-0.972999990E+00 0.178600001E+01-0.117400002E+01
 0.176800001E+01-0.121099997E+01 0.176800001E+01-0.125000000E+01 0.168200004E+01
-0.125000000E+01 0.137199998E+01-0.125000000E+01 0.137199998E+01-0.132900000E+01
 0.141999996E+01-0.132900000E+01 0.141999996E+01-0.136300004E+01 0.127300000E+01
-0.136300004E+01 0.115300000E+01-0.136300004E+01 0.101600003E+01-0.122300005E+01
 0.101600003E+01-0.122300005E+01 0.101600003E+01-0.829999983E+00 0.101600003E+01
-0.800000012E+00 0.101600003E+01-0.414999992E+00 0.101600003E+01-0.400000006E+00
 0.101600003E+01-0.100000005E-02 0.101600003E+01 0.000000000E+00
    0 0.169550002E+01    0
 0.000000000E+00 0.106923021E+00 0.151692837E+00 0.186259747E+00 0.215486139E+00
 0.241378516E+00 0.263384610E+00 0.285046220E+00 0.305408359E+00 0.324701428E+00
 0.342899829E+00 0.360220879E+00 0.376946658E+00 0.393057465E+00 0.408575177E+00
 0.423552454E+00 0.438137829E+00 0.452420861E+00 0.466284454E+00 0.479813486E+00
 0.493009925E+00 0.506001592E+00 0.518771470E+00 0.531324983E+00 0.543588221E+00
 0.555696189E+00 0.567620099E+00 0.579431176E+00 0.591116905E+00 0.602594972E+00
 0.613952458E+00 0.625208974E+00 0.636374712E+00 0.647477984E+00 0.658463538E+00
 0.669376850E+00 0.680199265E+00 0.690966845E+00 0.701744080E+00 0.712443233E+00
 0.723106086E+00 0.733757257E+00 0.744358420E+00 0.754979908E+00 0.765610278E+00
 0.776231110E+00 0.786895335E+00 0.797569513E+00 0.808274627E+00 0.819061279E+00
 0.829878747E+00 0.840785265E+00 0.851803541E+00 0.862886727E+00 0.874134779E+00
 0.885481060E+00 0.896996200E+00 0.908747315E+00 0.920673728E+00 0.932897568E+00
 0.945376337E+00 0.958268881E+00 0.971586704E+00 0.985436976E+00 0.100000000E+01
    0
