  EFITD    03/02/2017    #170672  2000ms  EFIT01   0  65  65
 0.170000005E+01 0.320000005E+01 0.169550002E+01 0.839999974E+00 0.000000000E+00
 0.174818969E+01-0.332754689E-02-0.237539694E+00-0.242411374E-02-0.200579309E+01
 0.891209125E+06-0.237539694E+00 0.000000000E+00 0.174818969E+01 0.000000000E+00
-0.332754689E-02 0.000000000E+00-0.242411374E-02 0.000000000E+00 0.000000000E+00
-0.341697597E+01-0.341637349E+01-0.341578531E+01-0.341521120E+01-0.341465116E+01
-0.341410470E+01-0.341357183E+01-0.341305232E+01-0.341254640E+01-0.341205359E+01
-0.341157365E+01-0.341110682E+01-0.341065264E+01-0.341021109E+01-0.340978193E+01
-0.340936494E+01-0.340896034E+01-0.340856743E+01-0.340818667E+01-0.340781736E+01
-0.340745974E+01-0.340711355E+01-0.340677857E+01-0.340645456E+01-0.340614152E+01
-0.340583944E+01-0.340554786E+01-0.340526676E+01-0.340499592E+01-0.340473533E+01
-0.340448475E+01-0.340424395E+01-0.340401316E+01-0.340379167E+01-0.340357971E+01
-0.340337682E+01-0.340318322E+01-0.340299845E+01-0.340282249E+01-0.340265536E+01
-0.340249658E+01-0.340234590E+01-0.340220380E+01-0.340206933E+01-0.340194297E+01
-0.340182424E+01-0.340171289E+01-0.340160918E+01-0.340151262E+01-0.340142322E+01
-0.340134048E+01-0.340126467E+01-0.340119553E+01-0.340113282E+01-0.340107632E+01
-0.340102577E+01-0.340098143E+01-0.340094280E+01-0.340090990E+01-0.340088248E+01
-0.340086055E+01-0.340084362E+01-0.340083170E+01-0.340082479E+01-0.340082240E+01
 0.962976875E+05 0.933221797E+05 0.903930469E+05 0.875102969E+05 0.846739609E+05
 0.818840391E+05 0.791405469E+05 0.764435078E+05 0.737929375E+05 0.711888437E+05
 0.686312500E+05 0.661201719E+05 0.636556172E+05 0.612376055E+05 0.588661523E+05
 0.565412773E+05 0.542629883E+05 0.520313086E+05 0.498462461E+05 0.477078242E+05
 0.456160547E+05 0.435709492E+05 0.415725313E+05 0.396208086E+05 0.377158047E+05
 0.358575273E+05 0.340459961E+05 0.322812266E+05 0.305632344E+05 0.288920332E+05
 0.272676406E+05 0.256900703E+05 0.241593398E+05 0.226754648E+05 0.212384590E+05
 0.198483379E+05 0.185051191E+05 0.172088164E+05 0.159594473E+05 0.147570244E+05
 0.136015664E+05 0.124930859E+05 0.114316006E+05 0.104171250E+05 0.944967480E+04
 0.852926660E+04 0.765591406E+04 0.682963428E+04 0.605044238E+04 0.531835352E+04
 0.463338379E+04 0.399554834E+04 0.340486304E+04 0.286134326E+04 0.236500439E+04
 0.191586243E+04 0.151393262E+04 0.115923047E+04 0.851771790E+03 0.591571899E+03
 0.378646454E+03 0.213010986E+03 0.946810532E+02 0.236722069E+02 0.000000000E+00
-0.566927614E+00-0.553553522E+00-0.540320871E+00-0.527229670E+00-0.514280079E+00
-0.501472171E+00-0.488806071E+00-0.476281824E+00-0.463899525E+00-0.451659291E+00
-0.439561217E+00-0.427605392E+00-0.415791898E+00-0.404120862E+00-0.392592372E+00
-0.381206511E+00-0.369963350E+00-0.358863024E+00-0.347905636E+00-0.337091238E+00
-0.326419950E+00-0.315891862E+00-0.305507064E+00-0.295265644E+00-0.285167754E+00
-0.275213420E+00-0.265402734E+00-0.255735845E+00-0.246212840E+00-0.236833781E+00
-0.227598771E+00-0.218507916E+00-0.209561303E+00-0.200759038E+00-0.192101210E+00
-0.183587909E+00-0.175219223E+00-0.166995272E+00-0.158916131E+00-0.150981903E+00
-0.143192679E+00-0.135548562E+00-0.128049627E+00-0.120695993E+00-0.113487750E+00
-0.106424980E+00-0.995077868E-01-0.927362586E-01-0.861105027E-01-0.796306056E-01
-0.732966585E-01-0.671087722E-01-0.610670266E-01-0.551715198E-01-0.494223497E-01
-0.438196099E-01-0.383633972E-01-0.330538044E-01-0.278909263E-01-0.228748583E-01
-0.180056954E-01-0.132835340E-01-0.870846666E-02-0.428059089E-02 0.000000000E+00
-0.816262375E+06-0.803641625E+06-0.791016688E+06-0.778387500E+06-0.765754000E+06
-0.753116375E+06-0.740474438E+06-0.727828313E+06-0.715177937E+06-0.702523313E+06
-0.689864500E+06-0.677201375E+06-0.664534062E+06-0.651862562E+06-0.639186750E+06
-0.626506750E+06-0.613822500E+06-0.601134062E+06-0.588441312E+06-0.575744375E+06
-0.563043187E+06-0.550337812E+06-0.537628125E+06-0.524914250E+06-0.512196156E+06
-0.499473781E+06-0.486747219E+06-0.474016406E+06-0.461281344E+06-0.448542062E+06
-0.435798563E+06-0.423050812E+06-0.410298813E+06-0.397542594E+06-0.384782156E+06
-0.372017469E+06-0.359248562E+06-0.346475406E+06-0.333698000E+06-0.320916406E+06
-0.308130531E+06-0.295340469E+06-0.282546125E+06-0.269747594E+06-0.256944797E+06
-0.244137781E+06-0.231326531E+06-0.218511031E+06-0.205691312E+06-0.192867359E+06
-0.180039172E+06-0.167206750E+06-0.154370094E+06-0.141529203E+06-0.128684078E+06
-0.115834727E+06-0.102981133E+06-0.901233125E+05-0.772612500E+05-0.643949609E+05
-0.515244375E+05-0.386496758E+05-0.257706855E+05-0.128874600E+05 0.000000000E+00
 1.972178966e-01 1.968627870e-01 1.961942166e-01 1.951417923e-01 1.937066615e-01
 1.919441670e-01 1.899305284e-01 1.877350062e-01 1.853823214e-01 1.828776598e-01
 1.803060771e-01 1.777012050e-01 1.750750393e-01 1.724426299e-01 1.698021740e-01
 1.671514958e-01 1.644879133e-01 1.618089229e-01 1.591133922e-01 1.564032436e-01
 1.536852867e-01 1.509544551e-01 1.482123733e-01 1.454762668e-01 1.427643150e-01
 1.400950849e-01 1.374868006e-01 1.349565088e-01 1.325194240e-01 1.301868558e-01
 1.278922409e-01 1.255992055e-01 1.232860908e-01 1.209120452e-01 1.184347271e-01
 1.158124954e-01 1.130460650e-01 1.101915985e-01 1.072508544e-01 1.042457447e-01
 1.012123301e-01 9.819217771e-02 9.522397071e-02 9.233872604e-02 8.955919003e-02
 8.690154547e-02 8.437778056e-02 8.199759567e-02 7.976973802e-02 7.770277548e-02
 7.580545556e-02 7.408677787e-02 7.255581766e-02 7.122142607e-02 7.009187352e-02
 6.917432707e-02 6.847444182e-02 6.799586117e-02 6.773986673e-02 6.770504254e-02
 6.788710516e-02 6.827887142e-02 6.887032080e-02 6.964888435e-02 7.059975725e-02
 1.997521520e-01 1.990801544e-01 1.981266290e-01 1.968577653e-01 1.952721477e-01
 1.933943182e-01 1.912467182e-01 1.888476164e-01 1.862372607e-01 1.834532470e-01
 1.805873812e-01 1.776806116e-01 1.747477651e-01 1.718023121e-01 1.688510329e-01
 1.658979654e-01 1.629457176e-01 1.599963159e-01 1.570519805e-01 1.541157663e-01
 1.511914432e-01 1.482795477e-01 1.453827918e-01 1.425096244e-01 1.396700740e-01
 1.368745566e-01 1.341332197e-01 1.314555853e-01 1.288504153e-01 1.263242215e-01
 1.238125264e-01 1.212835014e-01 1.187267230e-01 1.161216423e-01 1.134458631e-01
 1.106753275e-01 1.078243703e-01 1.049491912e-01 1.020462811e-01 9.912306815e-02
 9.619515383e-02 9.328276670e-02 9.040751320e-02 8.759012807e-02 8.484937996e-02
 8.220192778e-02 7.966288191e-02 7.724644983e-02 7.496663916e-02 7.283767324e-02
 7.087427389e-02 6.909159583e-02 6.750500208e-02 6.612962473e-02 6.497978431e-02
 6.406830257e-02 6.340580428e-02 6.299999356e-02 6.285502750e-02 6.297106307e-02
 6.334391976e-02 6.396501511e-02 6.482151890e-02 6.589678675e-02 6.717096275e-02
 2.030280680e-01 2.022539675e-01 2.011070997e-01 1.995830684e-01 1.977077871e-01
 1.954744011e-01 1.929276138e-01 1.901227236e-01 1.871099175e-01 1.839730292e-01
 1.807660311e-01 1.775184423e-01 1.742503196e-01 1.709762811e-01 1.677066385e-01
 1.644486189e-01 1.612072289e-01 1.579861342e-01 1.547882855e-01 1.516162604e-01
 1.484725028e-01 1.453595161e-01 1.422803401e-01 1.392389088e-01 1.362397820e-01
 1.332875192e-01 1.303860545e-01 1.275379955e-01 1.247434467e-01 1.219959259e-01
 1.192705110e-01 1.165463701e-01 1.138112321e-01 1.110531613e-01 1.082607061e-01
 1.054258943e-01 1.025569738e-01 9.967186308e-02 9.677622464e-02 9.387588498e-02
 9.097955364e-02 8.809847379e-02 8.524558699e-02 8.243474364e-02 7.968029386e-02
 7.699694473e-02 7.439997798e-02 7.190562034e-02 6.953140342e-02 6.729643786e-02
 6.522150344e-02 6.332883250e-02 6.164168182e-02 6.018355855e-02 5.897727236e-02
 5.804382265e-02 5.740123993e-02 5.706342298e-02 5.703909684e-02 5.733093614e-02
 5.793500686e-02 5.884057289e-02 6.003035221e-02 6.148121128e-02 6.316529948e-02
 2.074478716e-01 2.066995055e-01 2.053357214e-01 2.033905684e-01 2.009618133e-01
 1.981095672e-01 1.949332058e-01 1.915466040e-01 1.880319714e-01 1.844383478e-01
 1.808022708e-01 1.771504582e-01 1.735019535e-01 1.698702276e-01 1.662646383e-01
 1.626916081e-01 1.591555328e-01 1.556594670e-01 1.522055715e-01 1.487955450e-01
 1.454308183e-01 1.421127766e-01 1.388428509e-01 1.356225312e-01 1.324531884e-01
 1.293357611e-01 1.262702644e-01 1.232552304e-01 1.202868148e-01 1.173581332e-01
 1.144594849e-01 1.115802304e-01 1.087104082e-01 1.058414430e-01 1.029666663e-01
 1.000823156e-01 9.718810761e-02 9.428624067e-02 9.137982872e-02 8.847255257e-02
 8.556909126e-02 8.267537510e-02 7.979868341e-02 7.694765920e-02 7.413239771e-02
 7.136476779e-02 6.865879899e-02 6.603123987e-02 6.350210297e-02 6.109507760e-02
 5.883767834e-02 5.676096317e-02 5.489877611e-02 5.328647036e-02 5.195929477e-02
 5.095056060e-02 5.028973887e-02 5.000058946e-02 5.009932059e-02 5.059303355e-02
 5.147853866e-02 5.274184042e-02 5.435839290e-02 5.629429582e-02 5.850837764e-02
 2.138662786e-01 2.133777439e-01 2.115493119e-01 2.086544930e-01 2.051361799e-01
 2.012618780e-01 1.972096712e-01 1.930701882e-01 1.888969242e-01 1.847236753e-01
 1.805727184e-01 1.764590591e-01 1.723927110e-01 1.683802307e-01 1.644257604e-01
 1.605317593e-01 1.566995234e-01 1.529296488e-01 1.492222995e-01 1.455773860e-01
 1.419947297e-01 1.384741365e-01 1.350153536e-01 1.316180379e-01 1.282815784e-01
 1.250049025e-01 1.217862219e-01 1.186226979e-01 1.155102774e-01 1.124435514e-01
 1.094160228e-01 1.064205468e-01 1.034499258e-01 1.004973874e-01 9.755703813e-02
 9.462412447e-02 9.169515219e-02 8.876771474e-02 8.584025508e-02 8.291193840e-02
 7.998263830e-02 7.705306262e-02 7.412497699e-02 7.120154059e-02 6.828770798e-02
 6.539095944e-02 6.252212089e-02 5.969648052e-02 5.693496380e-02 5.426526058e-02
 5.172259733e-02 4.934973264e-02 4.719581071e-02 4.531405505e-02 4.375870904e-02
 4.258201277e-02 4.183144879e-02 4.154695576e-02 4.175778490e-02 4.247943300e-02
 4.371117416e-02 4.543457553e-02 4.761323321e-02 5.019446835e-02 5.311341956e-02
 2.245910316e-01 2.257409394e-01 2.212816477e-01 2.153998465e-01 2.098821104e-01
 2.045486122e-01 1.993615925e-01 1.943058371e-01 1.893728823e-01 1.845567226e-01
 1.798523664e-01 1.752552837e-01 1.707612574e-01 1.663662791e-01 1.620666086e-01
 1.578587442e-01 1.537394822e-01 1.497059167e-01 1.457554997e-01 1.418859512e-01
 1.380953044e-01 1.343817562e-01 1.307436526e-01 1.271793246e-01 1.236869842e-01
 1.202645152e-01 1.169093475e-01 1.136182695e-01 1.103873476e-01 1.072119102e-01
 1.040865853e-01 1.010054722e-01 9.796237198e-02 9.495094424e-02 9.196493772e-02
 8.899825069e-02 8.604500440e-02 8.309949940e-02 8.015613997e-02 7.720944291e-02
 7.425400621e-02 7.128465915e-02 6.829667091e-02 6.528619677e-02 6.225085253e-02
 5.919071659e-02 5.610967043e-02 5.301727343e-02 4.993121332e-02 4.688019300e-02
 4.390689731e-02 4.106990620e-02 3.844277927e-02 3.610870999e-02 3.415218001e-02
 3.265299264e-02 3.168556851e-02 3.131749108e-02 3.160255414e-02 3.257288423e-02
 3.423499304e-02 3.656746447e-02 3.951648617e-02 4.299445078e-02 4.688920832e-02
 2.325296402e-01 2.345715016e-01 2.288339586e-01 2.207727879e-01 2.135108858e-01
 2.068290412e-01 2.005740404e-01 1.946517378e-01 1.890010535e-01 1.835797429e-01
 1.783569902e-01 1.733094007e-01 1.684187055e-01 1.636703759e-01 1.590527444e-01
 1.545563042e-01 1.501733512e-01 1.458975672e-01 1.417237521e-01 1.376476735e-01
 1.336657703e-01 1.297750323e-01 1.259728670e-01 1.222568080e-01 1.186244786e-01
 1.150733680e-01 1.116006821e-01 1.082032248e-01 1.048773155e-01 1.016186700e-01
 9.842244539e-02 9.528319541e-02 9.219492966e-02 8.915113652e-02 8.614480490e-02
 8.316840979e-02 8.021386710e-02 7.727248964e-02 7.433486724e-02 7.139082259e-02
 6.842935825e-02 6.543865049e-02 6.240618241e-02 5.931901181e-02 5.616428331e-02
 5.293010926e-02 4.960708308e-02 4.619063437e-02 4.268482327e-02 3.910812363e-02
 3.550190857e-02 3.194134322e-02 2.854440722e-02 2.546417149e-02 2.284467407e-02
 2.078113530e-02 1.936901745e-02 1.873971161e-02 1.900845219e-02 2.023131395e-02
 2.241796622e-02 2.556848712e-02 2.963437873e-02 3.444988275e-02 3.977844125e-02
 2.355797887e-01 2.378383279e-01 2.314379961e-01 2.226265073e-01 2.145371436e-01
 2.070543170e-01 2.000806182e-01 1.935317069e-01 1.873387397e-01 1.814467758e-01
 1.758122891e-01 1.704008430e-01 1.651851237e-01 1.601434647e-01 1.552586556e-01
 1.505170018e-01 1.459075957e-01 1.414218097e-01 1.370527446e-01 1.327949315e-01
 1.286439895e-01 1.245963797e-01 1.206491367e-01 1.167996824e-01 1.130456552e-01
 1.093846783e-01 1.058142408e-01 1.023315191e-01 9.893326464e-02 9.561571482e-02
 9.237444395e-02 8.920434120e-02 8.609947565e-02 8.305307478e-02 8.005739009e-02
 7.710362232e-02 7.418174300e-02 7.128036767e-02 6.838658455e-02 6.548571584e-02
 6.256112456e-02 5.959400913e-02 5.656320218e-02 5.344503367e-02 5.021328863e-02
 4.683937511e-02 4.329290247e-02 3.954297316e-02 3.556098422e-02 3.132633487e-02
 2.683829505e-02 2.214148093e-02 1.738306141e-02 1.293825649e-02 9.488423355e-03
 6.621410488e-03 4.196369438e-03 2.869965043e-03 2.982206526e-03 4.560187401e-03
 7.276259596e-03 1.122106868e-02 1.718026760e-02 2.432005480e-02 3.193222737e-02
 2.344965786e-01 2.366380543e-01 2.301887124e-01 2.210977226e-01 2.126565128e-01
 2.048054636e-01 1.974738539e-01 1.905900687e-01 1.840888112e-01 1.779140235e-01
 1.720191687e-01 1.663665026e-01 1.609257161e-01 1.556726843e-01 1.505883337e-01
 1.456575840e-01 1.408686638e-01 1.362123788e-01 1.316816211e-01 1.272709220e-01
 1.229761169e-01 1.187940016e-01 1.147221178e-01 1.107584835e-01 1.069013998e-01
 1.031492501e-01 9.950032079e-02 9.595263010e-02 9.250377861e-02 8.915077889e-02
 8.588994300e-02 8.271668846e-02 7.962542766e-02 7.660939550e-02 7.366047800e-02
 7.076902682e-02 6.792359802e-02 6.511075050e-02 6.231470028e-02 5.951698119e-02
 5.669604248e-02 5.382674199e-02 5.087975779e-02 4.782086238e-02 4.461003852e-02
 4.120035475e-02 3.753656894e-02 3.355333215e-02 2.917291224e-02 2.430221264e-02
 1.882884093e-02 1.261526434e-02 5.486237234e-03-2.828306518e-03-1.266870287e-02
-2.094808780e-02-2.673494467e-02-2.991735016e-02-3.026140842e-02-2.737136907e-02
-2.125912544e-02-1.056049939e-02 1.461190521e-03 1.319894672e-02 2.435790771e-02
 2.300643176e-01 2.319366336e-01 2.254868001e-01 2.163436115e-01 2.078654021e-01
 1.999895722e-01 1.926271171e-01 1.856975108e-01 1.791329384e-01 1.728782355e-01
 1.668891906e-01 1.611307263e-01 1.555751413e-01 1.502006501e-01 1.449902206e-01
 1.399306953e-01 1.350119264e-01 1.302262991e-01 1.255681812e-01 1.210335120e-01
 1.166195124e-01 1.123243719e-01 1.081469954e-01 1.040868089e-01 1.001434996e-01
 9.631687406e-02 9.260663387e-02 8.901219073e-02 8.553250873e-02 8.216591176e-02
 7.890988889e-02 7.576091588e-02 7.271423942e-02 6.976367536e-02 6.690138581e-02
 6.411757317e-02 6.140024954e-02 5.873486405e-02 5.610392237e-02 5.348651856e-02
 5.085778603e-02 4.818816844e-02 4.544254026e-02 4.257903254e-02 3.954744706e-02
 3.628711397e-02 3.272379178e-02 2.876519586e-02 2.429414901e-02 1.915767975e-02
 1.314875309e-02 5.973926338e-03-2.805747150e-03-1.387354458e-02-2.824181691e-02
-4.343158379e-02-5.374436814e-02-5.928716436e-02-6.026702363e-02-5.661600467e-02
-4.747236159e-02-3.219091508e-02-1.245541591e-02 4.777543247e-03 1.982435770e-02
 2.224336862e-01 2.240139842e-01 2.171451449e-01 2.082253397e-01 2.001339644e-01
 1.926398724e-01 1.855985969e-01 1.789150536e-01 1.725248546e-01 1.663824767e-01
 1.604544968e-01 1.547157020e-01 1.491468847e-01 1.437332928e-01 1.384637505e-01
 1.333299130e-01 1.283257306e-01 1.234470532e-01 1.186912954e-01 1.140571311e-01
 1.095442995e-01 1.051533371e-01 1.008853987e-01 9.674207863e-02 9.272519496e-02
 8.883665508e-02 8.507822457e-02 8.145137134e-02 7.795703408e-02 7.459547374e-02
 7.136601952e-02 6.826683879e-02 6.529472774e-02 6.244485819e-02 5.971046913e-02
 5.708260468e-02 5.454977226e-02 5.209757388e-02 4.970830676e-02 4.736044636e-02
 4.502806446e-02 4.268009585e-02 4.027939599e-02 3.778150666e-02 3.513300791e-02
 3.226928791e-02 2.911137603e-02 2.556151530e-02 2.149672800e-02 1.675950375e-02
 1.114435133e-02 4.379108286e-03-3.898552677e-03-1.416447654e-02-2.702106186e-02
-4.303849139e-02-5.560870818e-02-6.256183260e-02-6.418158102e-02-6.056428328e-02
-5.184518930e-02-3.717990976e-02-1.635064732e-02 4.495890695e-03 2.203249955e-02
 2.092663944e-01 2.097410262e-01 2.039343119e-01 1.964892447e-01 1.896243840e-01
 1.830564737e-01 1.767011136e-01 1.705214083e-01 1.644967347e-01 1.586136222e-01
 1.528623850e-01 1.472357511e-01 1.417282521e-01 1.363359392e-01 1.310561746e-01
 1.258875131e-01 1.208296568e-01 1.158832833e-01 1.110499724e-01 1.063321308e-01
 1.017328427e-01 9.725578123e-02 9.290508181e-02 8.868519223e-02 8.460075411e-02
 8.065640929e-02 7.685668027e-02 7.320573920e-02 6.970722979e-02 6.636404994e-02
 6.317810720e-02 6.015006831e-02 5.727911371e-02 5.456262454e-02 5.199590322e-02
 4.957186058e-02 4.728067669e-02 4.510945821e-02 4.304185137e-02 4.105760899e-02
 3.913212192e-02 3.723582247e-02 3.533349556e-02 3.338340286e-02 3.133616224e-02
 2.913332917e-02 2.670557424e-02 2.397037472e-02 2.082920447e-02 1.716429566e-02
 1.283536397e-02 7.677219517e-03 1.499785692e-03-5.908353603e-03-1.477766584e-02
-2.539844241e-02-3.665685642e-02-4.233127064e-02-4.325459525e-02-3.987637511e-02
-3.204238426e-02-2.014803863e-02-3.538430901e-03 1.657467708e-02 3.368016728e-02
 1.921834201e-01 1.904564500e-01 1.871624292e-01 1.826645434e-01 1.775455624e-01
 1.721424908e-01 1.666104793e-01 1.610282064e-01 1.554401963e-01 1.498739124e-01
 1.443474144e-01 1.388732940e-01 1.334609688e-01 1.281179636e-01 1.228507757e-01
 1.176653877e-01 1.125676855e-01 1.075636446e-01 1.026594937e-01 9.786180407e-02
 9.317749745e-02 8.861388269e-02 8.417856696e-02 7.987940306e-02 7.572440055e-02
 7.172159856e-02 6.787887964e-02 6.420383608e-02 6.070354956e-02 5.738433826e-02
 5.425152552e-02 5.130916461e-02 4.855971789e-02 4.600376269e-02 4.363965994e-02
 4.146323731e-02 3.946746519e-02 3.764216229e-02 3.597365695e-02 3.444453332e-02
 3.303330764e-02 3.171415252e-02 3.045659891e-02 2.922522090e-02 2.797932184e-02
 2.667263144e-02 2.525310771e-02 2.366300113e-02 2.183950692e-02 1.971657574e-02
 1.722892013e-02 1.432001597e-02 1.095728757e-02 7.160845271e-03 3.060590709e-03
-9.799717227e-04-4.147475993e-03-5.342644989e-03-3.929989063e-03 2.552352380e-04
 7.174672908e-03 1.664457482e-02 2.824541368e-02 4.110106820e-02 5.399220425e-02
 1.792815328e-01 1.768339128e-01 1.737498045e-01 1.700117588e-01 1.657334864e-01
 1.610659360e-01 1.561316848e-01 1.510201990e-01 1.457950473e-01 1.405017971e-01
 1.351738423e-01 1.298364848e-01 1.245095134e-01 1.192091331e-01 1.139490977e-01
 1.087416337e-01 1.035980507e-01 9.852916744e-02 9.354562309e-02 8.865807948e-02
 8.387738460e-02 7.921463251e-02 7.468120751e-02 7.028872526e-02 6.604903939e-02
 6.197407842e-02 5.807575214e-02 5.436576530e-02 5.085539448e-02 4.755525666e-02
 4.447502265e-02 4.162308943e-02 3.900624806e-02 3.662928933e-02 3.449467197e-02
 3.260214621e-02 3.094844706e-02 2.952701971e-02 2.832779850e-02 2.733705004e-02
 2.653730285e-02 2.590737311e-02 2.542248179e-02 2.505453120e-02 2.477248383e-02
 2.454298001e-02 2.433125477e-02 2.410257992e-02 2.382458566e-02 2.347091207e-02
 2.302696928e-02 2.249877725e-02 2.192614594e-02 2.140131773e-02 2.109213173e-02
 2.126085211e-02 2.225301415e-02 2.442842914e-02 2.806246100e-02 3.328805050e-02
 4.008881369e-02 4.830520233e-02 5.763781443e-02 6.766982377e-02 7.794184238e-02
 1.686451137e-01 1.657489986e-01 1.624988317e-01 1.588428914e-01 1.547944397e-01
 1.504145265e-01 1.457677632e-01 1.409134864e-01 1.359024942e-01 1.307768523e-01
 1.255710423e-01 1.203134954e-01 1.150280536e-01 1.097350866e-01 1.044525653e-01
 9.919675443e-02 9.398283067e-02 8.882538232e-02 8.373870695e-02 7.873710987e-02
 7.383508229e-02 6.904745853e-02 6.438942993e-02 5.987664306e-02 5.552510166e-02
 5.135113740e-02 4.737127206e-02 4.360203072e-02 4.005974534e-02 3.676027065e-02
 3.371867162e-02 3.094887180e-02 2.846317369e-02 2.627178657e-02 2.438236214e-02
 2.279956828e-02 2.152473855e-02 2.055559677e-02 1.988607837e-02 1.950626815e-02
 1.940251520e-02 1.955772191e-02 1.995186316e-02 2.056275681e-02 2.136701535e-02
 2.234116575e-02 2.346302380e-02 2.471343603e-02 2.607861155e-02 2.755320998e-02
 2.914439520e-02 3.087692714e-02 3.279901290e-02 3.498792287e-02 3.755296773e-02
 4.063194623e-02 4.437686142e-02 4.892861831e-02 5.438744643e-02 6.078902259e-02
 6.809203333e-02 7.617700112e-02 8.485537011e-02 9.388961631e-02 1.030233502e-01
 1.592524350e-01 1.559735835e-01 1.524733156e-01 1.486882717e-01 1.446069778e-01
 1.402577012e-01 1.356746406e-01 1.308937222e-01 1.259497405e-01 1.208748445e-01
 1.156979575e-01 1.104449034e-01 1.051388085e-01 9.980057174e-02 9.444943813e-02
 8.910351241e-02 8.378016207e-02 7.849642637e-02 7.326931503e-02 6.811609864e-02
 6.305446473e-02 5.810271198e-02 5.327982455e-02 4.860552397e-02 4.410026968e-02
 3.978522123e-02 3.568209705e-02 3.181303666e-02 2.820031156e-02 2.486605194e-02
 2.183197624e-02 1.911905405e-02 1.674671844e-02 1.473211033e-02 1.308941470e-02
 1.182932404e-02 1.095859335e-02 1.047969790e-02 1.039061602e-02 1.068475939e-02
 1.135114214e-02 1.237484347e-02 1.373789922e-02 1.542068741e-02 1.740367152e-02
 1.966867223e-02 2.220022309e-02 2.498700836e-02 2.802344231e-02 3.131143015e-02
 3.486224264e-02 3.869832313e-02 4.285455123e-02 4.737830150e-02 5.232728278e-02
 5.776418757e-02 6.374774885e-02 7.032097882e-02 7.749877882e-02 8.525761962e-02
 9.352972347e-02 1.022030191e-01 1.111272351e-01 1.201255694e-01 1.290103198e-01
 1.506195963e-01 1.469815373e-01 1.431956291e-01 1.391927451e-01 1.349542737e-01
 1.304955930e-01 1.258363724e-01 1.209987327e-01 1.160057783e-01 1.108804569e-01
 1.056449786e-01 1.003204882e-01 9.492710978e-02 8.948405081e-02 8.400988573e-02
 7.852280143e-02 7.304092502e-02 6.758258486e-02 6.216656044e-02 5.681234601e-02
 5.154030770e-02 4.637187718e-02 4.132964465e-02 3.643744811e-02 3.172040734e-02
 2.720486933e-02 2.291837891e-02 1.888958552e-02 1.514771205e-02 1.172203755e-02
 8.642064437e-03 5.938512288e-03 3.640527138e-03 1.774328295e-03 3.623849334e-04
-5.772072473e-04-1.031259875e-03-9.919611330e-04-4.572667967e-04 5.688249657e-04
 2.076191566e-03 4.048856033e-03 6.465966289e-03 9.304365143e-03 1.254398565e-02
 1.616734263e-02 2.016083704e-02 2.451563068e-02 2.922832596e-02 3.430152318e-02
 3.974413127e-02 4.557127133e-02 5.180347699e-02 5.846489232e-02 6.558008492e-02
 7.316935068e-02 8.124251675e-02 8.979196846e-02 9.878561634e-02 1.081612557e-01
 1.178233622e-01 1.276435555e-01 1.374651491e-01 1.471120417e-01 1.564010532e-01
 1.424626857e-01 1.384804100e-01 1.343850345e-01 1.301167906e-01 1.256530285e-01
 1.210039482e-01 1.161818356e-01 1.112005338e-01 1.060750262e-01 1.008209660e-01
 9.545438740e-02 8.999145779e-02 8.444848660e-02 7.884189484e-02 7.318840179e-02
 6.750515848e-02 6.180996069e-02 5.612147221e-02 5.045942968e-02 4.484485087e-02
 3.930023687e-02 3.384974597e-02 2.851933987e-02 2.333690599e-02 1.833235846e-02
 1.353747303e-02 8.985880762e-03 4.714671086e-03 7.618030741e-04-2.836934276e-03
-6.047775998e-03-8.820418254e-03-1.111137497e-02-1.288264526e-02-1.410150713e-02
-1.474082562e-02-1.477958355e-02-1.420351394e-02-1.300580429e-02-1.118783467e-02
-8.760057404e-03-5.743176705e-03-2.170123131e-03 1.913358137e-03 6.488696148e-03
 1.153464059e-02 1.703656837e-02 2.298584025e-02 2.937943113e-02 3.621952987e-02
 4.351292556e-02 5.127000442e-02 5.950313812e-02 6.822427351e-02 7.744158816e-02
 8.715517819e-02 9.735172230e-02 1.079985498e-01 1.190373822e-01 1.303786783e-01
 1.418973653e-01 1.534313707e-01 1.647845207e-01 1.757351160e-01 1.860509514e-01
 1.346046626e-01 1.302832961e-01 1.258602440e-01 1.212889030e-01 1.165562644e-01
 1.116677523e-01 1.066294833e-01 1.014488116e-01 9.613424542e-02 9.069529918e-02
 8.514239633e-02 7.948683947e-02 7.374080265e-02 6.791740659e-02 6.203081834e-02
 5.609638616e-02 5.013081804e-02 4.415234178e-02 3.818092126e-02 3.223844992e-02
 2.634897830e-02 2.053890005e-02 1.483722216e-02 9.275552817e-03 3.889258689e-03
-1.284393686e-03-6.211280837e-03-1.083663666e-02-1.510311103e-02-1.895672455e-02
-2.234508842e-02-2.521573753e-02-2.751873992e-02-2.920812368e-02-3.024291807e-02
-3.058809230e-02-3.021548317e-02-2.910472265e-02-2.724417484e-02-2.463186717e-02
-2.127639946e-02-1.719781570e-02-1.242828925e-02-7.012261049e-03-1.005757018e-03
 5.533336662e-03 1.259190310e-02 2.016304244e-02 2.824560553e-02 3.684356433e-02
 4.596516117e-02 5.562164640e-02 6.582555169e-02 7.658828795e-02 8.791693294e-02
 9.981001174e-02 1.122522430e-01 1.252079456e-01 1.386131197e-01 1.523663849e-01
 1.663191170e-01 1.802663356e-01 1.939418614e-01 2.070232331e-01 2.191532404e-01
 1.268758029e-01 1.222147569e-01 1.174458862e-01 1.125548110e-01 1.075340509e-01
 1.023825855e-01 9.710074958e-02 9.169004855e-02 8.615306765e-02 8.049354705e-02
 7.471649352e-02 6.882827726e-02 6.283673641e-02 5.675132197e-02 5.058317259e-02
 4.434528950e-02 3.805266693e-02 3.172246739e-02 2.537421140e-02 1.902999917e-02
 1.271476223e-02 6.456315066e-03 2.868676966e-04-5.762254819e-03-1.164355598e-02
-1.729652100e-02-2.266213672e-02-2.767886779e-02-3.228372335e-02-3.641374411e-02
-4.000678287e-02-4.300221056e-02-4.534208402e-02-4.697239398e-02-4.784428700e-02
-4.791526868e-02-4.715035856e-02-4.552326351e-02-4.301749915e-02-3.962745517e-02
-3.535938635e-02-3.023229167e-02-2.427859606e-02-1.754459552e-02-1.009066959e-02
-1.991405617e-03 6.667634487e-03 1.588317013e-02 2.565827226e-02 3.600187227e-02
 4.692802951e-02 5.845496804e-02 7.060369843e-02 8.339619637e-02 9.685280916e-02
 1.109887510e-01 1.258092373e-01 1.413026750e-01 1.574310364e-01 1.741161346e-01
 1.912201495e-01 2.085185051e-01 2.256658525e-01 2.421660573e-01 2.573831676e-01
 1.190816685e-01 1.140710712e-01 1.089727804e-01 1.037750766e-01 9.847044939e-02
 9.305542713e-02 8.752573282e-02 8.187710500e-02 7.610597461e-02 7.020998007e-02
 6.418840593e-02 5.804238474e-02 5.177514625e-02 4.539211464e-02 3.890105337e-02
 3.231215855e-02 2.563820404e-02 1.889471149e-02 1.210013035e-02 5.275936317e-03
-1.552082918e-03-8.359904386e-03-1.509337503e-02-2.169488560e-02-2.810389736e-02
-3.425576164e-02-4.008312150e-02-4.551640154e-02-5.048462003e-02-5.491634831e-02
-5.874074996e-02-6.188865751e-02-6.429377198e-02-6.589395553e-02-6.663259119e-02
-6.645988673e-02-6.533426792e-02-6.322368234e-02-6.010690332e-02-5.597474053e-02
-5.083114281e-02-4.469418899e-02-3.759689628e-02-2.958785182e-02-2.073164095e-02
-1.110912114e-02-8.175518451e-04 1.005119456e-02 2.150640448e-02 3.356464213e-02
 4.624936733e-02 5.959051478e-02 7.362401488e-02 8.839110288e-02 1.039372831e-01
 1.203107089e-01 1.375596077e-01 1.557281018e-01 1.748491674e-01 1.949325204e-01
 2.159432323e-01 2.377623768e-01 2.601107956e-01 2.823823692e-01 3.032826186e-01
 1.111209988e-01 1.057505832e-01 1.003265157e-01 9.483437243e-02 8.926369244e-02
 8.360496160e-02 7.784636319e-02 7.197553664e-02 6.598102301e-02 5.985318869e-02
 5.358482146e-02 4.717140651e-02 4.061126703e-02 3.390560302e-02 2.705853430e-02
 2.007715037e-02 1.297159308e-02 5.755199149e-03-1.554821254e-03-8.941992171e-03
-1.635813528e-02-2.375041319e-02-3.106042559e-02-3.822487967e-02-4.517610370e-02
-5.184246229e-02-5.814902110e-02-6.401830167e-02-6.937116384e-02-7.412783802e-02
-7.820902765e-02-8.153712750e-02-8.403758704e-02-8.564026654e-02-8.628094941e-02
-8.590278774e-02-8.445785195e-02-8.190858364e-02-7.822924852e-02-7.340726256e-02
-6.744445861e-02-6.035815925e-02-5.218208209e-02-4.296704008e-02-3.278142212e-02
-2.171142773e-02-9.861035243e-03 2.648245543e-03 1.574504745e-02 2.945524646e-02
 4.381332168e-02 5.886282399e-02 7.465708259e-02 9.126018736e-02 1.087481603e-01
 1.272104084e-01 1.467515528e-01 1.674933880e-01 1.895771027e-01 2.131652087e-01
 2.384424656e-01 2.656138539e-01 2.948916555e-01 3.264046608e-01 3.583238722e-01
 1.028413623e-01 9.709793332e-02 9.135673943e-02 8.560046551e-02 7.980791479e-02
 7.395597547e-02 6.801863021e-02 6.197057298e-02 5.578942230e-02 4.945672682e-02
 4.295818138e-02 3.628354525e-02 2.942637910e-02 2.238381465e-02 1.515640598e-02
 7.748032906e-03 1.659014961e-04-7.581050508e-03-1.546045582e-02-2.342614534e-02
-3.142585230e-02-3.940142320e-02-4.728895055e-02-5.501912907e-02-6.251771003e-02
-6.970605255e-02-7.650182398e-02-8.281982692e-02-8.857295663e-02-9.367330373e-02
-9.803335369e-02-1.015673578e-01-1.041927487e-01-1.058316976e-01-1.064126864e-01
-1.058721617e-01-1.041561663e-01-1.012220010e-01-9.703973681e-02-9.159374982e-02
-8.488405496e-02-7.692746818e-02-6.775860488e-02-5.743060634e-02-4.601558296e-02
-3.360472991e-02-2.030808850e-02-6.253810134e-03 8.413141608e-03 2.367433536e-02
 3.957406053e-02 5.616728967e-02 7.352183762e-02 9.172087160e-02 1.108661890e-01
 1.310826391e-01 1.525243670e-01 1.753834189e-01 1.999021024e-01 2.263911814e-01
 2.552574575e-01 2.870496213e-01 3.225443959e-01 3.629351555e-01 4.059636594e-01
 9.399744868e-02 8.786389983e-02 8.183947956e-02 7.589548075e-02 6.998167929e-02
 6.404242662e-02 5.802433562e-02 5.188243839e-02 4.558120290e-02 3.909351680e-02
 3.239917752e-02 2.548359704e-02 1.833681201e-02 1.095278558e-02 3.329020052e-03
-4.533532512e-03-1.262484209e-02-2.090687674e-02-2.933658657e-02-3.786402939e-02
-4.643255846e-02-5.497902630e-02-6.343406436e-02-7.172241806e-02-7.976345716e-02
-8.747174592e-02-9.475781025e-02-1.015290171e-01-1.076906100e-01-1.131468788e-01
-1.178024784e-01-1.215638891e-01-1.243409440e-01-1.260485351e-01-1.266082823e-01
-1.259503812e-01-1.240153015e-01-1.207556352e-01-1.161377356e-01-1.101433784e-01
-1.027711704e-01-9.403785319e-02-8.397934585e-02-7.265150547e-02-6.013061477e-02
-4.651344942e-02-3.191699832e-02-1.647767240e-02-3.500584280e-04 1.632579791e-02
 3.359521556e-02 5.151756483e-02 7.016710931e-02 8.963552859e-02 1.100359484e-01
 1.315086484e-01 1.542291939e-01 1.784199924e-01 2.043667138e-01 2.324418426e-01
 2.631379665e-01 2.971121073e-01 3.352367580e-01 3.786321282e-01 4.261030853e-01
 8.417364961e-02 7.759159058e-02 7.138988381e-02 6.546853489e-02 5.966654420e-02
 5.384607235e-02 4.791174081e-02 4.180092737e-02 3.547173741e-02 2.889514336e-02
 2.205044409e-02 1.492265327e-02 7.500978129e-03-2.221323957e-04-8.251712628e-03
-1.656789149e-02-2.513765918e-02-3.392073141e-02-4.286985844e-02-5.193076280e-02
-6.104215981e-02-7.013592125e-02-7.913728805e-02-8.796525000e-02-9.653303771e-02
-1.047487334e-01-1.125160902e-01-1.197354272e-01-1.263047606e-01-1.321210712e-01
-1.370816380e-01-1.410856992e-01-1.440360248e-01-1.458407492e-01-1.464152038e-01
-1.456838250e-01-1.435821205e-01-1.400584877e-01-1.350761056e-01-1.286146343e-01
-1.206718236e-01-1.112648174e-01-1.004313603e-01-8.823058755e-02-7.474353909e-02
-6.007331238e-02-4.434477910e-02-2.770393343e-02-1.031689996e-02 7.631236207e-03
 2.608073130e-02 4.509327188e-02 6.474152202e-02 8.511278775e-02 1.063129380e-01
 1.284713149e-01 1.517474800e-01 1.763404459e-01 2.025020123e-01 2.305556386e-01
 2.609248162e-01 2.941761315e-01 3.310875595e-01 3.727480173e-01 4.183497429e-01
 7.239119709e-02 6.508212537e-02 5.925167358e-02 5.409025025e-02 4.891230914e-02
 4.353251311e-02 3.788635132e-02 3.194042665e-02 2.567319945e-02 1.906891915e-02
 1.211518707e-02 4.801894567e-03-2.879228239e-03-1.093462016e-02-1.933910142e-02
-2.806243676e-02-3.706748786e-02-4.631005226e-02-5.573876201e-02-6.529501078e-02
-7.491295788e-02-8.451962470e-02-9.403511879e-02-1.033729538e-01-1.124406084e-01
-1.211401149e-01-1.293689013e-01-1.370207816e-01-1.439870894e-01-1.501580328e-01
-1.554242074e-01-1.596781761e-01-1.628162563e-01-1.647405177e-01-1.653605849e-01
-1.645958424e-01-1.623773575e-01-1.586499512e-01-1.533742249e-01-1.465282589e-01
-1.381094307e-01-1.281358451e-01-1.166475490e-01-1.037074253e-01-8.940178156e-02
-7.384050636e-02-5.715677887e-02-3.950623798e-02-2.106554247e-02-2.029947005e-03
 1.739687100e-02 3.726133335e-02 5.762221297e-02 7.854970547e-02 1.001262814e-01
 1.224485188e-01 1.456296145e-01 1.698025316e-01 1.951236874e-01 2.217775137e-01
 2.499820441e-01 2.799980045e-01 3.121520877e-01 3.469397128e-01 3.843426705e-01
 5.887277797e-02 5.026515940e-02 4.612058395e-02 4.265774036e-02 3.844323015e-02
 3.366186091e-02 2.839151953e-02 2.266550434e-02 1.649766226e-02 9.892275499e-03
 2.848475531e-03-4.637536127e-03-1.256371749e-02-2.090619499e-02-2.963568649e-02
-3.871711341e-02-4.810900985e-02-5.776308478e-02-6.762390582e-02-7.762873174e-02
-8.770742264e-02-9.778248519e-02-1.077692732e-01-1.175763085e-01-1.271057874e-01
-1.362542510e-01-1.449134052e-01-1.529711783e-01-1.603128910e-01-1.668227315e-01
-1.723852158e-01-1.768870055e-01-1.802187115e-01-1.822769940e-01-1.829665303e-01
-1.822022647e-01-1.799115092e-01-1.760361492e-01-1.705346852e-01-1.633841843e-01
-1.545821428e-01-1.441479772e-01-1.321244091e-01-1.185784489e-01-1.036020368e-01
-8.731231840e-02-6.985146552e-02-5.138614404e-02-3.210653368e-02-1.222523673e-02
 8.023523726e-03 2.854317798e-02 4.938244450e-02 7.059179241e-02 9.222436693e-02
 1.143356562e-01 1.369820684e-01 1.602178961e-01 1.840896755e-01 2.086254507e-01
 2.338145972e-01 2.595680357e-01 2.856342495e-01 3.114149272e-01 3.356593847e-01
 4.910233989e-02 3.996644920e-02 3.620721784e-02 3.317726406e-02 2.940805815e-02
 2.498557972e-02 1.996933480e-02 1.439803740e-02 8.294313244e-03 1.669565536e-03
-5.472468270e-03-1.312223723e-02-2.125486539e-02-2.984181611e-02-3.884981945e-02
-4.824004325e-02-5.796742073e-02-6.798013300e-02-7.821919771e-02-8.861821143e-02
-9.910324216e-02-1.095928103e-01-1.199980750e-01-1.302231550e-01-1.401656120e-01
-1.497171670e-01-1.587645113e-01-1.671904325e-01-1.748750359e-01-1.816972196e-01
-1.875362545e-01-1.922736913e-01-1.957952529e-01-1.979929209e-01-1.987672001e-01
-1.980292797e-01-1.957033873e-01-1.917289943e-01-1.860630661e-01-1.786820739e-01
-1.695839167e-01-1.587896198e-01-1.463447362e-01-1.323203892e-01-1.168140918e-01
-9.995001554e-02-8.187890801e-02-6.277750432e-02-4.284749180e-02-2.231373264e-02
-1.421703259e-03 1.958255096e-02 4.072517526e-02 6.203338501e-02 8.353175971e-02
 1.052389964e-01 1.271638125e-01 1.492992640e-01 1.716140359e-01 1.940393299e-01
 2.164492309e-01 2.386322469e-01 2.602546215e-01 2.808269560e-01 2.997096777e-01
 4.257485276e-02 3.316982824e-02 2.895876381e-02 2.592510724e-02 2.224177314e-02
 1.792303289e-02 1.299142369e-02 7.465435221e-03 1.357123110e-03-5.328034924e-03
-1.257934043e-02-2.037257329e-02-2.868084793e-02-3.747341776e-02-4.671470451e-02
-5.636345217e-02-6.637207419e-02-7.668609178e-02-8.724374327e-02-9.797568616e-02
-1.088048593e-01-1.196464896e-01-1.304082275e-01-1.409904957e-01-1.512870043e-01
-1.611853988e-01-1.705682128e-01-1.793138981e-01-1.872981936e-01-1.943955720e-01
-2.004809976e-01-2.054317147e-01-2.091293931e-01-2.114621996e-01-2.123271674e-01
-2.116324752e-01-2.092998623e-01-2.052669674e-01-1.994896233e-01-1.919439734e-01
-1.826285570e-01-1.715660244e-01-1.588045805e-01-1.444192677e-01-1.285126507e-01
-1.112153232e-01-9.268580379e-02-7.311011854e-02-5.270088090e-02-3.169597687e-02
-1.035698222e-02 1.103237833e-02 3.237570453e-02 5.368958786e-02 7.498092955e-02
 9.624471513e-02 1.174606607e-01 1.385884434e-01 1.595614255e-01 1.802786588e-01
 2.005954236e-01 2.203138172e-01 2.391765714e-01 2.568702697e-01 2.730447352e-01
 3.770869219e-02 2.808113780e-02 2.379138011e-02 2.066695702e-02 1.692759624e-02
 1.257576427e-02 7.616411836e-03 2.052606233e-03-4.116336873e-03-1.088827293e-02
-1.824418828e-02-2.616199112e-02-3.461567318e-02-4.357449713e-02-5.300226063e-02
-6.285663691e-02-7.308861619e-02-8.364200598e-02-9.445311871e-02-1.054504365e-01
-1.165545658e-01-1.276781708e-01-1.387262195e-01-1.495962292e-01-1.601788402e-01
-1.703585536e-01-1.800145507e-01-1.890219301e-01-1.972529590e-01-2.045786679e-01
-2.108705342e-01-2.160025090e-01-2.198530435e-01-2.223073542e-01-2.232597321e-01
-2.226160765e-01-2.202962041e-01-2.162363679e-01-2.103916109e-01-2.027379871e-01
-1.932746619e-01-1.820256859e-01-1.690416336e-01-1.544007510e-01-1.382098645e-01
-1.206048354e-01-1.017504931e-01-8.184025437e-02-6.109519674e-02-3.976266462e-02
-1.811457613e-02 3.554602416e-03 2.502487788e-02 4.630497098e-02 6.739110505e-02
 8.826565740e-02 1.088949740e-01 1.292265654e-01 1.491859704e-01 1.686734408e-01
 1.875613779e-01 2.056934387e-01 2.228867412e-01 2.389393151e-01 2.536432147e-01
 3.455833730e-02 2.478254394e-02 2.050829318e-02 1.724813331e-02 1.338233892e-02
 8.927085437e-03 3.882361867e-03-1.759549166e-03-8.011156722e-03-1.486579975e-02
-2.230997008e-02-3.032533076e-02-3.888819373e-02-4.796907300e-02-5.753220248e-02
-6.753510985e-02-7.792819288e-02-8.865436161e-02-9.964870659e-02-1.108383387e-01
-1.221422404e-01-1.334713399e-01-1.447286903e-01-1.558097452e-01-1.666030138e-01
-1.769906878e-01-1.868496090e-01-1.960524321e-01-2.044689357e-01-2.119676621e-01
-2.184176595e-01-2.236904502e-01-2.276621908e-01-2.302159815e-01-2.312441914e-01
-2.306510211e-01-2.283549757e-01-2.242913395e-01-2.184146196e-01-2.107008100e-01
-2.011495680e-01-1.897860616e-01-1.766625642e-01-1.618597508e-01-1.454875469e-01
-1.276855916e-01-1.086232662e-01-8.849913630e-02-6.753994523e-02-4.599896449e-02
-2.415363677e-02-2.302320470e-03 1.924255115e-02 4.048087826e-02 6.140233207e-02
 8.198381960e-02 1.021876559e-01 1.219600960e-01 1.412301809e-01 1.599092036e-01
 1.778910906e-01 1.950542330e-01 2.112654299e-01 2.263859958e-01 2.402803749e-01
 3.360000631e-02 2.385137405e-02 1.912338834e-02 1.557500014e-02 1.149605127e-02
 6.898243970e-03 1.756683807e-03-3.959155176e-03-1.027219646e-02-1.718212289e-02
-2.468125342e-02-3.275497630e-02-4.138192162e-02-5.053395403e-02-6.017599258e-02
-7.026575503e-02-8.075349781e-02-9.158170968e-02-1.026848927e-01-1.139893755e-01
-1.254132539e-01-1.368664652e-01-1.482509226e-01-1.594609321e-01-1.703837216e-01
-1.809001118e-01-1.908856034e-01-2.002113463e-01-2.087457180e-01-2.163557410e-01
-2.229090183e-01-2.282756119e-01-2.323303222e-01-2.349549383e-01-2.360406964e-01
-2.354907693e-01-2.332228273e-01-2.291715592e-01-2.232910990e-01-2.155574263e-01
-2.059704513e-01-1.945559233e-01-1.813671588e-01-1.664861888e-01-1.500247717e-01
-1.321248114e-01-1.129583344e-01-9.272704272e-02-7.166124135e-02-5.001827329e-02
-2.808043361e-02-6.152374699e-03 1.544171108e-02 3.664935756e-02 5.746221915e-02
 7.785780725e-02 9.779930857e-02 1.172354668e-01 1.361007840e-01 1.543162168e-01
 1.717907786e-01 1.884241700e-01 2.041105031e-01 2.187434733e-01 2.322222888e-01
 3.437513486e-02 2.501168090e-02 1.938003668e-02 1.523969875e-02 1.098822610e-02
 6.328232586e-03 1.161210064e-03-4.567198921e-03-1.088729783e-02-1.780296493e-02
-2.530874120e-02-3.339126337e-02-4.202988377e-02-5.119685081e-02-6.085727364e-02
-7.096891850e-02-8.148197833e-02-9.233881533e-02-1.034737601e-01-1.148129254e-01
-1.262741536e-01-1.377670766e-01-1.491933316e-01-1.604468524e-01-1.714144946e-01
-1.819767355e-01-1.920086145e-01-2.013809085e-01-2.099615038e-01-2.176170051e-01
-2.242145091e-01-2.296236457e-01-2.337187678e-01-2.363812178e-01-2.375018300e-01
-2.369833738e-01-2.347432077e-01-2.307157516e-01-2.248549463e-01-2.171366065e-01
-2.075606286e-01-1.961528509e-01-1.829667240e-01-1.680846214e-01-1.516187191e-01
-1.337114722e-01-1.145356298e-01-9.429372849e-02-7.321707159e-02-5.156419425e-02
-2.961872704e-02-7.686775614e-03 1.390632338e-02 3.508463508e-02 5.584058544e-02
 7.615242148e-02 9.598430249e-02 1.152865961e-01 1.339963973e-01 1.520386786e-01
 1.693281830e-01 1.857720912e-01 2.012737841e-01 2.157373727e-01 2.290730327e-01
 3.322134528e-02 2.339702280e-02 1.891450968e-02 1.556579303e-02 1.162450307e-02
 7.126904122e-03 2.062791566e-03-3.589732747e-03-9.849775524e-03-1.671437366e-02
-2.417408113e-02-3.221307692e-02-4.080916935e-02-4.993365330e-02-5.955107880e-02
-6.961894777e-02-8.008738601e-02-9.089885658e-02-1.019878909e-01-1.132808850e-01
-1.246960684e-01-1.361434907e-01-1.475252509e-01-1.587358266e-01-1.696626097e-01
-1.801866145e-01-1.901834756e-01-1.995245666e-01-2.080783547e-01-2.157119961e-01
-2.222931682e-01-2.276920081e-01-2.317833305e-01-2.344488949e-01-2.355798631e-01
-2.350792885e-01-2.328646629e-01-2.288704664e-01-2.230505495e-01-2.153805494e-01
-2.058599890e-01-1.945142151e-01-1.813960075e-01-1.665869057e-01-1.501981020e-01
-1.323708892e-01-1.132766754e-01-9.311650695e-02-7.212003320e-02-5.054394525e-02
-2.866990492e-02-6.801940064e-03 1.473646419e-02 3.588315097e-02 5.663044003e-02
 7.695651057e-02 9.682529420e-02 1.161863879e-01 1.349753290e-01 1.531143189e-01
 1.705138832e-01 1.870753765e-01 2.026948780e-01 2.172679902e-01 2.306958884e-01
 3.463011619e-02 2.484033816e-02 2.051118208e-02 1.745370030e-02 1.376899151e-02
 9.464657807e-03 4.546725249e-03-9.865220345e-04-7.142506016e-03-1.391398720e-02
-2.128488009e-02-2.923502403e-02-3.773945948e-02-4.676782709e-02-5.628380922e-02
-6.624460220e-02-7.660046959e-02-8.729429546e-02-9.826129681e-02-1.094287634e-01
-1.207159385e-01-1.320340336e-01-1.432864219e-01-1.543689519e-01-1.651704610e-01
-1.755735129e-01-1.854552776e-01-1.946887075e-01-2.031439097e-01-2.106896340e-01
-2.171951086e-01-2.225319444e-01-2.265763729e-01-2.292113899e-01-2.303292602e-01
-2.298339308e-01-2.276435642e-01-2.236929833e-01-2.179361582e-01-2.103484125e-01
-2.009286582e-01-1.897011697e-01-1.767172962e-01-1.620566398e-01-1.458280087e-01
-1.281698794e-01-1.092503369e-01-8.926667274e-02-6.844430417e-02-4.703517629e-02
-2.531553243e-02-3.582839621e-03 1.784840965e-02 3.896235678e-02 5.975015840e-02
 8.018992844e-02 1.002452523e-01 1.198638827e-01 1.389767975e-01 1.574977041e-01
 1.753235310e-01 1.923363060e-01 2.084068806e-01 2.234009952e-01 2.371875047e-01
 3.761677060e-02 2.793478791e-02 2.411767479e-02 2.123509173e-02 1.769753726e-02
 1.352006657e-02 8.712504059e-03 3.283103812e-03-2.763738565e-03-9.426672943e-03
-1.668458804e-02-2.451377732e-02-3.288705280e-02-4.177288705e-02-5.113459384e-02
-6.092962992e-02-7.110894477e-02-8.161649847e-02-9.238883111e-02-1.033547967e-01
-1.144354046e-01-1.255438328e-01-1.365855188e-01-1.474585533e-01-1.580541432e-01
-1.682572663e-01-1.779476703e-01-1.870008855e-01-1.952896119e-01-2.026852221e-01
-2.090594619e-01-2.142864167e-01-2.182446122e-01-2.208191602e-01-2.219041587e-01
-2.214051039e-01-2.192413360e-01-2.153484523e-01-2.096806466e-01-2.022129894e-01
-1.929435283e-01-1.818950326e-01-1.691166460e-01-1.546851099e-01-1.387055666e-01
-1.213121191e-01-1.026677415e-01-8.296390620e-02-6.241961938e-02-4.128003496e-02
-1.981455649e-02 1.685518509e-03 2.297515981e-02 4.406188807e-02 6.494183090e-02
 8.559788024e-02 1.059974282e-01 1.260896623e-01 1.458024978e-01 1.650395840e-01
 1.836778372e-01 2.015666068e-01 2.185300141e-01 2.343739569e-01 2.488988340e-01
 4.318276048e-02 3.376387816e-02 2.978363622e-02 2.699102834e-02 2.351176558e-02
 1.936948483e-02 1.459335530e-02 9.207602619e-03 3.229113237e-03-3.332563705e-03
-1.047061285e-02-1.815963726e-02-2.637191862e-02-3.507627553e-02-4.423696920e-02
-5.381282052e-02-6.375647330e-02-7.401380688e-02-8.452355114e-02-9.521691507e-02
-1.060174703e-01-1.168411225e-01-1.275962442e-01-1.381840109e-01-1.484988332e-01
-1.584290863e-01-1.678579747e-01-1.766645760e-01-1.847251653e-01-1.919146628e-01
-1.981083750e-01-2.031837404e-01-2.070224732e-01-2.095126659e-01-2.105510086e-01
-2.100452483e-01-2.079164088e-01-2.041012645e-01-1.985545457e-01-1.912511439e-01
-1.821880937e-01-1.713863463e-01-1.588923187e-01-1.447789817e-01-1.291467995e-01
-1.121240706e-01-9.386693685e-02-7.455898075e-02-5.441031604e-02-3.365633264e-02
-1.255623344e-02 8.608289936e-03 2.970790112e-02 5.075946820e-02 7.176996022e-02
 9.273456040e-02 1.136335582e-01 1.344278753e-01 1.550531090e-01 1.754119247e-01
 1.953651606e-01 2.147228271e-01 2.332383991e-01 2.506117820e-01 2.665080428e-01
 5.065611744e-02 4.156793660e-02 3.771233192e-02 3.488663954e-02 3.129339218e-02
 2.702255917e-02 2.214323168e-02 1.669974250e-02 1.071841916e-02 4.213547363e-03
-2.808524994e-03-1.034581003e-02-1.837283370e-02-2.686133797e-02-3.577848896e-02
-4.508597770e-02-5.473934114e-02-6.468742341e-02-7.487197960e-02-8.522742243e-02
-9.568065411e-02-1.061511039e-01-1.165508404e-01-1.267849058e-01-1.367517859e-01
-1.463440657e-01-1.554492860e-01-1.639509797e-01-1.717299222e-01-1.786655187e-01
-1.846375019e-01-1.895276159e-01-1.932216436e-01-1.956114321e-01-1.965970844e-01
-1.960892231e-01-1.940112263e-01-1.903014929e-01-1.849156171e-01-1.778285056e-01
-1.690362394e-01-1.585578025e-01-1.464364529e-01-1.327409297e-01-1.175660938e-01
-1.010333970e-01-8.329071851e-02-6.451188028e-02-4.489556701e-02-2.466364017e-02
-4.058614824e-03 1.666044077e-02 3.749474516e-02 5.847094205e-02 7.961270216e-02
 1.009377092e-01 1.224538833e-01 1.441539378e-01 1.660071314e-01 1.879468411e-01
 2.098518462e-01 2.315192223e-01 2.526295185e-01 2.727149427e-01 2.911646962e-01
 6.075892973e-02 5.220340943e-02 4.851383710e-02 4.516093060e-02 4.103596511e-02
 3.634995961e-02 3.117946914e-02 2.555609305e-02 1.949298015e-02 1.299451289e-02
 6.060499727e-03-1.311797620e-03-9.126830875e-03-1.736426164e-02-2.599606852e-02
-3.498819092e-02-4.430008310e-02-5.388439818e-02-6.368669124e-02-7.364525645e-02
-8.369100094e-02-9.374753383e-02-1.037313119e-01-1.135519594e-01-1.231127531e-01
-1.323112697e-01-1.410401762e-01-1.491882801e-01-1.566416770e-01-1.632851661e-01
-1.690037251e-01-1.736842542e-01-1.772174538e-01-1.794997603e-01-1.804354190e-01
-1.799386441e-01-1.779357492e-01-1.743673384e-01-1.691903175e-01-1.623799056e-01
-1.539314389e-01-1.438619196e-01-1.322114616e-01-1.190442071e-01-1.044490635e-01
-8.854000270e-02-7.145594059e-02-5.336017904e-02-3.443948182e-02-1.490282362e-02
 5.019722565e-03 2.519223464e-02 4.565982151e-02 6.647001201e-02 8.767306060e-02
 1.093214303e-01 1.314682663e-01 1.541645975e-01 1.774537414e-01 2.013612687e-01
 2.258757055e-01 2.509105802e-01 2.762245536e-01 3.012457192e-01 3.247806729e-01
 7.555200908e-02 6.842795757e-02 6.256770348e-02 5.735823140e-02 5.219604817e-02
 4.686678573e-02 4.128948605e-02 3.542300689e-02 2.924204618e-02 2.272908756e-02
 1.587111873e-02 8.658068196e-03 1.082042058e-03-6.863019458e-03-1.516534013e-02
-2.379559723e-02-3.271747007e-02-4.188783836e-02-5.125651133e-02-6.076609716e-02
-7.035200295e-02-7.994251697e-02-8.945898715e-02-9.881621596e-02-1.079228744e-01
-1.166821718e-01-1.249926165e-01-1.327490061e-01-1.398435235e-01-1.461670697e-01
-1.516107172e-01-1.560673118e-01-1.594332159e-01-1.616102457e-01-1.625075191e-01
-1.620435417e-01-1.601482481e-01-1.567649990e-01-1.518525183e-01-1.453867852e-01
-1.373627186e-01-1.277956814e-01-1.167226731e-01-1.042033583e-01-9.032060954e-02
-7.518076152e-02-5.891337621e-02-4.167055336e-02-2.362561788e-02-4.970990150e-03
 1.408543723e-02 3.355278820e-02 5.348812044e-02 7.395853841e-02 9.504243731e-02
 1.168314442e-01 1.394328178e-01 1.629724353e-01 1.875983477e-01 2.134850025e-01
 2.408385873e-01 2.699056566e-01 3.009952903e-01 3.345770835e-01 3.706311881e-01
 8.774854243e-02 8.131840828e-02 7.518531385e-02 6.930424267e-02 6.354579324e-02
 5.777767679e-02 5.190437665e-02 4.586151621e-02 3.960558766e-02 3.310655052e-02
 2.634329538e-02 1.930094504e-02 1.196928325e-02 4.341867345e-03-3.584403486e-03
-1.180751433e-02-2.029384300e-02-2.900489603e-02-3.789491954e-02-4.691102357e-02
-5.599331857e-02-6.507505476e-02-7.408287373e-02-8.293712887e-02-9.155237678e-02
-9.983798118e-02-1.076988578e-01-1.150363982e-01-1.217495426e-01-1.277359724e-01
-1.328935325e-01-1.371217072e-01-1.403232962e-01-1.424061209e-01-1.432849169e-01
-1.428831816e-01-1.411350817e-01-1.379873455e-01-1.334011108e-01-1.273536384e-01
-1.198398843e-01-1.108739525e-01-1.004901752e-01-8.874405174e-02-7.571274789e-02
-6.149533017e-02-4.621253911e-02-3.000625034e-02-1.303861663e-02 4.508694692e-03
 2.253917791e-02 4.110961780e-02 6.028824302e-02 8.015759283e-02 1.008179858e-01
 1.223921180e-01 1.450313926e-01 1.689247042e-01 1.943110227e-01 2.214973420e-01
 2.508854865e-01 2.830131948e-01 3.186187745e-01 3.587361277e-01 4.025914669e-01
 9.805958718e-02 9.208667272e-02 8.615251633e-02 8.027438819e-02 7.442295548e-02
 6.854504350e-02 6.258873641e-02 5.650964007e-02 5.027238274e-02 4.384995258e-02
 3.722235566e-02 3.037541540e-02 2.329978719e-02 1.599025162e-02 8.445237821e-03
 6.664657267e-04-7.341952514e-03-1.555408631e-02-2.392791395e-02-3.241462630e-02
-4.095900428e-02-4.949934782e-02-5.796774475e-02-6.629039349e-02-7.438807188e-02
-8.217667791e-02-8.956800400e-02-9.647053482e-02-1.027904674e-01-1.084328592e-01
-1.133029237e-01-1.173073947e-01-1.203560978e-01-1.223635823e-01-1.232507750e-01
-1.229467839e-01-1.213906482e-01-1.185330748e-01-1.143381819e-01-1.087850630e-01
-1.018692851e-01-9.360418468e-02-8.402193335e-02-7.317433505e-02-6.113336608e-02
-4.799127953e-02-3.386029972e-02-1.887180100e-02-3.174657730e-03 1.306761612e-02
 2.988596071e-02 4.733591151e-02 6.548740715e-02 8.442717791e-02 1.042624637e-01
 1.251264661e-01 1.471860408e-01 1.706525684e-01 1.957977265e-01 2.229756862e-01
 2.526546121e-01 2.854586543e-01 3.222157657e-01 3.639877737e-01 4.096282721e-01
 1.074233577e-01 1.018548981e-01 9.621892119e-02 9.054046872e-02 8.481903374e-02
 7.903272656e-02 7.315652072e-02 6.716594842e-02 6.103934720e-02 5.475889141e-02
 4.831094301e-02 4.168595752e-02 3.487826139e-02 2.788583000e-02 2.071007900e-02
 1.335577665e-02 5.831074930e-03-1.852065907e-03-9.682362885e-03-1.761375366e-02
-2.559639697e-02-3.357349333e-02-4.148270936e-02-4.925623538e-02-5.682127181e-02
-6.410057843e-02-7.101311534e-02-7.747486235e-02-8.339970558e-02-8.870052547e-02
-9.329036623e-02-9.708373994e-02-9.999804199e-02-1.019550413e-01-1.028824523e-01
-1.027155295e-01-1.013987512e-01-9.888736159e-02-9.514899553e-02-9.016513825e-02
-8.393247426e-02-7.646411657e-02-6.779059767e-02-5.796064436e-02-4.704170671e-02
-3.512016313e-02-2.230124733e-02-8.708624140e-03 5.516353529e-03 2.032244025e-02
 3.575189036e-02 5.185675251e-02 6.870123005e-02 8.636417243e-02 1.049422324e-01
 1.245541498e-01 1.453465969e-01 1.675025523e-01 1.912530213e-01 2.168944478e-01
 2.448150814e-01 2.755383552e-01 3.098038138e-01 3.487432002e-01 3.901879489e-01
 1.162722483e-01 1.110857725e-01 1.057741344e-01 1.003664583e-01 9.487062696e-02
 8.927751333e-02 8.357598630e-02 7.775453481e-02 7.180257890e-02 6.571143123e-02
 5.947482219e-02 5.308919027e-02 4.655380553e-02 3.987080973e-02 3.304521737e-02
 2.608495395e-02 1.900091578e-02 1.180704686e-02 4.520357121e-03-2.837915425e-03
-1.024664749e-02-1.764965060e-02-2.499100751e-02-3.220884872e-02-3.923687710e-02
-4.600492491e-02-5.243939161e-02-5.846399442e-02-6.400064378e-02-6.897035988e-02
-7.329441608e-02-7.689547539e-02-7.969892026e-02-8.163416386e-02-8.263615517e-02
-8.264677970e-02-8.161638676e-02-7.950525729e-02-7.628501207e-02-7.193998994e-02
-6.646846235e-02-5.988374351e-02-5.221514778e-02-4.350867495e-02-3.382756934e-02
-2.325257845e-02-1.188203880e-02 1.682043949e-04 1.280220228e-02 2.604250988e-02
 3.992086279e-02 5.447809029e-02 6.976459920e-02 8.584116393e-02 1.027800664e-01
 1.206664145e-01 1.395999044e-01 1.596968473e-01 1.810923517e-01 2.039424927e-01
 2.284257858e-01 2.547426521e-01 2.831062675e-01 3.136676253e-01 3.446997702e-01
 1.248407513e-01 1.200267523e-01 1.150502562e-01 1.099421308e-01 1.047131196e-01
 9.936004135e-02 9.387940165e-02 8.826801178e-02 8.252348006e-02 7.664471123e-02
 7.063221926e-02 6.448838854e-02 5.821760738e-02 5.182642114e-02 4.532358053e-02
 3.872016071e-02 3.202965859e-02 2.526815237e-02 1.845444368e-02 1.161033940e-02
 4.760730066e-03-2.065237160e-03-8.841330156e-03-1.550747736e-02-2.200384623e-02
-2.826804481e-02-3.423387930e-02-3.983301669e-02-4.499560221e-02-4.965102672e-02
-5.372899400e-02-5.716061594e-02-5.987954885e-02-6.182320043e-02-6.293403356e-02
-6.316091119e-02-6.246043742e-02-6.079827251e-02-5.815042929e-02-5.450446532e-02
-4.986058545e-02-4.423265907e-02-3.764901312e-02-3.015308455e-02-2.180387639e-02
-1.267616168e-02-2.860331966e-03 7.538236212e-03 1.852151757e-02 3.010463339e-02
 4.230950025e-02 5.516444147e-02 6.870362902e-02 8.296637979e-02 9.799609327e-02
 1.138386652e-01 1.305400579e-01 1.481423379e-01 1.666770130e-01 1.861538141e-01
 2.065404652e-01 2.277256398e-01 2.494463027e-01 2.711246311e-01 2.915033698e-01
 1.332966089e-01 1.288474351e-01 1.242124587e-01 1.194158271e-01 1.144683212e-01
 1.093704998e-01 1.041244715e-01 9.873343253e-02 9.320166710e-02 8.753461397e-02
 8.173893386e-02 7.582257685e-02 6.979487833e-02 6.366661933e-02 5.745010448e-02
 5.115932229e-02 4.481003058e-02 3.841994704e-02 3.200891988e-02 2.559910899e-02
 1.921522248e-02 1.288472206e-02 6.637859653e-03 5.094623484e-04-5.466991584e-03
-1.124324556e-02-1.675706917e-02-2.194862255e-02-2.675677464e-02-3.111909517e-02
-3.497378902e-02-3.826066853e-02-4.092189299e-02-4.290299118e-02-4.415411130e-02
-4.463128745e-02-4.429762065e-02-4.312444852e-02-4.109244420e-02-3.819267824e-02
-3.442757577e-02-2.981179950e-02-2.437292784e-02-1.815198176e-02-1.120375752e-02
-3.597428964e-03 4.583531962e-03 1.332211311e-02 2.262140252e-02 3.249011186e-02
 4.294199869e-02 5.399492013e-02 6.566947699e-02 7.798713449e-02 9.096769238e-02
 1.046258359e-01 1.189663633e-01 1.339776964e-01 1.496226787e-01 1.658253968e-01
 1.824525744e-01 1.992873252e-01 2.159958334e-01 2.320973426e-01 2.469737829e-01
 1.417984664e-01 1.377031058e-01 1.334122717e-01 1.289284528e-01 1.242574900e-01
 1.194062978e-01 1.143829301e-01 1.091968790e-01 1.038588659e-01 9.838066989e-02
 9.277491274e-02 8.705496043e-02 8.123486489e-02 7.532938564e-02 6.935407220e-02
 6.332539764e-02 5.726092680e-02 5.117945743e-02 4.510125887e-02 3.904824334e-02
 3.304417807e-02 2.711489241e-02 2.128846945e-02 1.559549474e-02 1.006895304e-02
 4.745385595e-03-3.366521705e-04-5.141444941e-03-9.619321674e-03-1.371229623e-02
-1.736702956e-02-2.053315750e-02-2.316162735e-02-2.520576867e-02-2.662325278e-02
-2.737732232e-02-2.743776517e-02-2.678182161e-02-2.539505808e-02-2.327224796e-02
-2.041820623e-02-1.684860139e-02-1.259057967e-02-7.682938100e-03-2.174745139e-03
 3.870424582e-03 1.044071751e-02 1.752836813e-02 2.513226305e-02 3.325690323e-02
 4.191131520e-02 5.110768971e-02 6.085953477e-02 7.117918128e-02 8.207450819e-02
 9.354472911e-02 1.055751442e-01 1.181307732e-01 1.311486810e-01 1.445292681e-01
 1.581268609e-01 1.717409341e-01 1.851114929e-01 1.979237647e-01 2.098291218e-01
 1.505341232e-01 1.467988938e-01 1.428326070e-01 1.386351883e-01 1.342124344e-01
 1.295750886e-01 1.247373596e-01 1.197158396e-01 1.145286262e-01 1.091945172e-01
 1.037325189e-01 9.816152605e-02 9.250018740e-02 8.676692841e-02 8.098006991e-02
 7.515802979e-02 6.931951645e-02 6.348376723e-02 5.767079446e-02 5.190158637e-02
 4.619833454e-02 4.058460888e-02 3.508551793e-02 2.972784640e-02 2.454012076e-02
 1.955269834e-02 1.479755994e-02 1.030817068e-02 6.120730206e-03 2.272812184e-03
-1.199701437e-03-4.265269759e-03-6.883162976e-03-9.011017159e-03-1.061332504e-02
-1.166074353e-02-1.213016453e-02-1.200510096e-02-1.127624136e-02-9.942076169e-03
-8.009653480e-03-5.495577177e-03-2.427663392e-03 1.151668082e-03 5.225235131e-03
 9.772324003e-03 1.477936382e-02 2.023893033e-02 2.614959326e-02 3.251555192e-02
 3.934597230e-02 4.665386665e-02 5.445430789e-02 6.276184315e-02 7.158690691e-02
 8.093130600e-02 9.078276891e-02 1.011090054e-01 1.118516402e-01 1.229208112e-01
 1.341913492e-01 1.455016732e-01 1.566569507e-01 1.674378663e-01 1.776153446e-01
 1.596753896e-01 1.563072205e-01 1.526498348e-01 1.487039327e-01 1.444800347e-01
 1.399968862e-01 1.352786571e-01 1.303525120e-01 1.252465546e-01 1.199883893e-01
 1.146043092e-01 1.091189757e-01 1.035553665e-01 9.793500596e-02 9.227820484e-02
 8.660446107e-02 8.093275133e-02 7.528191806e-02 6.967090073e-02 6.411906330e-02
 5.864637345e-02 5.327361448e-02 4.802250491e-02 4.291580245e-02 3.797736017e-02
 3.323210034e-02 2.870595269e-02 2.442575994e-02 2.041914314e-02 1.671403648e-02
 1.333801077e-02 1.031801756e-02 7.681235642e-03 5.453763049e-03 3.658702597e-03
 2.315155725e-03 1.437578409e-03 1.035294175e-03 1.112115380e-03 1.666086813e-03
 2.689407382e-03 4.168667307e-03 6.085691479e-03 8.419708320e-03 1.115267997e-02
 1.426901668e-02 1.775722575e-02 2.161096409e-02 2.582988713e-02 3.042028483e-02
 3.539541375e-02 4.077529541e-02 4.658566788e-02 5.285578233e-02 5.961467314e-02
 6.688585889e-02 7.468068594e-02 8.299099654e-02 9.178227937e-02 1.009883656e-01
 1.105090379e-01 1.202112659e-01 1.299346237e-01 1.395006926e-01 1.487256438e-01
 1.694668681e-01 1.664759367e-01 1.631019861e-01 1.593484133e-01 1.552380175e-01
 1.508075893e-01 1.461007894e-01 1.411626637e-01 1.360359787e-01 1.307595671e-01
 1.253677011e-01 1.198903620e-01 1.143538356e-01 1.087813452e-01 1.031938121e-01
 9.761039911e-02 9.204911442e-02 8.652722834e-02 8.106168362e-02 7.566940039e-02
 7.036747035e-02 6.517340241e-02 6.010521947e-02 5.518151073e-02 5.042148010e-02
 4.584490883e-02 4.147206248e-02 3.732354566e-02 3.342011945e-02 2.978237905e-02
 2.643044105e-02 2.338361555e-02 2.066010240e-02 1.827639152e-02 1.624651445e-02
 1.458138513e-02 1.328827621e-02 1.237042900e-02 1.182680676e-02 1.165201140e-02
 1.183642627e-02 1.236665435e-02 1.322636014e-02 1.439762299e-02 1.586271264e-02
 1.760550594e-02 1.961304800e-02 2.187722735e-02 2.439660195e-02 2.717839729e-02
 3.024055244e-02 3.361353290e-02 3.734136734e-02 4.148104781e-02 4.609921190e-02
 5.126528454e-02 5.704097077e-02 6.346751016e-02 7.055324328e-02 7.826425886e-02
 8.652023971e-02 9.519632161e-02 1.041311249e-01 1.131400839e-01 1.220318675e-01
 1.802719087e-01 1.776895970e-01 1.745496989e-01 1.708696485e-01 1.667099296e-01
 1.621524840e-01 1.572809369e-01 1.521698684e-01 1.468814761e-01 1.414660662e-01
 1.359639317e-01 1.304075569e-01 1.248234958e-01 1.192339137e-01 1.136578023e-01
 1.081119329e-01 1.026115642e-01 9.717102355e-02 9.180410212e-02 8.652438966e-02
 8.134548365e-02 7.628117499e-02 7.134552301e-02 6.655289236e-02 6.191797924e-02
 5.745572227e-02 5.318120497e-02 4.910951856e-02 4.525554550e-02 4.163372889e-02
 3.825778139e-02 3.514035791e-02 3.229271618e-02 2.972428131e-02 2.744218701e-02
 2.545084248e-02 2.375152524e-02 2.234209335e-02 2.121676132e-02 2.036603913e-02
 1.977680254e-02 1.943258572e-02 1.931410836e-02 1.940006396e-02 1.966816562e-02
 2.009642503e-02 2.066474414e-02 2.135700907e-02 2.216382325e-02 2.308613621e-02
 2.413990523e-02 2.536175761e-02 2.681517613e-02 2.859567112e-02 3.083186212e-02
 3.367800277e-02 3.729458520e-02 4.181928921e-02 4.733749857e-02 5.386168149e-02
 6.132292742e-02 6.957349193e-02 7.840008300e-02 8.754865831e-02 9.675745654e-02
 1.927395910e-01 1.906511783e-01 1.876096725e-01 1.837082356e-01 1.791485846e-01
 1.741328240e-01 1.688162684e-01 1.633076220e-01 1.576816589e-01 1.519905478e-01
 1.462715715e-01 1.405521631e-01 1.348531842e-01 1.291911155e-01 1.235795169e-01
 1.180300489e-01 1.125532239e-01 1.071588547e-01 1.018564552e-01 9.665546563e-02
 9.156542268e-02 8.659607172e-02 8.175735921e-02 7.705949250e-02 7.251282787e-02
 6.812784073e-02 6.391496205e-02 5.988443270e-02 5.604611716e-02 5.240925396e-02
 4.898221794e-02 4.577220601e-02 4.278492922e-02 4.002427313e-02 3.749191761e-02
 3.518699476e-02 3.310574591e-02 3.124121955e-02 2.958302200e-02 2.811713895e-02
 2.682584341e-02 2.568769275e-02 2.467766212e-02 2.376742850e-02 2.292583883e-02
 2.211964497e-02 2.131465456e-02 2.047755750e-02 1.957879588e-02 1.859711489e-02
 1.752659865e-02 1.638735633e-02 1.524119260e-02 1.421296131e-02 1.351458213e-02
 1.345681964e-02 1.441674592e-02 1.674700913e-02 2.068288805e-02 2.630576870e-02
 3.354538232e-02 4.218454665e-02 5.186552188e-02 6.213090947e-02 7.252010703e-02
 2.082931995e-01 2.070301324e-01 2.034823447e-01 1.983940601e-01 1.926345378e-01
 1.866046637e-01 1.804716736e-01 1.743167490e-01 1.681844741e-01 1.621012985e-01
 1.560837925e-01 1.501428186e-01 1.442858875e-01 1.385185570e-01 1.328453272e-01
 1.272702366e-01 1.217972263e-01 1.164303720e-01 1.111740395e-01 1.060329974e-01
 1.010123864e-01 9.611777964e-02 9.135507795e-02 8.673047269e-02 8.225033438e-02
 7.792109257e-02 7.374908036e-02 6.974037740e-02 6.590059397e-02 6.223464754e-02
 5.874655029e-02 5.543909228e-02 5.231359234e-02 4.936956245e-02 4.660439870e-02
 4.401302716e-02 4.158758002e-02 3.931704161e-02 3.718691689e-02 3.517889237e-02
 3.327050808e-02 3.143480423e-02 2.963999857e-02 2.784913033e-02 2.601972589e-02
 2.410351305e-02 2.204631461e-02 1.978829864e-02 1.726505166e-02 1.441016991e-02
 1.116070797e-02 7.467757619e-03 3.316364484e-03-1.236371812e-03-5.982993520e-03
-1.039585087e-02-1.344738342e-02-1.411337010e-02-1.196123497e-02-6.917866995e-03
 9.246912086e-04 1.130537782e-02 2.364383987e-02 3.683423612e-02 4.971608170e-02
 2.288933247e-01 2.299268097e-01 2.228916288e-01 2.141700536e-01 2.062429637e-01
 1.987557411e-01 1.915807873e-01 1.846583784e-01 1.779538095e-01 1.714437902e-01
 1.651111394e-01 1.589425504e-01 1.529274583e-01 1.470575333e-01 1.413263232e-01
 1.357289553e-01 1.302620620e-01 1.249235049e-01 1.197123229e-01 1.146285384e-01
 1.096730158e-01 1.048473268e-01 1.001536399e-01 9.559451041e-02 9.117276222e-02
 8.689133829e-02 8.275306964e-02 7.876054948e-02 7.491590083e-02 7.122054699e-02
 6.767503166e-02 6.427870688e-02 6.102950504e-02 5.792364100e-02 5.495530000e-02
 5.211629721e-02 4.939573255e-02 4.677958781e-02 4.425030941e-02 4.178631309e-02
 3.936143214e-02 3.694425529e-02 3.449731704e-02 3.197609994e-02 2.932776127e-02
 2.648951311e-02 2.338657156e-02 1.992959355e-02 1.601160516e-02 1.150459610e-02
 6.256387336e-03 8.891930338e-05-7.200346270e-03-1.583391801e-02-2.605880063e-02
-3.824472812e-02-4.837208241e-02-5.268147937e-02-5.217919522e-02-4.739689815e-02
-3.792527306e-02-2.415865264e-02-5.460228422e-03 1.440692227e-02 3.073812672e-02
 2.433679104e-01 2.453556806e-01 2.373284102e-01 2.270493060e-01 2.177365720e-01
 2.091629654e-01 2.011619508e-01 1.936185807e-01 1.864521355e-01 1.796039194e-01
 1.730297506e-01 1.666956693e-01 1.605751067e-01 1.546471864e-01 1.488954425e-01
 1.433070153e-01 1.378719062e-01 1.325824708e-01 1.274330020e-01 1.224194095e-01
 1.175388545e-01 1.127895191e-01 1.081703827e-01 1.036809832e-01 9.932121632e-02
 9.509114921e-02 9.099079674e-02 8.701996508e-02 8.317801353e-02 7.946368310e-02
 7.587486508e-02 7.240837815e-02 6.905971473e-02 6.582280993e-02 6.268970674e-02
 5.965026838e-02 5.669181421e-02 5.379869789e-02 5.095184228e-02 4.812816909e-02
 4.529992494e-02 4.243382800e-02 3.948996589e-02 3.642038617e-02 3.316717217e-02
 2.965979849e-02 2.581145806e-02 2.151378052e-02 1.662924141e-02 1.098010596e-02
 4.332672514e-03-3.624046221e-03-1.330333960e-02-2.524208860e-02-4.010796174e-02
-5.680266768e-02-6.784894317e-02-7.319059991e-02-7.322612428e-02-6.771790236e-02
-5.681031919e-02-3.956625611e-02-1.704896218e-02 2.858079853e-03 1.967940503e-02
 2.520754039e-01 2.544827461e-01 2.462003380e-01 2.355918437e-01 2.258351147e-01
 2.168198973e-01 2.084411383e-01 2.006019056e-01 1.932190359e-01 1.862238049e-01
 1.795603931e-01 1.731838732e-01 1.670582443e-01 1.611547171e-01 1.554503590e-01
 1.499268859e-01 1.445698290e-01 1.393677444e-01 1.343116314e-01 1.293944419e-01
 1.246107220e-01 1.199561805e-01 1.154274643e-01 1.110218689e-01 1.067371071e-01
 1.025710925e-01 9.852171695e-02 9.458669275e-02 9.076335284e-02 8.704846358e-02
 8.343803143e-02 7.992713901e-02 7.650974393e-02 7.317840314e-02 6.992410123e-02
 6.673589343e-02 6.360065192e-02 6.050262606e-02 5.742302912e-02 5.433949080e-02
 5.122541252e-02 4.804914084e-02 4.477293033e-02 4.135158291e-02 3.773059684e-02
 3.384361410e-02 2.960877318e-02 2.492327424e-02 1.965501148e-02 1.362898387e-02
 6.604056631e-03-1.768835704e-03-1.202227460e-02-2.498365729e-02-4.163797561e-02
-5.566101905e-02-6.473653787e-02-6.904596079e-02-6.848942477e-02-6.302164495e-02
-5.151811219e-02-3.319492564e-02-1.394842856e-02 2.728143707e-03 1.734009944e-02
 2.557701469e-01 2.583079040e-01 2.505847812e-01 2.400856763e-01 2.303782552e-01
 2.214039117e-01 2.130731195e-01 2.052962929e-01 1.979921609e-01 1.910909564e-01
 1.845345944e-01 1.782756298e-01 1.722756028e-01 1.665035635e-01 1.609346270e-01
 1.555487812e-01 1.503300070e-01 1.452654153e-01 1.403446496e-01 1.355593503e-01
 1.309027523e-01 1.263692827e-01 1.219542698e-01 1.176536605e-01 1.134638042e-01
 1.093811914e-01 1.054023132e-01 1.015234366e-01 9.774050122e-02 9.404890984e-02
 9.044347709e-02 8.691820508e-02 8.346621698e-02 8.007956293e-02 7.674905658e-02
 7.346402848e-02 7.021211830e-02 6.697893894e-02 6.374773380e-02 6.049895665e-02
 5.720980081e-02 5.385361618e-02 5.039922142e-02 4.681010538e-02 4.304336396e-02
 3.904846311e-02 3.476562339e-02 3.012375900e-02 2.503784362e-02 1.940545801e-02
 1.310206862e-02 5.973273830e-03-2.186279278e-03-1.176676643e-02-2.208960417e-02
-3.005391534e-02-3.539817024e-02-3.782861307e-02-3.729237593e-02-3.326746065e-02
-2.556510619e-02-1.357236109e-02-1.410211786e-03 1.032969053e-02 2.141724515e-02
 2.559340596e-01 2.585735917e-01 2.507953942e-01 2.406434417e-01 2.313858718e-01
 2.228819132e-01 2.150044441e-01 2.076469511e-01 2.007239908e-01 1.941679418e-01
 1.879251599e-01 1.819529980e-01 1.762173473e-01 1.706908346e-01 1.653513909e-01
 1.601811796e-01 1.551657169e-01 1.502932012e-01 1.455540061e-01 1.409401446e-01
 1.364450007e-01 1.320628971e-01 1.277889163e-01 1.236185879e-01 1.195476874e-01
 1.155720428e-01 1.116873249e-01 1.078889668e-01 1.041719839e-01 1.005309224e-01
 9.695979205e-02 9.345201397e-02 9.000040588e-02 8.659707749e-02 8.323339373e-02
 7.989981031e-02 7.658573246e-02 7.327929890e-02 6.996714324e-02 6.663414091e-02
 6.326313323e-02 5.983471125e-02 5.632695934e-02 5.271536112e-02 4.897277436e-02
 4.506974283e-02 4.097528383e-02 3.665868187e-02 3.209320462e-02 2.726382378e-02
 2.218332503e-02 1.692764449e-02 1.171589928e-02 7.068951090e-03 3.516633413e-03
 2.999462886e-04-2.144700265e-03-3.253076109e-03-2.797806752e-03-8.789639687e-04
 2.095384873e-03 6.828896934e-03 1.338945224e-02 2.084989310e-02 2.861879591e-02
 2.510960400e-01 2.535381019e-01 2.462382466e-01 2.370453477e-01 2.288714797e-01
 2.213895619e-01 2.144135535e-01 2.078330070e-01 2.015767246e-01 1.955951006e-01
 1.898513585e-01 1.843170822e-01 1.789697409e-01 1.737911105e-01 1.687662602e-01
 1.638829111e-01 1.591308415e-01 1.545015424e-01 1.499878169e-01 1.455835998e-01
 1.412836314e-01 1.370832771e-01 1.329783052e-01 1.289646625e-01 1.250383407e-01
 1.211951226e-01 1.174304485e-01 1.137392744e-01 1.101160274e-01 1.065545827e-01
 1.030483023e-01 9.959013009e-02 9.617275005e-02 9.278862173e-02 8.943007883e-02
 8.608926838e-02 8.275808400e-02 7.942801714e-02 7.608996338e-02 7.273411000e-02
 6.934980303e-02 6.592556078e-02 6.244923180e-02 5.890832463e-02 5.529067654e-02
 5.158556619e-02 4.778556532e-02 4.388946661e-02 3.990687046e-02 3.586515412e-02
 3.181933978e-02 2.786360506e-02 2.413692331e-02 2.080285549e-02 1.799543202e-02
 1.580863068e-02 1.436128002e-02 1.379303890e-02 1.420297544e-02 1.562623307e-02
 1.806456409e-02 2.150583628e-02 2.585317579e-02 3.089516232e-02 3.638386732e-02
 2.387855500e-01 2.398542315e-01 2.354079634e-01 2.292916179e-01 2.233244479e-01
 2.175067365e-01 2.118369639e-01 2.063123136e-01 2.009287625e-01 1.956814528e-01
 1.905650199e-01 1.855739504e-01 1.807027311e-01 1.759460420e-01 1.712988616e-01
 1.667564959e-01 1.623146237e-01 1.579693407e-01 1.537170560e-01 1.495545208e-01
 1.454787701e-01 1.414870023e-01 1.375764460e-01 1.337442547e-01 1.299873143e-01
 1.263019741e-01 1.226838976e-01 1.191278995e-01 1.156278104e-01 1.121766269e-01
 1.087666601e-01 1.053899601e-01 1.020386815e-01 9.870547807e-02 9.538373357e-02
 9.206766629e-02 8.875222504e-02 8.543288708e-02 8.210542050e-02 7.876568299e-02
 7.540955395e-02 7.203307003e-02 6.863267726e-02 6.520581979e-02 6.175168970e-02
 5.827239517e-02 5.477460095e-02 5.127169553e-02 4.778652271e-02 4.435453552e-02
 4.102663702e-02 3.787040722e-02 3.496764967e-02 3.240740293e-02 3.027749434e-02
 2.866039413e-02 2.763278421e-02 2.726158866e-02 2.759542322e-02 2.865772886e-02
 3.044400917e-02 3.291891888e-02 3.601210198e-02 3.962083912e-02 4.362368223e-02
 2.255236208e-01 2.252067029e-01 2.233997286e-01 2.203950733e-01 2.166612148e-01
 2.125427574e-01 2.082182318e-01 2.037910819e-01 1.993229837e-01 1.948526650e-01
 1.904052049e-01 1.859972627e-01 1.816399843e-01 1.773407460e-01 1.731043310e-01
 1.689336597e-01 1.648303866e-01 1.607953310e-01 1.568287015e-01 1.529304087e-01
 1.491000950e-01 1.453372687e-01 1.416412443e-01 1.380110532e-01 1.344452054e-01
 1.309414356e-01 1.274962873e-01 1.241047084e-01 1.207597331e-01 1.174525842e-01
 1.141731366e-01 1.109109446e-01 1.076563373e-01 1.044012607e-01 1.011399254e-01
 9.786900127e-02 9.458741540e-02 9.129573399e-02 8.799538761e-02 8.468815687e-02
 8.137609059e-02 7.806171483e-02 7.474837458e-02 7.144076366e-02 6.814555812e-02
 6.487225747e-02 6.163422402e-02 5.844985333e-02 5.534387764e-02 5.234843132e-02
 4.950361315e-02 4.685712967e-02 4.446264356e-02 4.237702501e-02 4.065709934e-02
 3.935651860e-02 3.852285084e-02 3.819443652e-02 3.839701426e-02 3.914069396e-02
 4.041781271e-02 4.220192129e-02 4.444828618e-02 4.709671816e-02 5.007669324e-02
 2.173278182e-01 2.167380155e-01 2.154202014e-01 2.134086043e-01 2.108166366e-01
 2.078038753e-01 2.044957429e-01 2.009756267e-01 1.973068416e-01 1.935422123e-01
 1.897207945e-01 1.858716757e-01 1.820165962e-01 1.781717091e-01 1.743488758e-01
 1.705566793e-01 1.668012739e-01 1.630871296e-01 1.594175548e-01 1.557950974e-01
 1.522218883e-01 1.486997902e-01 1.452305614e-01 1.418158412e-01 1.384568960e-01
 1.351542473e-01 1.319067926e-01 1.287108808e-01 1.255589425e-01 1.224383489e-01
 1.193324252e-01 1.162239164e-01 1.130982265e-01 1.099447310e-01 1.067575440e-01
 1.035365835e-01 1.002876461e-01 9.701986617e-02 9.374225137e-02 9.046263251e-02
 8.718833333e-02 8.392702049e-02 8.068723982e-02 7.747878134e-02 7.431298500e-02
 7.120317966e-02 6.816518301e-02 6.521792704e-02 6.238392380e-02 5.968967447e-02
 5.716563005e-02 5.484575045e-02 5.276648700e-02 5.096531275e-02 4.947890353e-02
 4.834118101e-02 4.758129641e-02 4.722163070e-02 4.727596429e-02 4.774796969e-02
 4.863023752e-02 4.990407458e-02 5.154015875e-02 5.350019038e-02 5.573933932e-02
 2.115537375e-01 2.109164894e-01 2.098224611e-01 2.082604169e-01 2.062568963e-01
 2.038877607e-01 2.012248039e-01 1.983346342e-01 1.952769160e-01 1.920870691e-01
 1.887970566e-01 1.854386628e-01 1.820380091e-01 1.786153913e-01 1.751858443e-01
 1.717602759e-01 1.683466733e-01 1.649511456e-01 1.615786254e-01 1.582333744e-01
 1.549191921e-01 1.516397596e-01 1.483991892e-01 1.452025325e-01 1.420554369e-01
 1.389636100e-01 1.359318792e-01 1.329629869e-01 1.300548314e-01 1.271910220e-01
 1.243279055e-01 1.214276925e-01 1.184706464e-01 1.154422536e-01 1.123313681e-01
 1.091362313e-01 1.058823988e-01 1.026078015e-01 9.932890540e-02 9.605457631e-02
 9.279423952e-02 8.955912304e-02 8.636202669e-02 8.321683842e-02 8.013817656e-02
 7.714133710e-02 7.424256211e-02 7.145930082e-02 6.881058973e-02 6.631720799e-02
 6.400168693e-02 6.188796449e-02 6.000078470e-02 5.836484197e-02 5.700367701e-02
 5.593851197e-02 5.518697214e-02 5.476193863e-02 5.467048276e-02 5.491307017e-02
 5.548313999e-02 5.636705452e-02 5.754458543e-02 5.898981547e-02 6.067243207e-02
 2.072181106e-01 2.066777050e-01 2.057924866e-01 2.045276314e-01 2.028845102e-01
 2.008956223e-01 1.986189485e-01 1.961246878e-01 1.934681684e-01 1.906967611e-01
 1.878226101e-01 1.848650425e-01 1.818519086e-01 1.788055002e-01 1.757383644e-01
 1.726589053e-01 1.695732176e-01 1.664862335e-01 1.634027213e-01 1.603280455e-01
 1.572680026e-01 1.542241275e-01 1.512005181e-01 1.482078284e-01 1.452585608e-01
 1.423661709e-01 1.395449042e-01 1.368100047e-01 1.341794283e-01 1.316753328e-01
 1.291341036e-01 1.264941693e-01 1.237557530e-01 1.208911165e-01 1.178769692e-01
 1.146792620e-01 1.113462821e-01 1.080380305e-01 1.047347113e-01 1.014358253e-01
 9.815219039e-02 9.490077203e-02 9.170097869e-02 8.857207739e-02 8.553200221e-02
 8.259714401e-02 7.978276163e-02 7.710358495e-02 7.457438851e-02 7.221035659e-02
 7.002720248e-02 6.804107863e-02 6.626819086e-02 6.472434109e-02 6.342421466e-02
 6.238065654e-02 6.160394091e-02 6.110102683e-02 6.087497249e-02 6.092447799e-02
 6.124366826e-02 6.182209397e-02 6.264501065e-02 6.369393307e-02 6.494730717e-02
 2.038564234e-01 2.036322355e-01 2.030467690e-01 2.020284832e-01 2.005817294e-01
 1.987686009e-01 1.966745555e-01 1.943792403e-01 1.919535697e-01 1.894540936e-01
 1.868831962e-01 1.842460781e-01 1.815637947e-01 1.788577288e-01 1.761300265e-01
 1.733817756e-01 1.706133187e-01 1.678249091e-01 1.650179774e-01 1.621970236e-01
 1.593716890e-01 1.565365940e-01 1.536951810e-01 1.508674472e-01 1.480745077e-01
 1.453386844e-01 1.426832975e-01 1.401329636e-01 1.377144606e-01 1.354516596e-01
 1.331745685e-01 1.308066547e-01 1.283347458e-01 1.257172973e-01 1.229065805e-01
 1.198484004e-01 1.165930331e-01 1.133042649e-01 1.099712103e-01 1.066056266e-01
 1.032367125e-01 9.990111733e-02 9.663389629e-02 9.346355492e-02 9.041122341e-02
 8.749226475e-02 8.471839863e-02 8.209946752e-02 7.964463526e-02 7.736301428e-02
 7.526399184e-02 7.335714251e-02 7.165207725e-02 7.015803450e-02 6.888346362e-02
 6.783550989e-02 6.701955950e-02 6.643874187e-02 6.609356409e-02 6.598166382e-02
 6.609762472e-02 6.643303484e-02 6.697658444e-02 6.771443790e-02 6.863059854e-02
-0.109573471E+01-0.111193979E+01-0.112242508E+01-0.113441503E+01-0.114775622E+01
-0.116093397E+01-0.117471230E+01-0.118888926E+01-0.120460224E+01-0.121888232E+01
-0.123409402E+01-0.124991488E+01-0.126591885E+01-0.128223717E+01-0.129920971E+01
-0.131686091E+01-0.133491266E+01-0.135324252E+01-0.137229765E+01-0.139193475E+01
-0.141220415E+01-0.143314373E+01-0.145454681E+01-0.147661746E+01-0.149947452E+01
-0.152320743E+01-0.154756248E+01-0.157275081E+01-0.159873784E+01-0.162567329E+01
-0.165362430E+01-0.168253601E+01-0.171250749E+01-0.174355376E+01-0.177581048E+01
-0.180932629E+01-0.184413850E+01-0.188042021E+01-0.191820455E+01-0.195759106E+01
-0.199866903E+01-0.204153991E+01-0.208640766E+01-0.213345528E+01-0.218275952E+01
-0.223452234E+01-0.228887773E+01-0.234606242E+01-0.240640759E+01-0.247033048E+01
-0.253806162E+01-0.260968804E+01-0.268571496E+01-0.276706076E+01-0.285423517E+01
-0.294756126E+01-0.304770184E+01-0.315603137E+01-0.327357316E+01-0.340246511E+01
-0.354347634E+01-0.369983411E+01-0.387428737E+01-0.407343340E+01-0.429841900E+01
   77  117
 0.101880383E+01-0.500000007E-01 0.102046001E+01 0.500000007E-01 0.103214061E+01
 0.100000001E+00 0.105250001E+01 0.152833581E+00 0.107906246E+01 0.206019327E+00
 0.110562503E+01 0.252167165E+00 0.113596821E+01 0.300000012E+00 0.117047203E+01
 0.349999994E+00 0.120798659E+01 0.400000006E+00 0.123843753E+01 0.437611908E+00
 0.126499999E+01 0.468666315E+00 0.129350305E+01 0.500000000E+00 0.134319377E+01
 0.550000012E+00 0.137125003E+01 0.576062322E+00 0.139921927E+01 0.600000024E+00
 0.145093751E+01 0.640842259E+00 0.147749996E+01 0.659793019E+00 0.153062499E+01
 0.693643689E+00 0.155718756E+01 0.708794177E+00 0.161031246E+01 0.735308409E+00
 0.164748430E+01 0.750000000E+00 0.169000006E+01 0.765308023E+00 0.174312496E+01
 0.778689742E+00 0.179624999E+01 0.785768867E+00 0.184937501E+01 0.785727620E+00
 0.190250003E+01 0.776102960E+00 0.195562506E+01 0.750020862E+00 0.198218751E+01
 0.729762614E+00 0.200874996E+01 0.698619068E+00 0.203912210E+01 0.649999976E+00
 0.206298923E+01 0.600000024E+00 0.208843756E+01 0.535398423E+00 0.211500001E+01
 0.454317927E+00 0.213106775E+01 0.400000006E+00 0.214511251E+01 0.349999994E+00
 0.216812491E+01 0.259002208E+00 0.218084121E+01 0.200000003E+00 0.219468760E+01
 0.110997028E+00 0.220008659E+01 0.500000007E-01 0.219927359E+01-0.500000007E-01
 0.219453955E+01-0.100000001E+00 0.217797637E+01-0.200000003E+00 0.216685057E+01
-0.250000000E+00 0.214156246E+01-0.348066926E+00 0.212668109E+01-0.400000006E+00
 0.211158395E+01-0.449999988E+00 0.208843756E+01-0.521510184E+00 0.206187510E+01
-0.591117561E+00 0.203531241E+01-0.647627115E+00 0.200874996E+01-0.692193866E+00
 0.198218751E+01-0.725702107E+00 0.195373678E+01-0.750000000E+00 0.190250003E+01
-0.779234946E+00 0.184937501E+01-0.792163014E+00 0.179624999E+01-0.794934452E+00
 0.174312496E+01-0.790367425E+00 0.169000006E+01-0.779444575E+00 0.163687503E+01
-0.762333930E+00 0.160726547E+01-0.750000000E+00 0.155718756E+01-0.727047622E+00
 0.151020706E+01-0.699999988E+00 0.147749996E+01-0.679677308E+00 0.143627930E+01
-0.649999976E+00 0.139781249E+01-0.620031416E+00 0.137125003E+01-0.597055137E+00
 0.132125080E+01-0.550000012E+00 0.129156256E+01-0.519334257E+00 0.126499999E+01
-0.489875436E+00 0.123131108E+01-0.449999988E+00 0.119259679E+01-0.400000006E+00
 0.115875006E+01-0.352192223E+00 0.113218749E+01-0.311724335E+00 0.110562503E+01
-0.268317372E+00 0.107906246E+01-0.220749408E+00 0.105250001E+01-0.165458441E+00
 0.102876115E+01-0.100000001E+00 0.101880383E+01-0.500000007E-01
 0.101600003E+01 0.000000000E+00 0.101600003E+01 0.963999987E+00 0.101600003E+01
 0.967999995E+00 0.101600003E+01 0.100100005E+01 0.101600003E+01 0.101900005E+01
 0.101600003E+01 0.107700002E+01 0.101600003E+01 0.107000005E+01 0.101600003E+01
 0.109599996E+01 0.101600003E+01 0.111300004E+01 0.101600003E+01 0.113800001E+01
 0.101600003E+01 0.114699996E+01 0.101199996E+01 0.116499996E+01 0.100100005E+01
 0.121700001E+01 0.102900004E+01 0.121700001E+01 0.104200006E+01 0.116240001E+01
 0.104600000E+01 0.116237998E+01 0.105599999E+01 0.116260004E+01 0.109700000E+01
 0.116450000E+01 0.110800004E+01 0.116594005E+01 0.111600006E+01 0.116591001E+01
 0.113399994E+01 0.116895998E+01 0.114800000E+01 0.117174995E+01 0.116199994E+01
 0.117556000E+01 0.118099999E+01 0.118299997E+01 0.118200004E+01 0.118350005E+01
 0.118499994E+01 0.118499994E+01 0.119000006E+01 0.118799996E+01 0.119500005E+01
 0.119099998E+01 0.120099998E+01 0.119599998E+01 0.120899999E+01 0.120200002E+01
 0.121500003E+01 0.120799994E+01 0.122200000E+01 0.121399999E+01 0.122800004E+01
 0.122099996E+01 0.123399997E+01 0.123099995E+01 0.123899996E+01 0.123800004E+01
 0.124199998E+01 0.124399996E+01 0.124800003E+01 0.125399995E+01 0.125800002E+01
 0.127800000E+01 0.126300001E+01 0.128999996E+01 0.127999997E+01 0.133099997E+01
 0.127999997E+01 0.134700000E+01 0.127999997E+01 0.134800005E+01 0.130999994E+01
 0.134800005E+01 0.132799995E+01 0.134800005E+01 0.136099994E+01 0.134800005E+01
 0.138000000E+01 0.134800005E+01 0.141900003E+01 0.134800005E+01 0.141900003E+01
 0.130999994E+01 0.137199998E+01 0.130999994E+01 0.137167001E+01 0.129237998E+01
 0.137003005E+01 0.128268003E+01 0.136688006E+01 0.125644004E+01 0.136719000E+01
 0.122955000E+01 0.137178004E+01 0.119576001E+01 0.137223995E+01 0.119402003E+01
 0.138662004E+01 0.116487002E+01 0.138707995E+01 0.116420996E+01 0.140382004E+01
 0.115696001E+01 0.141127002E+01 0.115730000E+01 0.141857004E+01 0.116131997E+01
 0.142100000E+01 0.116400003E+01 0.148662996E+01 0.124049997E+01 0.149730003E+01
 0.123458004E+01 0.149761999E+01 0.123427999E+01 0.149744999E+01 0.123174000E+01
 0.149275005E+01 0.121329999E+01 0.149259996E+01 0.121061003E+01 0.149260998E+01
 0.120485997E+01 0.149278998E+01 0.120213997E+01 0.149339998E+01 0.119641995E+01
 0.149469995E+01 0.118510997E+01 0.149621999E+01 0.116069996E+01 0.147981000E+01
 0.112425995E+01 0.148081994E+01 0.112256002E+01 0.148149002E+01 0.112137997E+01
 0.148645997E+01 0.111691999E+01 0.149094999E+01 0.111439002E+01 0.150304997E+01
 0.111243999E+01 0.159696996E+01 0.109489000E+01 0.162549996E+01 0.108529997E+01
 0.163751996E+01 0.107988000E+01 0.164699996E+01 0.107700002E+01 0.178499997E+01
 0.107700002E+01 0.206999993E+01 0.103999996E+01 0.212800002E+01 0.992999971E+00
 0.224499989E+01 0.708999991E+00 0.233956003E+01 0.461430013E+00 0.234707999E+01
 0.415829986E+00 0.234912992E+01 0.272179991E+00 0.235103011E+01 0.170179993E+00
 0.235157990E+01 0.701199993E-01 0.235124993E+01-0.317899995E-01 0.235050988E+01
-0.144350007E+00 0.234964991E+01-0.214829996E+00 0.234870005E+01-0.326689988E+00
 0.234759998E+01-0.386770010E+00 0.234019995E+01-0.453040004E+00 0.232942009E+01
-0.477569997E+00 0.213400006E+01-0.972999990E+00 0.178600001E+01-0.117400002E+01
 0.176800001E+01-0.121099997E+01 0.176800001E+01-0.125000000E+01 0.168200004E+01
-0.125000000E+01 0.137199998E+01-0.125000000E+01 0.137199998E+01-0.132900000E+01
 0.141999996E+01-0.132900000E+01 0.141999996E+01-0.136300004E+01 0.127300000E+01
-0.136300004E+01 0.115300000E+01-0.136300004E+01 0.101600003E+01-0.122300005E+01
 0.101600003E+01-0.122300005E+01 0.101600003E+01-0.829999983E+00 0.101600003E+01
-0.800000012E+00 0.101600003E+01-0.414999992E+00 0.101600003E+01-0.400000006E+00
 0.101600003E+01-0.100000005E-02 0.101600003E+01 0.000000000E+00
    0 0.169550002E+01    0
 0.000000000E+00 0.930137560E-01 0.132179499E+00 0.162490696E+00 0.188162074E+00
 0.211072087E+00 0.231939688E+00 0.251303703E+00 0.268148720E+00 0.285385579E+00
 0.301945120E+00 0.317938119E+00 0.333268285E+00 0.348046601E+00 0.362430304E+00
 0.376578182E+00 0.390312910E+00 0.403706461E+00 0.416873991E+00 0.429849923E+00
 0.442652702E+00 0.455230206E+00 0.467635095E+00 0.479918510E+00 0.492080331E+00
 0.504146576E+00 0.516108036E+00 0.527961969E+00 0.539770365E+00 0.551501930E+00
 0.563180208E+00 0.574845016E+00 0.586445928E+00 0.598031878E+00 0.609625757E+00
 0.621191025E+00 0.632755280E+00 0.644343853E+00 0.655953646E+00 0.667594135E+00
 0.679264903E+00 0.690965652E+00 0.702728272E+00 0.714565158E+00 0.726463556E+00
 0.738451600E+00 0.750519574E+00 0.762672246E+00 0.774940968E+00 0.787351787E+00
 0.799907565E+00 0.812582731E+00 0.825391412E+00 0.838418365E+00 0.851651490E+00
 0.865080416E+00 0.878715754E+00 0.892621458E+00 0.906805336E+00 0.921333671E+00
 0.936181009E+00 0.951404572E+00 0.967055142E+00 0.983296752E+00 0.100000000E+01
    0
