   10    5   35    1   10     /NEON               /GCR PROJECT                 
================================================================================
  11.00000  12.00000  13.00000  14.00000  15.00000
   0.00000   0.13535   0.27071   0.40606   0.54142   0.67677   0.81213   0.94748
   1.08284   1.21819   1.35355   1.48890   1.62426   1.75961   1.89497   2.03032
   2.16568   2.30103   2.43638   2.57174   2.70709   2.84245   2.97780   3.11316
   3.24851   3.38387   3.51922   3.65458   3.78993   3.92529   4.06064   4.19600
   4.33135   4.46671   4.60206
---------------------/ IGRD= 1  / IPRT= 1  /--------/ Z1= 1   / DATE= 20/12/00  
 -13.11843 -12.97419 -12.76585 -12.42309 -11.84655
 -13.30418 -13.18678 -13.01270 -12.70061 -12.18467
 -13.48785 -13.39031 -13.24293 -12.96968 -12.55538
 -13.66382 -13.59272 -13.47191 -13.24398 -12.96673
 -13.72942 -13.72217 -13.65861 -13.48699 -13.29566
 -13.60761 -13.69592 -13.73154 -13.65566 -13.51610
 -13.33045 -13.49936 -13.64823 -13.72946 -13.72944
 -13.10504 -13.30979 -13.52271 -13.72637 -13.90306
 -12.98064 -13.19786 -13.43318 -13.69778 -14.02643
 -12.92937 -13.15315 -13.39633 -13.68688 -14.12226
 -12.94457 -13.16885 -13.41341 -13.71223 -14.20998
 -13.00445 -13.22723 -13.47007 -13.76701 -14.29746
 -13.09352 -13.31447 -13.55009 -13.83644 -14.37717
 -13.20431 -13.41886 -13.64197 -13.91550 -14.46273
 -13.32643 -13.52867 -13.73285 -13.98272 -14.51547
 -13.45756 -13.64590 -13.82685 -14.03321 -14.50658
 -13.59193 -13.76382 -13.92053 -14.08128 -14.48579
 -13.70344 -13.84841 -13.97630 -14.10701 -14.47390
 -13.85902 -13.98943 -14.10226 -14.21624 -14.55855
 -14.05338 -14.18107 -14.29101 -14.40071 -14.73551
 -14.25995 -14.38876 -14.49989 -14.61137 -14.94933
 -14.46285 -14.59162 -14.70270 -14.81413 -15.15196
 -14.66582 -14.79458 -14.90564 -15.01704 -15.35483
 -14.86893 -14.99771 -15.10879 -15.22023 -15.55808
 -15.07193 -15.20069 -15.31176 -15.42317 -15.76099
 -15.27497 -15.40373 -15.51481 -15.62622 -15.96406
 -15.47800 -15.60676 -15.71783 -15.82925 -16.16708
 -15.68103 -15.80979 -15.92087 -16.03228 -16.37011
 -15.88406 -16.01283 -16.12390 -16.23532 -16.57314
 -16.08709 -16.21586 -16.32693 -16.43835 -16.77617
 -16.29012 -16.41889 -16.52996 -16.64138 -16.97921
 -16.49316 -16.62193 -16.73300 -16.84442 -17.18224
 -16.69620 -16.82497 -16.93604 -17.04746 -17.38526
 -16.89923 -17.02800 -17.13907 -17.25049 -17.58828
 -17.10227 -17.23104 -17.34211 -17.45353 -17.79131
---------------------/ IGRD= 1  / IPRT= 1  /--------/ Z1= 2   / DATE= 20/12/00  
 -12.08217 -11.97267 -11.78897 -11.48234 -11.03588
 -12.19157 -12.11069 -11.97327 -11.73879 -11.38861
 -12.29069 -12.23102 -12.12913 -11.95062 -11.68503
 -12.38611 -12.34189 -12.26634 -12.13221 -11.93905
 -12.45411 -12.42933 -12.38031 -12.28671 -12.15886
 -12.46210 -12.46759 -12.45326 -12.40350 -12.34148
 -12.39496 -12.43836 -12.46608 -12.46690 -12.47648
 -12.29921 -12.37174 -12.43407 -12.47752 -12.55737
 -12.22390 -12.31083 -12.39265 -12.46107 -12.59585
 -12.18918 -12.28105 -12.36997 -12.44985 -12.61945
 -12.19819 -12.29168 -12.38237 -12.46738 -12.65498
 -12.24507 -12.34024 -12.43340 -12.52081 -12.71504
 -12.32138 -12.41975 -12.51702 -12.60738 -12.80253
 -12.42309 -12.52401 -12.62675 -12.72075 -12.90941
 -12.54465 -12.64753 -12.75454 -12.85076 -13.02757
 -12.68022 -12.78463 -12.89233 -12.98801 -13.15121
 -12.82681 -12.92967 -13.03561 -13.12938 -13.27610
 -12.98068 -13.07983 -13.18253 -13.27277 -13.40168
 -13.13925 -13.23345 -13.33155 -13.41653 -13.52881
 -13.29525 -13.38408 -13.47559 -13.55362 -13.64904
 -13.44851 -13.53115 -13.61370 -13.68356 -13.76350
 -13.59409 -13.66787 -13.73880 -13.79911 -13.86555
 -13.72165 -13.78384 -13.84244 -13.89170 -13.94204
 -13.91008 -13.97013 -14.02658 -14.07382 -14.12099
 -14.11997 -14.18113 -14.23869 -14.28695 -14.33549
 -14.32128 -14.38222 -14.43955 -14.48760 -14.53574
 -14.52507 -14.58616 -14.64365 -14.69183 -14.74009
 -14.72802 -14.78911 -14.84662 -14.89480 -14.94303
 -14.93095 -14.99205 -15.04955 -15.09774 -15.14594
 -15.13401 -15.19512 -15.25266 -15.30086 -15.34906
 -15.33703 -15.39815 -15.45570 -15.50391 -15.55210
 -15.54006 -15.60120 -15.65875 -15.70697 -15.75516
 -15.74309 -15.80425 -15.86181 -15.91004 -15.95824
 -15.94613 -16.00731 -16.06487 -16.11311 -16.16131
 -16.14916 -16.21036 -16.26793 -16.31618 -16.36438
---------------------/ IGRD= 1  / IPRT= 1  /--------/ Z1= 3   / DATE= 20/12/00  
 -11.05473 -10.95327 -10.78278 -10.45585  -9.89276
 -11.20533 -11.13760 -11.00840 -10.76528 -10.32664
 -11.35309 -11.30801 -11.22062 -11.05440 -10.73459
 -11.49695 -11.46776 -11.41120 -11.30404 -11.08598
 -11.61380 -11.60122 -11.56950 -11.50767 -11.37323
 -11.68413 -11.68855 -11.68054 -11.65523 -11.58620
 -11.70654 -11.73060 -11.74325 -11.74764 -11.72766
 -11.70505 -11.74476 -11.77475 -11.79866 -11.81429
 -11.70161 -11.74873 -11.78932 -11.82407 -11.86175
 -11.70421 -11.75377 -11.79768 -11.83752 -11.88558
 -11.71583 -11.76651 -11.81075 -11.85208 -11.90475
 -11.74099 -11.79260 -11.83841 -11.88141 -11.93831
 -11.78342 -11.83896 -11.88936 -11.93720 -12.00006
 -11.84342 -11.90661 -11.96550 -12.02168 -12.09280
 -11.92246 -11.99513 -12.06493 -12.13242 -12.21413
 -12.01993 -12.10004 -12.17918 -12.25699 -12.34756
 -12.13254 -12.21587 -12.29970 -12.38227 -12.47498
 -12.26313 -12.34644 -12.43035 -12.51469 -12.60665
 -12.41125 -12.49502 -12.57735 -12.66172 -12.75190
 -12.57009 -12.65287 -12.73355 -12.81618 -12.90366
 -12.73381 -12.81345 -12.89178 -12.97084 -13.05265
 -12.89708 -12.97220 -13.04629 -13.12000 -13.19204
 -13.05604 -13.12552 -13.19372 -13.26075 -13.32390
 -13.21752 -13.28173 -13.34354 -13.40386 -13.46029
 -13.35183 -13.40682 -13.46048 -13.51096 -13.55791
 -13.51164 -13.56072 -13.61004 -13.65475 -13.69600
 -13.71628 -13.76564 -13.81532 -13.86037 -13.90200
 -13.91890 -13.96825 -14.01793 -14.06296 -14.10458
 -14.12146 -14.17078 -14.22044 -14.26545 -14.30705
 -14.32472 -14.37412 -14.42385 -14.46894 -14.51061
 -14.52775 -14.57719 -14.62694 -14.67207 -14.71379
 -14.73087 -14.78034 -14.83015 -14.87531 -14.91709
 -14.93401 -14.98350 -15.03337 -15.07857 -15.12041
 -15.13715 -15.18667 -15.23659 -15.28184 -15.32373
 -15.34028 -15.38984 -15.43981 -15.48510 -15.52706
---------------------/ IGRD= 1  / IPRT= 1  /--------/ Z1= 4   / DATE= 20/12/00  
 -10.56685 -10.53358 -10.40627 -10.14155  -9.62807
 -10.69495 -10.63957 -10.52713 -10.32636  -9.92011
 -10.81818 -10.77300 -10.69362 -10.53669 -10.21849
 -10.92844 -10.90415 -10.85455 -10.74428 -10.52150
 -11.02140 -11.00939 -10.98112 -10.91583 -10.77705
 -11.07568 -11.08505 -11.08287 -11.05207 -10.97252
 -11.07880 -11.11596 -11.14433 -11.14954 -11.12286
 -11.04978 -11.11521 -11.17511 -11.21599 -11.23747
 -11.02281 -11.10932 -11.19529 -11.26522 -11.32604
 -11.01544 -11.11372 -11.21604 -11.30572 -11.39419
 -11.03038 -11.13274 -11.24216 -11.34185 -11.44550
 -11.06885 -11.16973 -11.28093 -11.38284 -11.49228
 -11.13137 -11.22916 -11.33984 -11.44050 -11.55058
 -11.21516 -11.30988 -11.41862 -11.51763 -11.62662
 -11.31684 -11.40882 -11.51468 -11.61388 -11.72112
 -11.43313 -11.52275 -11.62587 -11.72547 -11.83105
 -11.56201 -11.64961 -11.75101 -11.84869 -11.95387
 -11.70340 -11.78806 -11.88752 -11.98449 -12.08770
 -11.85503 -11.93805 -12.03452 -12.12979 -12.23176
 -12.01620 -12.09697 -12.19097 -12.28418 -12.38278
 -12.18543 -12.26296 -12.35487 -12.44638 -12.54021
 -12.36065 -12.43557 -12.52481 -12.61424 -12.70501
 -12.54059 -12.61453 -12.70124 -12.78687 -12.87599
 -12.72347 -12.79527 -12.87948 -12.96319 -13.05027
 -12.90834 -12.97787 -13.05980 -13.14143 -13.22551
 -13.09264 -13.16012 -13.23921 -13.31808 -13.39768
 -13.27794 -13.34357 -13.41972 -13.49600 -13.57175
 -13.46951 -13.53437 -13.60891 -13.68277 -13.75748
 -13.67010 -13.73490 -13.80920 -13.88258 -13.95732
 -13.87355 -13.93842 -14.01287 -14.08651 -14.16135
 -14.07614 -14.14104 -14.21551 -14.28916 -14.36405
 -14.27907 -14.34403 -14.41855 -14.49230 -14.56725
 -14.48207 -14.54708 -14.62165 -14.69551 -14.77053
 -14.68506 -14.75013 -14.82474 -14.89873 -14.97381
 -14.88805 -14.95317 -15.02784 -15.10195 -15.17709
---------------------/ IGRD= 1  / IPRT= 1  /--------/ Z1= 5   / DATE= 20/12/00  
 -10.35408 -10.30198 -10.20279 -10.01198  -9.59280
 -10.43993 -10.39642 -10.31115 -10.14936  -9.78687
 -10.48667 -10.45379 -10.39508 -10.26233  -9.99073
 -10.56564 -10.54405 -10.50212 -10.40201 -10.19528
 -10.65925 -10.64943 -10.62421 -10.55886 -10.40442
 -10.71329 -10.72006 -10.72596 -10.69415 -10.60381
 -10.72272 -10.75710 -10.79958 -10.80235 -10.76278
 -10.69966 -10.76491 -10.84828 -10.88868 -10.89253
 -10.67753 -10.76702 -10.88749 -10.96159 -11.00366
 -10.68140 -10.78524 -10.92782 -11.02477 -11.09424
 -10.71155 -10.82099 -10.96907 -11.07567 -11.16036
 -10.75770 -10.86618 -11.01072 -11.11659 -11.20726
 -10.82123 -10.92450 -11.06027 -11.16175 -11.25216
 -10.90372 -11.00130 -11.12694 -11.22360 -11.31260
 -11.00633 -11.09883 -11.21598 -11.30923 -11.39803
 -11.12806 -11.21571 -11.32571 -11.41692 -11.50714
 -11.26577 -11.34987 -11.45283 -11.54233 -11.63600
 -11.41695 -11.49790 -11.59625 -11.68469 -11.78054
 -11.57860 -11.65692 -11.75137 -11.83969 -11.93668
 -11.74856 -11.82575 -11.91577 -12.00392 -12.10105
 -11.92502 -12.00144 -12.08773 -12.17518 -12.27147
 -12.10638 -12.18096 -12.26547 -12.35179 -12.44648
 -12.29137 -12.36465 -12.44716 -12.53265 -12.62509
 -12.47742 -12.55088 -12.62999 -12.71654 -12.80609
 -12.66428 -12.73858 -12.81505 -12.89973 -12.98781
 -12.85379 -12.92705 -13.00212 -13.08388 -13.16989
 -13.04359 -13.11478 -13.18779 -13.26799 -13.35040
 -13.23172 -13.30208 -13.37216 -13.45011 -13.52956
 -13.42351 -13.49324 -13.56175 -13.63762 -13.71498
 -13.62357 -13.69302 -13.76130 -13.83654 -13.91334
 -13.82753 -13.89704 -13.96533 -14.04078 -14.11780
 -14.03022 -14.09968 -14.16792 -14.24331 -14.32027
 -14.23271 -14.30210 -14.37028 -14.44556 -14.52244
 -14.43521 -14.50452 -14.57265 -14.64781 -14.72460
 -14.63770 -14.70694 -14.77501 -14.85007 -14.92677
---------------------/ IGRD= 1  / IPRT= 1  /--------/ Z1= 6   / DATE= 20/12/00  
 -10.37679 -10.32006 -10.23063 -10.08102  -9.77766
 -10.44687 -10.38942 -10.29850 -10.14643  -9.84012
 -10.49163 -10.44097 -10.36213 -10.22861  -9.94921
 -10.47451 -10.44701 -10.39328 -10.29083 -10.09744
 -10.47762 -10.47078 -10.45075 -10.38788 -10.26737
 -10.52764 -10.53429 -10.55612 -10.53861 -10.44932
 -10.54194 -10.57596 -10.64610 -10.66550 -10.62308
 -10.54926 -10.61532 -10.73161 -10.78000 -10.77179
 -10.57303 -10.66672 -10.81940 -10.88940 -10.90351
 -10.61595 -10.73065 -10.90367 -10.98570 -11.01708
 -10.68216 -10.80737 -10.98132 -11.06472 -11.10254
 -10.76739 -10.89176 -11.05016 -11.12626 -11.16572
 -10.86608 -10.98336 -11.11589 -11.18080 -11.21939
 -10.97722 -11.08199 -11.18924 -11.24399 -11.28176
 -11.09867 -11.19102 -11.27893 -11.32653 -11.36493
 -11.22937 -11.31404 -11.38753 -11.43126 -11.47164
 -11.37144 -11.44937 -11.51333 -11.55676 -11.60104
 -11.52319 -11.59573 -11.65361 -11.69804 -11.74833
 -11.68073 -11.75117 -11.80442 -11.85257 -11.90698
 -11.84639 -11.91204 -11.96331 -12.01379 -12.07267
 -12.01704 -12.07728 -12.12758 -12.17872 -12.24149
 -12.18800 -12.24695 -12.29480 -12.34661 -12.41030
 -12.36262 -12.41909 -12.46495 -12.51525 -12.57876
 -12.53974 -12.59268 -12.63740 -12.68657 -12.74598
 -12.71704 -12.76916 -12.81103 -12.85817 -12.91543
 -12.89551 -12.94621 -12.98632 -13.03114 -13.08658
 -13.07610 -13.12357 -13.16334 -13.20626 -13.25774
 -13.25565 -13.30094 -13.33892 -13.37908 -13.42710
 -13.42916 -13.47156 -13.50845 -13.54501 -13.58892
 -13.60571 -13.64583 -13.68191 -13.71502 -13.75598
 -13.79822 -13.83774 -13.87325 -13.90488 -13.94511
 -14.00421 -14.04390 -14.07963 -14.11176 -14.15227
 -14.21193 -14.25187 -14.28793 -14.32082 -14.36173
 -14.41964 -14.45985 -14.49623 -14.52988 -14.57119
 -14.62736 -14.66783 -14.70453 -14.73894 -14.78066
---------------------/ IGRD= 1  / IPRT= 1  /--------/ Z1= 7   / DATE= 20/12/00  
 -10.43149 -10.36025 -10.26799 -10.07816  -9.74503
 -10.49887 -10.42801 -10.33549 -10.14762  -9.81586
 -10.56757 -10.49542 -10.40378 -10.20925  -9.87285
 -10.62802 -10.56761 -10.47067 -10.32879 -10.03175
 -10.69906 -10.66133 -10.57689 -10.47268 -10.23002
 -10.78424 -10.76966 -10.72049 -10.60882 -10.40856
 -10.85732 -10.86275 -10.84052 -10.77413 -10.63406
 -10.93275 -10.95566 -10.95375 -10.92222 -10.83287
 -11.01907 -11.05567 -11.06925 -11.05654 -11.00094
 -11.11251 -11.15757 -11.18054 -11.18586 -11.15535
 -11.20453 -11.25261 -11.28038 -11.29463 -11.28325
 -11.28421 -11.33018 -11.35900 -11.37832 -11.38248
 -11.35073 -11.39107 -11.41847 -11.43958 -11.45694
 -11.41408 -11.44910 -11.47403 -11.49668 -11.52460
 -11.48564 -11.51669 -11.53895 -11.56238 -11.59886
 -11.56969 -11.59681 -11.61677 -11.63937 -11.68215
 -11.66034 -11.68457 -11.70283 -11.72508 -11.76956
 -11.74821 -11.77106 -11.78697 -11.80678 -11.84838
 -11.82090 -11.83864 -11.85215 -11.86976 -11.90617
 -11.87843 -11.89134 -11.90274 -11.91762 -11.94798
 -11.93787 -11.94811 -11.95761 -11.96971 -11.99479
 -12.01893 -12.02766 -12.03548 -12.04600 -12.06775
 -12.12280 -12.13067 -12.13743 -12.14665 -12.16589
 -12.24641 -12.25301 -12.25918 -12.26753 -12.28490
 -12.38611 -12.39155 -12.39713 -12.40546 -12.42079
 -12.53787 -12.54223 -12.54801 -12.55557 -12.57040
 -12.70014 -12.70416 -12.71002 -12.71653 -12.73132
 -12.87402 -12.87895 -12.88367 -12.89042 -12.90344
 -13.06066 -13.06575 -13.07037 -13.07705 -13.08918
 -13.25132 -13.25568 -13.26108 -13.26718 -13.27863
 -13.44538 -13.44895 -13.45473 -13.46051 -13.47130
 -13.64547 -13.64839 -13.65406 -13.65994 -13.67077
 -13.84636 -13.84865 -13.85414 -13.86018 -13.87115
 -14.04725 -14.04890 -14.05422 -14.06042 -14.07154
 -14.24813 -14.24916 -14.25430 -14.26066 -14.27192
---------------------/ IGRD= 1  / IPRT= 1  /--------/ Z1= 8   / DATE= 20/12/00  
 -10.45302 -10.33525 -10.14582  -9.81984  -9.32047
 -10.56847 -10.46319 -10.29397  -9.99930  -9.54991
 -10.68333 -10.59048 -10.44130 -10.17780  -9.77799
 -10.80107 -10.72095 -10.59257 -10.36104 -10.01274
 -10.90691 -10.83825 -10.72757 -10.52457 -10.21984
 -11.00305 -10.94442 -10.84849 -10.67143 -10.40293
 -11.11627 -11.06854 -10.99087 -10.84540 -10.62245
 -11.23720 -11.20199 -11.14405 -11.03382 -10.86202
 -11.34886 -11.32380 -11.28137 -11.20014 -11.06987
 -11.45630 -11.43786 -11.40687 -11.34674 -11.24731
 -11.56656 -11.55399 -11.53168 -11.48836 -11.41499
 -11.67254 -11.66471 -11.64815 -11.61765 -11.56509
 -11.77416 -11.76735 -11.75656 -11.73595 -11.69984
 -11.87498 -11.87036 -11.86271 -11.84930 -11.82485
 -11.97406 -11.97273 -11.96646 -11.95794 -11.94161
 -12.04338 -12.04280 -12.03941 -12.03453 -12.02522
 -12.03914 -12.03841 -12.03790 -12.03650 -12.03346
 -11.95702 -11.95684 -11.95713 -11.95869 -11.96061
 -11.84533 -11.84591 -11.84686 -11.84898 -11.85565
 -11.76279 -11.76435 -11.76549 -11.76920 -11.77656
 -11.73351 -11.73590 -11.73708 -11.74171 -11.74821
 -11.75868 -11.76111 -11.76264 -11.76544 -11.77383
 -11.82935 -11.83111 -11.83203 -11.83701 -11.84578
 -11.93182 -11.93329 -11.93433 -11.94038 -11.94850
 -12.05808 -12.05963 -12.06185 -12.06597 -12.07415
 -12.20334 -12.20462 -12.20745 -12.21121 -12.21888
 -12.36345 -12.36454 -12.36695 -12.37130 -12.37862
 -12.53351 -12.53449 -12.53687 -12.53966 -12.54793
 -12.70748 -12.70669 -12.71069 -12.71314 -12.72018
 -12.88341 -12.88266 -12.88651 -12.88964 -12.89571
 -13.05719 -13.05799 -13.06019 -13.06348 -13.06953
 -13.22679 -13.22798 -13.22953 -13.23248 -13.23777
 -13.39583 -13.39725 -13.39829 -13.40083 -13.40527
 -13.56487 -13.56652 -13.56705 -13.56918 -13.57276
 -13.73391 -13.73579 -13.73580 -13.73753 -13.74025
---------------------/ IGRD= 1  / IPRT= 1  /--------/ Z1= 9   / DATE= 20/12/00  
 -10.21587 -10.13879 -10.06808  -9.80543  -9.44932
 -10.30856 -10.23773 -10.17033  -9.93424  -9.60985
 -10.40076 -10.33635 -10.27193 -10.06193  -9.76809
 -10.49338 -10.43330 -10.37292 -10.18625  -9.92048
 -10.58273 -10.53423 -10.47320 -10.31578 -10.07933
 -10.67330 -10.64140 -10.58053 -10.45194 -10.24639
 -10.77693 -10.74919 -10.70491 -10.58502 -10.40785
 -10.87848 -10.85399 -10.81998 -10.72552 -10.58422
 -10.97760 -10.95917 -10.92993 -10.86730 -10.76118
 -11.07871 -11.06530 -11.04365 -11.00025 -10.92194
 -11.18017 -11.17038 -11.15540 -11.12430 -11.06816
 -11.28162 -11.27478 -11.26360 -11.24250 -11.20221
 -11.38318 -11.37835 -11.37112 -11.35606 -11.32701
 -11.48599 -11.48295 -11.47805 -11.46744 -11.44775
 -11.59306 -11.59042 -11.58730 -11.58032 -11.56731
 -11.69901 -11.69639 -11.69484 -11.69056 -11.68063
 -11.78356 -11.78290 -11.78061 -11.77894 -11.77312
 -11.82637 -11.82434 -11.82401 -11.82352 -11.82530
 -11.82056 -11.82065 -11.82135 -11.82242 -11.82978
 -11.80002 -11.80028 -11.80364 -11.80638 -11.81589
 -11.79473 -11.79504 -11.79976 -11.80471 -11.81531
 -11.82361 -11.82731 -11.82905 -11.83651 -11.84920
 -11.89275 -11.89380 -11.89706 -11.90381 -11.91748
 -11.99088 -11.99242 -11.99628 -12.00291 -12.01697
 -12.11321 -12.11601 -12.11933 -12.12603 -12.13973
 -12.25433 -12.25710 -12.26042 -12.26678 -12.28001
 -12.40934 -12.41104 -12.41473 -12.42064 -12.43383
 -12.57543 -12.57474 -12.57908 -12.58425 -12.59716
 -12.74746 -12.74717 -12.75218 -12.75695 -12.76882
 -12.92852 -12.92817 -12.93282 -12.93769 -12.94901
 -13.11724 -13.11572 -13.11937 -13.12464 -13.13568
 -13.30772 -13.30617 -13.30909 -13.31486 -13.32501
 -13.49839 -13.49696 -13.49919 -13.50549 -13.51466
 -13.68905 -13.68776 -13.68930 -13.69612 -13.70430
 -13.87972 -13.87855 -13.87940 -13.88675 -13.89395
---------------------/ IGRD= 1  / IPRT= 1  /--------/ Z1=10   / DATE= 20/12/00  
 -10.03533  -9.96381  -9.86054  -9.67583  -9.33023
 -10.12774 -10.06339  -9.96891  -9.79969  -9.48370
 -10.22015 -10.16298 -10.07728  -9.92356  -9.63716
 -10.31259 -10.26252 -10.18565 -10.04744  -9.79063
 -10.40490 -10.36226 -10.29404 -10.17128  -9.94408
 -10.49734 -10.46180 -10.40241 -10.29516 -10.09754
 -10.59050 -10.56017 -10.51056 -10.41938 -10.25116
 -10.68373 -10.65896 -10.61867 -10.54416 -10.40499
 -10.77633 -10.75812 -10.72668 -10.66839 -10.55949
 -10.86982 -10.85679 -10.83339 -10.79060 -10.71040
 -10.96495 -10.95585 -10.93794 -10.90872 -10.85009
 -11.06009 -11.05481 -11.04068 -11.02059 -10.97694
 -11.15534 -11.15081 -11.14156 -11.12664 -11.09578
 -11.25092 -11.24722 -11.24119 -11.23024 -11.20905
 -11.34758 -11.34545 -11.34127 -11.33367 -11.31835
 -11.44649 -11.44485 -11.44235 -11.43691 -11.42549
 -11.54748 -11.54584 -11.54341 -11.53969 -11.53233
 -11.64852 -11.64726 -11.64630 -11.64312 -11.63885
 -11.75088 -11.75094 -11.75098 -11.74907 -11.74444
 -11.85651 -11.85683 -11.85705 -11.85636 -11.85217
 -11.96607 -11.96575 -11.96578 -11.96538 -11.96326
 -12.07908 -12.07876 -12.07848 -12.07778 -12.07717
 -12.19454 -12.19457 -12.19404 -12.19410 -12.19364
 -12.31369 -12.31373 -12.31371 -12.31382 -12.31371
 -12.43713 -12.43711 -12.43699 -12.43695 -12.43699
 -12.56552 -12.56553 -12.56566 -12.56570 -12.56567
 -12.69792 -12.69792 -12.69940 -12.69937 -12.69939
 -12.83241 -12.83241 -12.83446 -12.83436 -12.83437
 -12.96811 -12.96811 -12.96842 -12.96855 -12.96853
 -13.10233 -13.10232 -13.10199 -13.10240 -13.10243
 -13.23673 -13.23673 -13.23698 -13.23731 -13.23732
 -13.37342 -13.37342 -13.37333 -13.37322 -13.37304
 -13.51041 -13.51041 -13.50985 -13.50925 -13.50887
 -13.64741 -13.64741 -13.64637 -13.64529 -13.64470
 -13.78441 -13.78441 -13.78289 -13.78132 -13.78053
