   10    5   35    1   10     /NEON               /GCR PROJECT                 
================================================================================
  11.00000  12.00000  13.00000  14.00000  15.00000
   0.00000   0.13535   0.27071   0.40606   0.54142   0.67677   0.81213   0.94748
   1.08284   1.21819   1.35355   1.48890   1.62426   1.75961   1.89497   2.03032
   2.16568   2.30103   2.43638   2.57174   2.70709   2.84245   2.97780   3.11316
   3.24851   3.38387   3.51922   3.65458   3.78993   3.92529   4.06064   4.19600
   4.33135   4.46671   4.60206
---------------------/ IGRD= 1  / IPRT= 1  /--------/ Z1= 1   / DATE= 20/12/00  
 -18.16707 -18.12533 -17.64563 -16.80050 -16.08230
 -15.59317 -15.56722 -15.21979 -14.47251 -13.84077
 -13.61968 -13.60044 -13.36267 -12.73230 -12.23116
 -12.15285 -12.14160 -11.97745 -11.47699 -11.10763
 -11.05687 -11.04729 -10.92619 -10.52534 -10.24953
 -10.22327 -10.21615 -10.12950  -9.80179  -9.54721
  -9.57873  -9.57197  -9.50899  -9.25144  -9.03435
  -9.07461  -9.06811  -9.02100  -8.82357  -8.64398
  -8.67305  -8.66748  -8.63240  -8.48397  -8.33424
  -8.34961  -8.34445  -8.31871  -8.20880  -8.08718
  -8.09122  -8.08635  -8.06732  -7.98379  -7.88536
  -7.88394  -7.88044  -7.86616  -7.80199  -7.72135
  -7.71087  -7.70860  -7.69779  -7.65016  -7.58203
  -7.56089  -7.55934  -7.55148  -7.51634  -7.46045
  -7.42696  -7.42579  -7.42007  -7.39329  -7.34654
  -7.30497  -7.30410  -7.29963  -7.27828  -7.23167
  -7.19108  -7.19038  -7.18750  -7.16983  -7.12245
  -7.08266  -7.08225  -7.08127  -7.06870  -7.03081
  -6.97720  -6.97729  -6.97751  -6.96989  -6.93873
  -6.87228  -6.87292  -6.87413  -6.87132  -6.84560
  -6.76718  -6.76837  -6.77066  -6.77275  -6.75319
  -6.66214  -6.66387  -6.66723  -6.67419  -6.66055
  -6.55710  -6.55937  -6.56379  -6.57562  -6.56792
  -6.45206  -6.45488  -6.46035  -6.47705  -6.47529
  -6.34702  -6.35038  -6.35690  -6.37848  -6.38266
  -6.24198  -6.24588  -6.25346  -6.27991  -6.29003
  -6.13693  -6.14138  -6.15002  -6.18135  -6.19739
  -6.03189  -6.03689  -6.04658  -6.08278  -6.10477
  -5.92686  -5.93239  -5.94314  -5.98422  -6.01213
  -5.82182  -5.82790  -5.83970  -5.88565  -5.91950
  -5.71677  -5.72340  -5.73626  -5.78707  -5.82687
  -5.61173  -5.61890  -5.63281  -5.68851  -5.73425
  -5.50668  -5.51440  -5.52936  -5.58995  -5.64162
  -5.40163  -5.40990  -5.42591  -5.49139  -5.54900
  -5.29659  -5.30540  -5.32247  -5.39282  -5.45638
---------------------/ IGRD= 1  / IPRT= 1  /--------/ Z1= 2   / DATE= 20/12/00  
 -26.14963 -26.14162 -25.99050 -25.00146 -23.60047
 -21.32795 -21.32276 -21.27273 -20.65270 -19.46597
 -17.79291 -17.79212 -17.76436 -17.38803 -16.40358
 -15.16511 -15.16329 -15.14589 -14.91425 -14.12261
 -13.21551 -13.21500 -13.20596 -13.06071 -12.44825
 -11.76276 -11.76259 -11.75457 -11.66033 -11.20396
 -10.67001 -10.66864 -10.66179 -10.59816 -10.26970
  -9.83785  -9.83572  -9.82987  -9.78508  -9.55439
  -9.19968  -9.19654  -9.19082  -9.15822  -8.99808
  -8.70755  -8.70421  -8.69842  -8.67414  -8.56297
  -8.32549  -8.32354  -8.31825  -8.29985  -8.22145
  -8.02863  -8.02739  -8.02325  -8.00923  -7.95270
  -7.79788  -7.79682  -7.79347  -7.78268  -7.74235
  -7.61913  -7.61822  -7.61567  -7.60770  -7.57764
  -7.48103  -7.48018  -7.47804  -7.47237  -7.44889
  -7.37485  -7.37414  -7.37184  -7.36755  -7.34958
  -7.29460  -7.29424  -7.29263  -7.28906  -7.27461
  -7.23748  -7.23643  -7.23616  -7.23278  -7.22112
  -7.19736  -7.19661  -7.19601  -7.19340  -7.18364
  -7.16685  -7.16661  -7.16569  -7.16357  -7.15550
  -7.14196  -7.14197  -7.14101  -7.13930  -7.13298
  -7.12093  -7.12104  -7.11970  -7.11895  -7.11409
  -7.10234  -7.10205  -7.10126  -7.10078  -7.09663
  -7.08439  -7.08347  -7.08368  -7.08313  -7.07946
  -7.06645  -7.06488  -7.06613  -7.06546  -7.06227
  -7.04850  -7.04626  -7.04854  -7.04776  -7.04504
  -7.03052  -7.02763  -7.03093  -7.03004  -7.02778
  -7.01252  -7.00897  -7.01331  -7.01230  -7.01049
  -6.99450  -6.99030  -6.99566  -6.99454  -6.99316
  -6.97647  -6.97160  -6.97800  -6.97674  -6.97580
  -6.95843  -6.95288  -6.96032  -6.95892  -6.95841
  -6.94036  -6.93415  -6.94261  -6.94108  -6.94098
  -6.92229  -6.91543  -6.92490  -6.92325  -6.92355
  -6.90422  -6.89670  -6.90719  -6.90541  -6.90612
  -6.88615  -6.87797  -6.88948  -6.88757  -6.88869
---------------------/ IGRD= 1  / IPRT= 1  /--------/ Z1= 3   / DATE= 20/12/00  
 -37.99488 -37.79733 -36.75283 -35.18652 -33.32880
 -30.33662 -30.35027 -30.03557 -28.85295 -27.12828
 -24.30087 -24.29396 -24.28208 -23.83339 -22.50378
 -19.83009 -19.83395 -19.82953 -19.78016 -19.02045
 -16.66959 -16.66784 -16.66294 -16.65828 -16.32970
 -14.41027 -14.40976 -14.40737 -14.39627 -14.25119
 -12.72164 -12.71953 -12.71607 -12.70591 -12.63093
 -11.41320 -11.42152 -11.42791 -11.42755 -11.39069
 -10.47818 -10.48452 -10.48886 -10.48637 -10.46068
  -9.82103  -9.81846  -9.81419  -9.80599  -9.77919
  -9.29917  -9.29865  -9.29681  -9.29016  -9.26883
  -8.89617  -8.89431  -8.89232  -8.88480  -8.86656
  -8.60294  -8.60123  -8.59896  -8.59320  -8.57769
  -8.37846  -8.37736  -8.37541  -8.37075  -8.35790
  -8.20013  -8.19934  -8.19790  -8.19326  -8.18244
  -8.06450  -8.06398  -8.06281  -8.05930  -8.04987
  -7.95833  -7.95760  -7.95663  -7.95404  -7.94624
  -7.87245  -7.87185  -7.87091  -7.86845  -7.86248
  -7.80054  -7.80030  -7.79930  -7.79723  -7.79246
  -7.73900  -7.73880  -7.73793  -7.73627  -7.73254
  -7.68507  -7.68479  -7.68422  -7.68315  -7.68011
  -7.63652  -7.63643  -7.63622  -7.63568  -7.63308
  -7.59239  -7.59242  -7.59251  -7.59084  -7.58999
  -7.55167  -7.55168  -7.55174  -7.55051  -7.54965
  -7.51322  -7.51321  -7.51317  -7.51295  -7.51151
  -7.47580  -7.47580  -7.47579  -7.47543  -7.47462
  -7.43858  -7.43858  -7.43865  -7.43757  -7.43798
  -7.40130  -7.40130  -7.40143  -7.39979  -7.40125
  -7.36399  -7.36399  -7.36419  -7.36199  -7.36448
  -7.32668  -7.32667  -7.32694  -7.32417  -7.32768
  -7.28933  -7.28932  -7.28966  -7.28633  -7.29083
  -7.25196  -7.25196  -7.25235  -7.24848  -7.25395
  -7.21459  -7.21460  -7.21504  -7.21062  -7.21707
  -7.17721  -7.17724  -7.17773  -7.17277  -7.18018
  -7.13984  -7.13988  -7.14042  -7.13491  -7.14330
---------------------/ IGRD= 1  / IPRT= 1  /--------/ Z1= 4   / DATE= 20/12/00  
 -48.47757 -48.47763 -48.47872 -48.44756 -47.51648
 -37.28419 -37.28430 -37.28951 -37.33469 -37.13232
 -29.67924 -29.67920 -29.67733 -29.65713 -29.58453
 -24.05008 -24.04995 -24.05043 -24.05659 -23.99353
 -19.99593 -19.99569 -19.99391 -19.98589 -19.94090
 -16.88312 -16.88285 -16.88088 -16.87658 -16.84477
 -14.55955 -14.55878 -14.55711 -14.55304 -14.52968
 -12.86778 -12.86697 -12.86463 -12.85854 -12.83805
 -11.64015 -11.63889 -11.63612 -11.62880 -11.60766
 -10.73291 -10.73086 -10.72785 -10.72006 -10.69901
 -10.04697 -10.04525 -10.04147 -10.03432 -10.01480
  -9.53119  -9.53024  -9.52637  -9.51995  -9.50163
  -9.14476  -9.14343  -9.14034  -9.13434  -9.11867
  -8.85409  -8.85298  -8.85014  -8.84448  -8.83160
  -8.63265  -8.63204  -8.62973  -8.62481  -8.61339
  -8.46365  -8.46266  -8.46138  -8.45769  -8.44712
  -8.33594  -8.33495  -8.33326  -8.33051  -8.32185
  -8.24079  -8.24002  -8.23886  -8.23629  -8.22919
  -8.17143  -8.17083  -8.17021  -8.16791  -8.16138
  -8.12288  -8.12254  -8.12178  -8.11977  -8.11421
  -8.09163  -8.09135  -8.09044  -8.08875  -8.08419
  -8.07526  -8.07470  -8.07425  -8.07289  -8.06859
  -8.07212  -8.07180  -8.07133  -8.06969  -8.06640
  -8.07741  -8.07727  -8.07666  -8.07515  -8.07214
  -8.08695  -8.08637  -8.08607  -8.08485  -8.08213
  -8.09891  -8.09857  -8.09818  -8.09726  -8.09446
  -8.11282  -8.11298  -8.11236  -8.11147  -8.10855
  -8.12788  -8.12741  -8.12736  -8.12585  -8.12400
  -8.14310  -8.14182  -8.14245  -8.14023  -8.13960
  -8.15824  -8.15626  -8.15749  -8.15460  -8.15511
  -8.17338  -8.17067  -8.17253  -8.16895  -8.17064
  -8.18850  -8.18508  -8.18756  -8.18327  -8.18614
  -8.20362  -8.19948  -8.20258  -8.19759  -8.20163
  -8.21874  -8.21388  -8.21760  -8.21191  -8.21712
  -8.23386  -8.22828  -8.23262  -8.22623  -8.23261
---------------------/ IGRD= 1  / IPRT= 1  /--------/ Z1= 5   / DATE= 20/12/00  
 -64.73513 -64.49967 -63.22510 -61.58589 -59.79944
 -50.55278 -50.48688 -50.03245 -48.73617 -46.95833
 -38.93146 -38.94399 -38.96112 -38.50516 -37.15325
 -30.79914 -30.79466 -30.77574 -30.68856 -29.90496
 -24.66457 -24.66557 -24.66771 -24.66728 -24.40524
 -20.25451 -20.25714 -20.25701 -20.25219 -20.15845
 -17.10635 -17.10881 -17.10912 -17.09875 -17.04486
 -14.80369 -14.80583 -14.80499 -14.79540 -14.75742
 -13.09948 -13.10077 -13.09868 -13.08932 -13.05954
 -11.84215 -11.84293 -11.84125 -11.83215 -11.80697
 -10.91068 -10.91133 -10.90905 -10.90066 -10.87955
 -10.22003 -10.21965 -10.21753 -10.21048 -10.19249
  -9.70549  -9.70465  -9.70317  -9.69672  -9.68167
  -9.32274  -9.32226  -9.32049  -9.31508  -9.30223
  -9.03800  -9.03680  -9.03537  -9.03138  -9.01983
  -8.82665  -8.82467  -8.82419  -8.82113  -8.81056
  -8.67007  -8.67013  -8.66816  -8.66582  -8.65646
  -8.55667  -8.55611  -8.55442  -8.55209  -8.54443
  -8.47378  -8.47316  -8.47218  -8.46976  -8.46363
  -8.41585  -8.41569  -8.41468  -8.41185  -8.40670
  -8.37872  -8.37876  -8.37743  -8.37490  -8.37001
  -8.35771  -8.35772  -8.35645  -8.35550  -8.35049
  -8.34797  -8.34804  -8.34690  -8.34597  -8.34160
  -8.34500  -8.34492  -8.34412  -8.34297  -8.33873
  -8.34681  -8.34660  -8.34587  -8.34465  -8.34081
  -8.35087  -8.35075  -8.35020  -8.34908  -8.34642
  -8.35690  -8.35688  -8.35668  -8.35576  -8.35345
  -8.36566  -8.36565  -8.36546  -8.36458  -8.36142
  -8.37514  -8.37513  -8.37493  -8.37417  -8.37137
  -8.38454  -8.38453  -8.38440  -8.38379  -8.38216
  -8.39389  -8.39389  -8.39381  -8.39333  -8.39280
  -8.40318  -8.40319  -8.40316  -8.40283  -8.40343
  -8.41247  -8.41249  -8.41250  -8.41232  -8.41406
  -8.42176  -8.42179  -8.42184  -8.42181  -8.42470
  -8.43106  -8.43109  -8.43118  -8.43131  -8.43533
 == 6 ================== Behringer data =========================================
 -40.00000 -40.00000 -40.00000 -40.00000 -40.00000
 -40.00000 -40.00000 -40.00000 -40.00000 -40.00000
 -40.00000 -40.00000 -40.00000 -40.00000 -40.00000
 -36.65696 -36.65696 -36.65696 -36.65696 -36.65696
 -29.36810 -29.36810 -29.36810 -29.36810 -29.36810
 -23.99752 -23.99752 -23.99752 -23.99752 -23.99752
 -20.02570 -20.02570 -20.02570 -20.02570 -20.02570
 -17.07914 -17.07914 -17.07914 -17.07914 -17.07914
 -14.88943 -14.88943 -14.88943 -14.88943 -14.88943
 -13.26099 -13.26099 -13.26099 -13.26099 -13.26099
 -12.04928 -12.04928 -12.04928 -12.04928 -12.04928
 -11.14695 -11.14695 -11.14695 -11.14695 -11.14695
 -10.47435 -10.47435 -10.47435 -10.47435 -10.47435
  -9.97249  -9.97249  -9.97249  -9.97249  -9.97249
  -9.59779  -9.59779  -9.59779  -9.59779  -9.59779
  -9.31801  -9.31801  -9.31801  -9.31801  -9.31801
  -9.10923  -9.10923  -9.10923  -9.10923  -9.10923
  -8.95375  -8.95375  -8.95375  -8.95375  -8.95375
  -8.83851  -8.83851  -8.83851  -8.83851  -8.83851
  -8.75396  -8.75396  -8.75396  -8.75396  -8.75396
  -8.69320  -8.69320  -8.69320  -8.69320  -8.69320
  -8.65123  -8.65123  -8.65123  -8.65123  -8.65123
  -8.62439  -8.62439  -8.62439  -8.62439  -8.62439
  -8.60991  -8.60991  -8.60991  -8.60991  -8.60991
  -8.60563  -8.60563  -8.60563  -8.60563  -8.60563
  -8.60983  -8.60983  -8.60983  -8.60983  -8.60983
  -8.62109  -8.62109  -8.62109  -8.62109  -8.62109
  -8.63828  -8.63828  -8.63828  -8.63828  -8.63828
  -8.66044  -8.66044  -8.66044  -8.66044  -8.66044
  -8.68680  -8.68680  -8.68680  -8.68680  -8.68680
  -8.71672  -8.71672  -8.71672  -8.71672  -8.71672
  -8.74969  -8.74969  -8.74969  -8.74969  -8.74969
  -8.78526  -8.78526  -8.78526  -8.78526  -8.78526
  -8.82310  -8.82310  -8.82310  -8.82310  -8.82310
  -8.86290  -8.86290  -8.86290  -8.86290  -8.86290
---------------------/ IGRD= 1  / IPRT= 1  /--------/ Z1= 7   / DATE= 20/12/00  
 -74.00000 -74.00000 -74.00000 -74.00000 -74.00000
 -68.83518 -68.39694 -67.98312 -67.87289 -67.86649
 -55.18024 -54.76189 -54.27543 -54.13625 -54.11980
 -42.97021 -42.65386 -42.21564 -42.08175 -42.04274
 -34.95665 -34.62125 -34.18183 -34.02920 -33.92312
 -28.50921 -28.21038 -27.82452 -27.66298 -27.48808
 -23.42583 -23.17920 -22.85753 -22.72322 -22.58036
 -19.54786 -19.35974 -19.10467 -19.00551 -18.91484
 -16.73285 -16.59363 -16.39586 -16.31883 -16.25047
 -14.73955 -14.63378 -14.47891 -14.41426 -14.35327
 -13.27088 -13.19148 -13.07058 -13.01612 -12.96280
 -12.15184 -12.09334 -11.99876 -11.95418 -11.91077
 -11.30096 -11.25768 -11.18349 -11.14769 -11.11386
 -10.66873 -10.63683 -10.57825 -10.54913 -10.52259
 -10.20324 -10.18024 -10.13387 -10.10999 -10.08846
  -9.85505  -9.83876  -9.80250  -9.78336  -9.76558
  -9.59411  -9.58265  -9.55492  -9.53921  -9.52430
  -9.39996  -9.39194  -9.37153  -9.35847  -9.34644
  -9.25687  -9.25151  -9.23649  -9.22679  -9.21631
  -9.15240  -9.14877  -9.13818  -9.13046  -9.12208
  -9.07745  -9.07487  -9.06775  -9.06120  -9.05458
  -9.02534  -9.02360  -9.01858  -9.01437  -9.00708
  -8.99188  -8.99084  -8.98757  -8.98535  -8.97738
  -8.97372  -8.97322  -8.97144  -8.96767  -8.96238
  -8.96699  -8.96675  -8.96595  -8.96061  -8.95629
  -8.96733  -8.96716  -8.96673  -8.96374  -8.95934
  -8.97363  -8.97353  -8.97312  -8.97283  -8.96927
  -8.98598  -8.98593  -8.98542  -8.98459  -8.98131
  -9.00197  -9.00184  -9.00094  -8.99941  -8.99736
  -9.01976  -9.01937  -9.01865  -9.01713  -9.01502
  -9.03870  -9.03817  -9.03802  -9.03650  -9.03370
  -9.05838  -9.05797  -9.05810  -9.05640  -9.05421
  -9.07814  -9.07791  -9.07826  -9.07635  -9.07497
  -9.09791  -9.09784  -9.09842  -9.09631  -9.09572
  -9.11768  -9.11777  -9.11858  -9.11626  -9.11648
---------------------/ IGRD= 1  / IPRT= 1  /--------/ Z1= 8   / DATE= 20/12/00  
 -73.70405 -73.70212 -73.70285 -73.70323 -73.70368
 -66.60403 -68.64978 -67.83312 -67.40065 -66.87711
 -57.70186 -59.14098 -58.28952 -57.77538 -57.16233
 -48.69745 -48.23740 -47.82219 -47.39365 -46.88945
 -38.89043 -38.85849 -38.21328 -37.79700 -37.33267
 -30.21886 -31.23300 -30.52564 -30.13855 -29.73154
 -25.56154 -23.92630 -24.95433 -24.64709 -24.28514
 -21.72715 -20.18532 -20.92794 -20.65818 -20.33429
 -18.12440 -18.12287 -17.94198 -17.69637 -17.41429
 -15.78292 -15.88185 -15.72048 -15.52378 -15.28516
 -14.28525 -14.15385 -14.06558 -13.91555 -13.71622
 -12.95336 -12.92656 -12.84341 -12.72606 -12.56128
 -11.99171 -11.98396 -11.92242 -11.83344 -11.70043
 -11.29262 -11.27149 -11.23216 -11.16459 -11.05899
 -10.75822 -10.74710 -10.71783 -10.66501 -10.58015
 -10.36433 -10.35540 -10.33307 -10.29243 -10.22272
 -10.06701 -10.06038 -10.04324 -10.01208  -9.95543
  -9.84270  -9.83726  -9.82519  -9.79997  -9.75318
  -9.67230  -9.66872  -9.65922  -9.63796  -9.59889
  -9.54275  -9.54096  -9.53207  -9.51483  -9.48205
  -9.44730  -9.44622  -9.43832  -9.42450  -9.39664
  -9.38196  -9.38062  -9.37511  -9.36290  -9.33862
  -9.33670  -9.33569  -9.33063  -9.32008  -9.29882
  -9.29000  -9.28914  -9.28412  -9.27531  -9.25772
  -9.28378  -9.28352  -9.28119  -9.27218  -9.25435
  -9.31988  -9.31980  -9.31922  -9.31139  -9.29405
  -9.35427  -9.35275  -9.34888  -9.34024  -9.32391
  -9.36752  -9.36470  -9.35729  -9.34431  -9.32593
  -9.36611  -9.36580  -9.36458  -9.35821  -9.34377
  -9.40248  -9.40349  -9.40337  -9.39987  -9.38802
  -9.45375  -9.45382  -9.45028  -9.44365  -9.43123
  -9.47773  -9.47774  -9.47684  -9.47132  -9.46033
  -9.49788  -9.49797  -9.50057  -9.49677  -9.48750
  -9.51803  -9.51819  -9.52429  -9.52222  -9.51468
  -9.53818  -9.53841  -9.54801  -9.54767  -9.54186
---------------------/ IGRD= 1  / IPRT= 1  /--------/ Z1= 9   / DATE= 20/12/00  
 -73.99997 -73.99997 -73.99997 -73.99997 -73.99997
 -74.00000 -74.00000 -74.00000 -74.00000 -74.00000
 -73.96768 -73.96768 -73.96768 -73.96768 -73.96768
 -74.00000 -74.00000 -74.00000 -74.00000 -74.00000
 -73.30517 -73.30517 -73.30517 -73.30517 -73.30517
 -72.11226 -72.11226 -72.11226 -72.11226 -72.11226
 -72.80360 -72.80360 -72.80360 -72.80360 -72.80361
 -64.29220 -64.29219 -64.29220 -64.29221 -64.29219
 -50.77549 -50.77548 -50.77548 -50.77546 -50.77547
 -40.00703 -40.00705 -40.00707 -40.00711 -40.00682
 -32.54270 -32.54262 -32.54245 -32.54218 -32.54092
 -26.99254 -26.99229 -26.99140 -26.99007 -26.98720
 -22.71262 -22.71250 -22.71094 -22.70868 -22.70374
 -19.38586 -19.38520 -19.38360 -19.38091 -19.37479
 -16.88228 -16.88124 -16.87978 -16.87675 -16.87107
 -15.10773 -15.10730 -15.10564 -15.10235 -15.09628
 -13.82697 -13.82646 -13.82485 -13.82165 -13.81325
 -12.86350 -12.86241 -12.86091 -12.85668 -12.84985
 -12.13021 -12.12918 -12.12780 -12.12346 -12.11862
 -11.57757 -11.57702 -11.57566 -11.57216 -11.56793
 -11.16413 -11.16398 -11.16310 -11.16051 -11.15649
 -10.85401 -10.85406 -10.85390 -10.85174 -10.84891
 -10.62065 -10.62107 -10.61957 -10.61793 -10.61656
 -10.44324 -10.44332 -10.44301 -10.44167 -10.43936
 -10.31132 -10.31097 -10.31103 -10.31023 -10.30758
 -10.21533 -10.21526 -10.21439 -10.21400 -10.21236
 -10.14722 -10.14734 -10.14667 -10.14620 -10.14494
 -10.10167 -10.10131 -10.10135 -10.10078 -10.09928
 -10.07226 -10.07196 -10.07204 -10.07167 -10.07046
 -10.05370 -10.05350 -10.05351 -10.05310 -10.05229
 -10.04673 -10.04645 -10.04653 -10.04602 -10.04520
 -10.04906 -10.04888 -10.04879 -10.04862 -10.04756
 -10.05258 -10.05252 -10.05224 -10.05245 -10.05113
 -10.05610 -10.05617 -10.05569 -10.05629 -10.05470
 -10.05962 -10.05981 -10.05914 -10.06013 -10.05827
---------------------/ IGRD= 1  / IPRT= 1  /--------/ Z1=10   / DATE= 20/12/00  
 -73.99996 -73.99996 -73.99996 -73.99996 -73.99996
 -74.00000 -74.00000 -74.00000 -74.00000 -74.00000
 -73.95345 -73.95237 -73.95162 -73.95115 -73.95076
 -74.00000 -74.00000 -74.00000 -74.00000 -74.00000
 -72.98976 -72.96757 -72.95200 -72.94222 -72.93421
 -70.99748 -70.96223 -70.93699 -70.92086 -70.90756
 -72.63127 -72.70388 -72.75484 -72.78682 -72.81303
 -71.24077 -71.10436 -71.01418 -70.96066 -70.91759
 -61.68323 -61.19336 -60.76396 -60.44640 -60.17379
 -48.14451 -47.80903 -47.38669 -47.01586 -46.68304
 -36.93176 -36.98811 -36.92003 -36.81269 -36.70089
 -29.28997 -29.27094 -29.29266 -29.31578 -29.32230
 -24.64194 -24.61883 -24.61157 -24.59528 -24.55794
 -21.24226 -21.24242 -21.21604 -21.16426 -21.09103
 -18.34834 -18.34271 -18.32983 -18.29867 -18.24979
 -16.23430 -16.23216 -16.22364 -16.20157 -16.16671
 -14.68370 -14.68250 -14.67586 -14.65877 -14.63264
 -13.47239 -13.47186 -13.46706 -13.45594 -13.43986
 -12.57100 -12.57102 -12.56717 -12.56117 -12.55105
 -11.91835 -11.91846 -11.91715 -11.91279 -11.90441
 -11.45262 -11.45261 -11.45282 -11.44887 -11.44144
 -11.12730 -11.12730 -11.12484 -11.12319 -11.11813
 -10.89937 -10.89938 -10.89619 -10.89575 -10.89167
 -10.73881 -10.73881 -10.73814 -10.73630 -10.73191
 -10.62801 -10.62801 -10.62829 -10.62628 -10.62251
 -10.55320 -10.55320 -10.55292 -10.55154 -10.54859
 -10.50455 -10.50455 -10.50395 -10.50250 -10.49967
 -10.47505 -10.47505 -10.47406 -10.47282 -10.47020
 -10.45770 -10.45770 -10.45768 -10.45630 -10.45388
 -10.44992 -10.44992 -10.44988 -10.44886 -10.44633
 -10.44994 -10.44994 -10.44911 -10.44861 -10.44619
 -10.45385 -10.45385 -10.45323 -10.45259 -10.45088
 -10.45823 -10.45823 -10.45797 -10.45710 -10.45618
 -10.46261 -10.46261 -10.46271 -10.46160 -10.46149
 -10.46699 -10.46699 -10.46745 -10.46611 -10.46679
