#  *original : Tue Jan 25 02:29:00 PST 2022                           
# *statefile : state180520Z12_2x501.cdf                               
#     *gfile : state180520Z12_2x501.geq 25Jan2022 t~ 2                
#   *cerfile : null                                                   
#      *vgen : null                                                   
#     *tgyro : null                                                   
#
# nexp
101
# nion
2
# shot
180520
# name
D C
# type
[therm] [therm]
# masse
 5.4488741E-04
# mass
 2.0005209E+00 1.1930011E+01
# ze
-1.0000000E+00
# z
 1.0000000E+00 6.0000000E+00
# torfluxa | Wb/radian
 4.7749418E-01
# rcentr | m
 1.6850524E+00
# bcentr | T
 1.9864248E+00
# current | MA
-8.8536694E-01
# rho | -
  1  0.0000000E+00
  2  1.0000000E-02
  3  2.0000000E-02
  4  3.0000000E-02
  5  4.0000000E-02
  6  5.0000000E-02
  7  6.0000000E-02
  8  7.0000000E-02
  9  8.0000000E-02
 10  9.0000000E-02
 11  1.0000000E-01
 12  1.1000000E-01
 13  1.2000000E-01
 14  1.3000000E-01
 15  1.4000000E-01
 16  1.5000000E-01
 17  1.6000000E-01
 18  1.7000000E-01
 19  1.8000000E-01
 20  1.9000000E-01
 21  2.0000000E-01
 22  2.1000000E-01
 23  2.2000000E-01
 24  2.3000000E-01
 25  2.4000000E-01
 26  2.5000000E-01
 27  2.6000000E-01
 28  2.7000000E-01
 29  2.8000000E-01
 30  2.9000000E-01
 31  3.0000000E-01
 32  3.1000000E-01
 33  3.2000000E-01
 34  3.3000000E-01
 35  3.4000000E-01
 36  3.5000000E-01
 37  3.6000000E-01
 38  3.7000000E-01
 39  3.8000000E-01
 40  3.9000000E-01
 41  4.0000000E-01
 42  4.1000000E-01
 43  4.2000000E-01
 44  4.3000000E-01
 45  4.4000000E-01
 46  4.5000000E-01
 47  4.6000000E-01
 48  4.7000000E-01
 49  4.8000000E-01
 50  4.9000000E-01
 51  5.0000000E-01
 52  5.1000000E-01
 53  5.2000000E-01
 54  5.3000000E-01
 55  5.4000000E-01
 56  5.5000000E-01
 57  5.6000000E-01
 58  5.7000000E-01
 59  5.8000000E-01
 60  5.9000000E-01
 61  6.0000000E-01
 62  6.1000000E-01
 63  6.2000000E-01
 64  6.3000000E-01
 65  6.4000000E-01
 66  6.5000000E-01
 67  6.6000000E-01
 68  6.7000000E-01
 69  6.8000000E-01
 70  6.9000000E-01
 71  7.0000000E-01
 72  7.1000000E-01
 73  7.2000000E-01
 74  7.3000000E-01
 75  7.4000000E-01
 76  7.5000000E-01
 77  7.6000000E-01
 78  7.7000000E-01
 79  7.8000000E-01
 80  7.9000000E-01
 81  8.0000000E-01
 82  8.1000000E-01
 83  8.2000000E-01
 84  8.3000000E-01
 85  8.4000000E-01
 86  8.5000000E-01
 87  8.6000000E-01
 88  8.7000000E-01
 89  8.8000000E-01
 90  8.9000000E-01
 91  9.0000000E-01
 92  9.1000000E-01
 93  9.2000000E-01
 94  9.3000000E-01
 95  9.4000000E-01
 96  9.5000000E-01
 97  9.6000000E-01
 98  9.7000000E-01
 99  9.8000000E-01
100  9.9000000E-01
101  1.0000000E+00
# rmin | m
  1  0.0000000E+00
  2  6.3287830E-03
  3  1.2659442E-02
  4  1.8991977E-02
  5  2.5326388E-02
  6  3.1662675E-02
  7  3.8000839E-02
  8  4.4340878E-02
  9  5.0673759E-02
 10  5.7002800E-02
 11  6.3331712E-02
 12  6.9657639E-02
 13  7.5981199E-02
 14  8.2302237E-02
 15  8.8620402E-02
 16  9.4936152E-02
 17  1.0124973E-01
 18  1.0756195E-01
 19  1.1387089E-01
 20  1.2017882E-01
 21  1.2648363E-01
 22  1.3278569E-01
 23  1.3908439E-01
 24  1.4538164E-01
 25  1.5167440E-01
 26  1.5796335E-01
 27  1.6424732E-01
 28  1.7052614E-01
 29  1.7680047E-01
 30  1.8306826E-01
 31  1.8932919E-01
 32  1.9558457E-01
 33  2.0183202E-01
 34  2.0807302E-01
 35  2.1430712E-01
 36  2.2053266E-01
 37  2.2675115E-01
 38  2.3296075E-01
 39  2.3916149E-01
 40  2.4535389E-01
 41  2.5153704E-01
 42  2.5770983E-01
 43  2.6387217E-01
 44  2.7002470E-01
 45  2.7616566E-01
 46  2.8229374E-01
 47  2.8840932E-01
 48  2.9451287E-01
 49  3.0060178E-01
 50  3.0667622E-01
 51  3.1273724E-01
 52  3.1877904E-01
 53  3.2480872E-01
 54  3.3082049E-01
 55  3.3681492E-01
 56  3.4279255E-01
 57  3.4875192E-01
 58  3.5469514E-01
 59  3.6062246E-01
 60  3.6652971E-01
 61  3.7242051E-01
 62  3.7829293E-01
 63  3.8414866E-01
 64  3.8998528E-01
 65  3.9580893E-01
 66  4.0161085E-01
 67  4.0739690E-01
 68  4.1316399E-01
 69  4.1891544E-01
 70  4.2465016E-01
 71  4.3036303E-01
 72  4.3606499E-01
 73  4.4174660E-01
 74  4.4741207E-01
 75  4.5306112E-01
 76  4.5869241E-01
 77  4.6430615E-01
 78  4.6990246E-01
 79  4.7548329E-01
 80  4.8104643E-01
 81  4.8659226E-01
 82  4.9211917E-01
 83  4.9762518E-01
 84  5.0311882E-01
 85  5.0858577E-01
 86  5.1403687E-01
 87  5.1946313E-01
 88  5.2486229E-01
 89  5.3024031E-01
 90  5.3558714E-01
 91  5.4090367E-01
 92  5.4618094E-01
 93  5.5142279E-01
 94  5.5663009E-01
 95  5.6180509E-01
 96  5.6696367E-01
 97  5.7211182E-01
 98  5.7724128E-01
 99  5.8233887E-01
100  5.8737666E-01
101  5.9239225E-01
# polflux | Wb/radian
  1 -0.0000000E+00
  2 -1.4285397E-04
  3 -3.1273599E-04
  4 -5.3667413E-04
  5 -8.4169643E-04
  6 -1.2548308E-03
  7 -1.7940052E-03
  8 -2.4432555E-03
  9 -3.1832784E-03
 10 -4.0166670E-03
 11 -4.9479567E-03
 12 -5.9750777E-03
 13 -7.0982827E-03
 14 -8.3177218E-03
 15 -9.6332019E-03
 16 -1.1044410E-02
 17 -1.2551053E-02
 18 -1.4153093E-02
 19 -1.5850636E-02
 20 -1.7643636E-02
 21 -1.9531771E-02
 22 -2.1514403E-02
 23 -2.3590675E-02
 24 -2.5759608E-02
 25 -2.8020113E-02
 26 -3.0370861E-02
 27 -3.2810018E-02
 28 -3.5335217E-02
 29 -3.7943447E-02
 30 -4.0630921E-02
 31 -4.3393056E-02
 32 -4.6224729E-02
 33 -4.9120515E-02
 34 -5.2074853E-02
 35 -5.5082194E-02
 36 -5.8137243E-02
 37 -6.1235004E-02
 38 -6.4370777E-02
 39 -6.7540131E-02
 40 -7.0739074E-02
 41 -7.3964096E-02
 42 -7.7211979E-02
 43 -8.0479580E-02
 44 -8.3763851E-02
 45 -8.7061963E-02
 46 -9.0371381E-02
 47 -9.3689671E-02
 48 -9.7014320E-02
 49 -1.0034282E-01
 50 -1.0367292E-01
 51 -1.0700256E-01
 52 -1.1032976E-01
 53 -1.1365251E-01
 54 -1.1696880E-01
 55 -1.2027689E-01
 56 -1.2357541E-01
 57 -1.2686306E-01
 58 -1.3013854E-01
 59 -1.3340058E-01
 60 -1.3664805E-01
 61 -1.3987991E-01
 62 -1.4309516E-01
 63 -1.4629292E-01
 64 -1.4947237E-01
 65 -1.5263268E-01
 66 -1.5577293E-01
 67 -1.5889222E-01
 68 -1.6198976E-01
 69 -1.6506489E-01
 70 -1.6811690E-01
 71 -1.7114493E-01
 72 -1.7414808E-01
 73 -1.7712561E-01
 74 -1.8007695E-01
 75 -1.8300153E-01
 76 -1.8589871E-01
 77 -1.8876779E-01
 78 -1.9160810E-01
 79 -1.9441902E-01
 80 -1.9719997E-01
 81 -1.9995035E-01
 82 -2.0266952E-01
 83 -2.0535671E-01
 84 -2.0801101E-01
 85 -2.1063156E-01
 86 -2.1321769E-01
 87 -2.1576865E-01
 88 -2.1828327E-01
 89 -2.2076003E-01
 90 -2.2319757E-01
 91 -2.2559513E-01
 92 -2.2795260E-01
 93 -2.3027029E-01
 94 -2.3254880E-01
 95 -2.3478961E-01
 96 -2.3699570E-01
 97 -2.3916963E-01
 98 -2.4130999E-01
 99 -2.4341057E-01
100 -2.4546086E-01
101 -2.4746242E-01
# q | -
  1 -9.4158148E-01
  2 -9.4419826E-01
  3 -9.4714437E-01
  4 -9.5075274E-01
  5 -9.5516421E-01
  6 -9.6021351E-01
  7 -9.6520114E-01
  8 -9.6879949E-01
  9 -9.7169137E-01
 10 -9.7346830E-01
 11 -9.7551850E-01
 12 -9.7713338E-01
 13 -9.7840284E-01
 14 -9.7949784E-01
 15 -9.8061801E-01
 16 -9.8185980E-01
 17 -9.8306519E-01
 18 -9.8407488E-01
 19 -9.8492442E-01
 20 -9.8577712E-01
 21 -9.8679975E-01
 22 -9.8810337E-01
 23 -9.8972071E-01
 24 -9.9166871E-01
 25 -9.9396152E-01
 26 -9.9671799E-01
 27 -1.0001256E+00
 28 -1.0043455E+00
 29 -1.0095768E+00
 30 -1.0160662E+00
 31 -1.0239816E+00
 32 -1.0334299E+00
 33 -1.0443987E+00
 34 -1.0568956E+00
 35 -1.0708619E+00
 36 -1.0861818E+00
 37 -1.1027702E+00
 38 -1.1205575E+00
 39 -1.1394618E+00
 40 -1.1593459E+00
 41 -1.1800945E+00
 42 -1.2016948E+00
 43 -1.2241746E+00
 44 -1.2475300E+00
 45 -1.2717027E+00
 46 -1.2966434E+00
 47 -1.3224177E+00
 48 -1.3491007E+00
 49 -1.3766905E+00
 50 -1.4051485E+00
 51 -1.4344400E+00
 52 -1.4646426E+00
 53 -1.4958258E+00
 54 -1.5279994E+00
 55 -1.5610377E+00
 56 -1.5948684E+00
 57 -1.6295666E+00
 58 -1.6651717E+00
 59 -1.7016924E+00
 60 -1.7390996E+00
 61 -1.7774195E+00
 62 -1.8166600E+00
 63 -1.8568087E+00
 64 -1.8979001E+00
 65 -1.9400112E+00
 66 -1.9832293E+00
 67 -2.0276023E+00
 68 -2.0730570E+00
 69 -2.1196090E+00
 70 -2.1674187E+00
 71 -2.2166608E+00
 72 -2.2673447E+00
 73 -2.3193636E+00
 74 -2.3727728E+00
 75 -2.4276353E+00
 76 -2.4841154E+00
 77 -2.5423210E+00
 78 -2.6022728E+00
 79 -2.6640542E+00
 80 -2.7277384E+00
 81 -2.7934497E+00
 82 -2.8613849E+00
 83 -2.9318698E+00
 84 -3.0051408E+00
 85 -3.0811916E+00
 86 -3.1600451E+00
 87 -3.2422339E+00
 88 -3.3286350E+00
 89 -3.4197791E+00
 90 -3.5154864E+00
 91 -3.6150049E+00
 92 -3.7176843E+00
 93 -3.8232812E+00
 94 -3.9309630E+00
 95 -4.0385147E+00
 96 -4.1429598E+00
 97 -4.2485290E+00
 98 -4.3648791E+00
 99 -4.5041569E+00
100 -4.6734028E+00
101 -4.8120425E+00
# w0 | rad/s
  1  1.8685531E+04
  2 -4.1809499E+04
  3 -8.6223283E+04
  4 -9.8040191E+04
  5 -9.6459530E+04
  6 -9.0136806E+04
  7 -8.5281247E+04
  8 -8.4177212E+04
  9 -8.4297010E+04
 10 -8.3890940E+04
 11 -8.3241883E+04
 12 -8.2602969E+04
 13 -8.1871901E+04
 14 -8.1086469E+04
 15 -8.0259292E+04
 16 -7.9398793E+04
 17 -7.8518936E+04
 18 -7.7620261E+04
 19 -7.6701836E+04
 20 -7.5768861E+04
 21 -7.4824242E+04
 22 -7.3869903E+04
 23 -7.2909109E+04
 24 -7.1941784E+04
 25 -7.0969032E+04
 26 -6.9991710E+04
 27 -6.9008007E+04
 28 -6.8013487E+04
 29 -6.7005368E+04
 30 -6.5985502E+04
 31 -6.4953385E+04
 32 -6.3906473E+04
 33 -6.2844129E+04
 34 -6.1767973E+04
 35 -6.0679749E+04
 36 -5.9582426E+04
 37 -5.8480942E+04
 38 -5.7379647E+04
 39 -5.6280477E+04
 40 -5.5183761E+04
 41 -5.4090546E+04
 42 -5.3004461E+04
 43 -5.1929593E+04
 44 -5.0867798E+04
 45 -4.9818347E+04
 46 -4.8781644E+04
 47 -4.7761961E+04
 48 -4.6764084E+04
 49 -4.5788946E+04
 50 -4.4835309E+04
 51 -4.3904103E+04
 52 -4.2999540E+04
 53 -4.2126255E+04
 54 -4.1284367E+04
 55 -4.0470046E+04
 56 -3.9681305E+04
 57 -3.8919022E+04
 58 -3.8182859E+04
 59 -3.7470589E+04
 60 -3.6780308E+04
 61 -3.6110719E+04
 62 -3.5459764E+04
 63 -3.4825164E+04
 64 -3.4205613E+04
 65 -3.3600981E+04
 66 -3.3010327E+04
 67 -3.2431521E+04
 68 -3.1862883E+04
 69 -3.1304232E+04
 70 -3.0758070E+04
 71 -3.0225779E+04
 72 -2.9705921E+04
 73 -2.9196419E+04
 74 -2.8696999E+04
 75 -2.8209705E+04
 76 -2.7735992E+04
 77 -2.7275253E+04
 78 -2.6826419E+04
 79 -2.6389384E+04
 80 -2.5964037E+04
 81 -2.5550235E+04
 82 -2.5148320E+04
 83 -2.4758673E+04
 84 -2.4379928E+04
 85 -2.4007987E+04
 86 -2.3639078E+04
 87 -2.3271283E+04
 88 -2.2901656E+04
 89 -2.2518873E+04
 90 -2.2093344E+04
 91 -2.1561754E+04
 92 -2.0802272E+04
 93 -1.9641377E+04
 94 -1.7937639E+04
 95 -1.5699945E+04
 96 -1.3148558E+04
 97 -1.0651041E+04
 98 -8.5336047E+03
 99 -6.9125098E+03
100 -5.6759387E+03
101 -4.5891182E+03
# rmaj | m
  1  1.7838465E+00
  2  1.7838375E+00
  3  1.7838123E+00
  4  1.7837710E+00
  5  1.7837136E+00
  6  1.7836400E+00
  7  1.7835503E+00
  8  1.7834445E+00
  9  1.7833256E+00
 10  1.7831925E+00
 11  1.7830440E+00
 12  1.7828783E+00
 13  1.7826952E+00
 14  1.7824972E+00
 15  1.7822844E+00
 16  1.7820551E+00
 17  1.7818066E+00
 18  1.7815431E+00
 19  1.7812630E+00
 20  1.7809672E+00
 21  1.7806538E+00
 22  1.7803231E+00
 23  1.7799738E+00
 24  1.7796083E+00
 25  1.7792267E+00
 26  1.7788250E+00
 27  1.7784040E+00
 28  1.7779651E+00
 29  1.7775076E+00
 30  1.7770318E+00
 31  1.7765356E+00
 32  1.7760177E+00
 33  1.7754789E+00
 34  1.7749181E+00
 35  1.7743364E+00
 36  1.7737366E+00
 37  1.7731172E+00
 38  1.7724779E+00
 39  1.7718189E+00
 40  1.7711368E+00
 41  1.7704379E+00
 42  1.7697188E+00
 43  1.7689799E+00
 44  1.7682195E+00
 45  1.7674373E+00
 46  1.7666337E+00
 47  1.7658104E+00
 48  1.7649648E+00
 49  1.7640966E+00
 50  1.7632047E+00
 51  1.7622937E+00
 52  1.7613587E+00
 53  1.7604039E+00
 54  1.7594258E+00
 55  1.7584268E+00
 56  1.7574044E+00
 57  1.7563585E+00
 58  1.7552913E+00
 59  1.7542040E+00
 60  1.7530941E+00
 61  1.7519630E+00
 62  1.7508105E+00
 63  1.7496298E+00
 64  1.7484321E+00
 65  1.7472125E+00
 66  1.7459668E+00
 67  1.7447026E+00
 68  1.7434113E+00
 69  1.7420941E+00
 70  1.7407581E+00
 71  1.7393967E+00
 72  1.7380098E+00
 73  1.7365919E+00
 74  1.7351538E+00
 75  1.7336886E+00
 76  1.7321958E+00
 77  1.7306784E+00
 78  1.7291326E+00
 79  1.7275610E+00
 80  1.7259612E+00
 81  1.7243380E+00
 82  1.7226903E+00
 83  1.7210147E+00
 84  1.7193096E+00
 85  1.7175763E+00
 86  1.7158216E+00
 87  1.7140425E+00
 88  1.7122335E+00
 89  1.7104061E+00
 90  1.7085493E+00
 91  1.7066782E+00
 92  1.7047847E+00
 93  1.7028700E+00
 94  1.7009249E+00
 95  1.6989502E+00
 96  1.6969317E+00
 97  1.6948684E+00
 98  1.6927546E+00
 99  1.6906018E+00
100  1.6884241E+00
101  1.6861909E+00
# zmag | m
  1 -7.7504169E-02
  2 -7.7536178E-02
  3 -7.7568078E-02
  4 -7.7599869E-02
  5 -7.7631551E-02
  6 -7.7663124E-02
  7 -7.7694587E-02
  8 -7.7725942E-02
  9 -7.7762796E-02
 10 -7.7803911E-02
 11 -7.7849534E-02
 12 -7.7900842E-02
 13 -7.7957304E-02
 14 -7.8019292E-02
 15 -7.8087724E-02
 16 -7.8162784E-02
 17 -7.8242779E-02
 18 -7.8328257E-02
 19 -7.8417899E-02
 20 -7.8511599E-02
 21 -7.8610209E-02
 22 -7.8712702E-02
 23 -7.8820661E-02
 24 -7.8932960E-02
 25 -7.9053436E-02
 26 -7.9182666E-02
 27 -7.9316427E-02
 28 -7.9458932E-02
 29 -7.9609596E-02
 30 -7.9766033E-02
 31 -7.9926888E-02
 32 -8.0095617E-02
 33 -8.0266054E-02
 34 -8.0441657E-02
 35 -8.0627866E-02
 36 -8.0824217E-02
 37 -8.1030246E-02
 38 -8.1247609E-02
 39 -8.1476877E-02
 40 -8.1719001E-02
 41 -8.1971150E-02
 42 -8.2232373E-02
 43 -8.2505909E-02
 44 -8.2786383E-02
 45 -8.3077709E-02
 46 -8.3379993E-02
 47 -8.3696240E-02
 48 -8.4018752E-02
 49 -8.4361894E-02
 50 -8.4719824E-02
 51 -8.5087499E-02
 52 -8.5480077E-02
 53 -8.5887108E-02
 54 -8.6314739E-02
 55 -8.6760983E-02
 56 -8.7227035E-02
 57 -8.7721737E-02
 58 -8.8230925E-02
 59 -8.8771605E-02
 60 -8.9333073E-02
 61 -8.9924499E-02
 62 -9.0542465E-02
 63 -9.1196482E-02
 64 -9.1879761E-02
 65 -9.2597145E-02
 66 -9.3352856E-02
 67 -9.4143491E-02
 68 -9.4972901E-02
 69 -9.5852819E-02
 70 -9.6768616E-02
 71 -9.7744752E-02
 72 -9.8759777E-02
 73 -9.9833138E-02
 74 -1.0096593E-01
 75 -1.0216026E-01
 76 -1.0341806E-01
 77 -1.0475292E-01
 78 -1.0616462E-01
 79 -1.0766117E-01
 80 -1.0923555E-01
 81 -1.1092127E-01
 82 -1.1270587E-01
 83 -1.1461627E-01
 84 -1.1665898E-01
 85 -1.1883619E-01
 86 -1.2118087E-01
 87 -1.2370085E-01
 88 -1.2644545E-01
 89 -1.2941458E-01
 90 -1.3266151E-01
 91 -1.3622106E-01
 92 -1.4013338E-01
 93 -1.4443226E-01
 94 -1.4922539E-01
 95 -1.5449598E-01
 96 -1.6022945E-01
 97 -1.6636414E-01
 98 -1.7301775E-01
 99 -1.8042774E-01
100 -1.8892113E-01
101 -1.9900671E-01
# kappa | -
  1  1.2550842E+00
  2  1.2547619E+00
  3  1.2544406E+00
  4  1.2541205E+00
  5  1.2538014E+00
  6  1.2534835E+00
  7  1.2531666E+00
  8  1.2528509E+00
  9  1.2527537E+00
 10  1.2527948E+00
 11  1.2528838E+00
 12  1.2530522E+00
 13  1.2532695E+00
 14  1.2535358E+00
 15  1.2538489E+00
 16  1.2541823E+00
 17  1.2545207E+00
 18  1.2548325E+00
 19  1.2551892E+00
 20  1.2555579E+00
 21  1.2559726E+00
 22  1.2564047E+00
 23  1.2568413E+00
 24  1.2572920E+00
 25  1.2577825E+00
 26  1.2582794E+00
 27  1.2588265E+00
 28  1.2594141E+00
 29  1.2600360E+00
 30  1.2607029E+00
 31  1.2614150E+00
 32  1.2621585E+00
 33  1.2629380E+00
 34  1.2637226E+00
 35  1.2645259E+00
 36  1.2653792E+00
 37  1.2662420E+00
 38  1.2671522E+00
 39  1.2681195E+00
 40  1.2691221E+00
 41  1.2701840E+00
 42  1.2712986E+00
 43  1.2724770E+00
 44  1.2737042E+00
 45  1.2749703E+00
 46  1.2762975E+00
 47  1.2776681E+00
 48  1.2790826E+00
 49  1.2805492E+00
 50  1.2820650E+00
 51  1.2836318E+00
 52  1.2853025E+00
 53  1.2870020E+00
 54  1.2887998E+00
 55  1.2906723E+00
 56  1.2926149E+00
 57  1.2946343E+00
 58  1.2967260E+00
 59  1.2988916E+00
 60  1.3011299E+00
 61  1.3034430E+00
 62  1.3058288E+00
 63  1.3083096E+00
 64  1.3108526E+00
 65  1.3134522E+00
 66  1.3161313E+00
 67  1.3189062E+00
 68  1.3217352E+00
 69  1.3246575E+00
 70  1.3276381E+00
 71  1.3307229E+00
 72  1.3338560E+00
 73  1.3371008E+00
 74  1.3403989E+00
 75  1.3438216E+00
 76  1.3472932E+00
 77  1.3508989E+00
 78  1.3546166E+00
 79  1.3584197E+00
 80  1.3623435E+00
 81  1.3664070E+00
 82  1.3706023E+00
 83  1.3749807E+00
 84  1.3795033E+00
 85  1.3842320E+00
 86  1.3891783E+00
 87  1.3943879E+00
 88  1.3999149E+00
 89  1.4057619E+00
 90  1.4120143E+00
 91  1.4187060E+00
 92  1.4259238E+00
 93  1.4337097E+00
 94  1.4421525E+00
 95  1.4511952E+00
 96  1.4607777E+00
 97  1.4706850E+00
 98  1.4811108E+00
 99  1.4924315E+00
100  1.5052999E+00
101  1.5204279E+00
# delta | -
  1  0.0000000E+00
  2 -2.1700077E-04
  3 -4.4385317E-04
  4 -6.8055718E-04
  5 -9.2711279E-04
  6 -1.1835200E-03
  7 -1.4497787E-03
  8 -1.7258890E-03
  9 -2.0025827E-03
 10 -2.2846086E-03
 11 -2.5799487E-03
 12 -2.8920429E-03
 13 -3.2360386E-03
 14 -3.5612446E-03
 15 -3.8836623E-03
 16 -4.2457556E-03
 17 -4.6341824E-03
 18 -4.9817057E-03
 19 -5.3476139E-03
 20 -5.6828869E-03
 21 -6.0288732E-03
 22 -6.3680376E-03
 23 -6.7512322E-03
 24 -7.0936456E-03
 25 -7.3902204E-03
 26 -7.7579101E-03
 27 -8.1104871E-03
 28 -8.4704091E-03
 29 -8.8653012E-03
 30 -9.2681716E-03
 31 -9.6737589E-03
 32 -1.0141334E-02
 33 -1.0609436E-02
 34 -1.1082593E-02
 35 -1.1547641E-02
 36 -1.2052191E-02
 37 -1.2519064E-02
 38 -1.2978495E-02
 39 -1.3418758E-02
 40 -1.3882847E-02
 41 -1.4318230E-02
 42 -1.4777040E-02
 43 -1.5255830E-02
 44 -1.5755564E-02
 45 -1.6326449E-02
 46 -1.6868849E-02
 47 -1.7432881E-02
 48 -1.8063347E-02
 49 -1.8686235E-02
 50 -1.9331507E-02
 51 -1.9989147E-02
 52 -2.0695534E-02
 53 -2.1406333E-02
 54 -2.2155758E-02
 55 -2.2915395E-02
 56 -2.3705096E-02
 57 -2.4564932E-02
 58 -2.5412323E-02
 59 -2.6261429E-02
 60 -2.7160765E-02
 61 -2.8098613E-02
 62 -2.9034844E-02
 63 -3.0062468E-02
 64 -3.1058381E-02
 65 -3.2078127E-02
 66 -3.3169336E-02
 67 -3.4213467E-02
 68 -3.5376846E-02
 69 -3.6489409E-02
 70 -3.7668100E-02
 71 -3.8885777E-02
 72 -4.0094888E-02
 73 -4.1416710E-02
 74 -4.2685303E-02
 75 -4.4010689E-02
 76 -4.5399565E-02
 77 -4.6776901E-02
 78 -4.8141893E-02
 79 -4.9583106E-02
 80 -5.1049577E-02
 81 -5.2546143E-02
 82 -5.4057194E-02
 83 -5.5594346E-02
 84 -5.7145342E-02
 85 -5.8739541E-02
 86 -6.0343797E-02
 87 -6.1927692E-02
 88 -6.3561113E-02
 89 -6.5149641E-02
 90 -6.6753082E-02
 91 -6.8333773E-02
 92 -6.9910446E-02
 93 -7.1446663E-02
 94 -7.2902747E-02
 95 -7.4200828E-02
 96 -7.5555349E-02
 97 -7.6757273E-02
 98 -7.7844207E-02
 99 -7.8693750E-02
100 -7.9283619E-02
101 -7.9408102E-02
# zeta | -
  1 -0.0000000E+00
  2  7.1996816E-05
  3  1.1318368E-04
  4  1.2356060E-04
  5  1.0312757E-04
  6  5.1884586E-05
  7 -3.0168344E-05
  8 -1.4303122E-04
  9 -2.0970959E-04
 10 -2.6152473E-04
 11 -3.3952501E-04
 12 -4.4792582E-04
 13 -5.8153298E-04
 14 -7.5831288E-04
 15 -9.7192504E-04
 16 -1.2039554E-03
 17 -1.4472793E-03
 18 -1.6790812E-03
 19 -1.9438690E-03
 20 -2.2677309E-03
 21 -2.6312422E-03
 22 -3.0059468E-03
 23 -3.3543104E-03
 24 -3.7468221E-03
 25 -4.1412332E-03
 26 -4.5127009E-03
 27 -4.9102828E-03
 28 -5.3221709E-03
 29 -5.7614110E-03
 30 -6.2090022E-03
 31 -6.6703156E-03
 32 -7.1626439E-03
 33 -7.6518842E-03
 34 -8.1275090E-03
 35 -8.6081434E-03
 36 -9.1190447E-03
 37 -9.6307944E-03
 38 -1.0176930E-02
 39 -1.0780435E-02
 40 -1.1421025E-02
 41 -1.2125599E-02
 42 -1.2870697E-02
 43 -1.3675351E-02
 44 -1.4536134E-02
 45 -1.5409675E-02
 46 -1.6321715E-02
 47 -1.7249891E-02
 48 -1.8207205E-02
 49 -1.9177969E-02
 50 -2.0162521E-02
 51 -2.1184102E-02
 52 -2.2248980E-02
 53 -2.3336885E-02
 54 -2.4488387E-02
 55 -2.5677419E-02
 56 -2.6908053E-02
 57 -2.8171778E-02
 58 -2.9494718E-02
 59 -3.0878982E-02
 60 -3.2280671E-02
 61 -3.3746404E-02
 62 -3.5253667E-02
 63 -3.6853973E-02
 64 -3.8473407E-02
 65 -4.0163881E-02
 66 -4.1877963E-02
 67 -4.3694279E-02
 68 -4.5521370E-02
 69 -4.7447997E-02
 70 -4.9409424E-02
 71 -5.1430848E-02
 72 -5.3525912E-02
 73 -5.5697525E-02
 74 -5.7899541E-02
 75 -6.0224675E-02
 76 -6.2550067E-02
 77 -6.5000145E-02
 78 -6.7531294E-02
 79 -7.0126986E-02
 80 -7.2809725E-02
 81 -7.5593627E-02
 82 -7.8456489E-02
 83 -8.1440216E-02
 84 -8.4537940E-02
 85 -8.7732374E-02
 86 -9.1090806E-02
 87 -9.4594144E-02
 88 -9.8276102E-02
 89 -1.0215610E-01
 90 -1.0625029E-01
 91 -1.1057259E-01
 92 -1.1513113E-01
 93 -1.1997763E-01
 94 -1.2512913E-01
 95 -1.3053627E-01
 96 -1.3619275E-01
 97 -1.4189256E-01
 98 -1.4772046E-01
 99 -1.5384446E-01
100 -1.6059851E-01
101 -1.6850048E-01
# shape_cos0 | -
  1 -3.5622655E-02
  2 -3.5618047E-02
  3 -3.5605233E-02
  4 -3.5584213E-02
  5 -3.5554988E-02
  6 -3.5517557E-02
  7 -3.5471921E-02
  8 -3.5418080E-02
  9 -3.5410887E-02
 10 -3.5434437E-02
 11 -3.5479392E-02
 12 -3.5554054E-02
 13 -3.5641167E-02
 14 -3.5707321E-02
 15 -3.5752223E-02
 16 -3.5797461E-02
 17 -3.5793349E-02
 18 -3.5820310E-02
 19 -3.5809539E-02
 20 -3.5808940E-02
 21 -3.5799608E-02
 22 -3.5787787E-02
 23 -3.5766578E-02
 24 -3.5747109E-02
 25 -3.5730744E-02
 26 -3.5714028E-02
 27 -3.5718541E-02
 28 -3.5719160E-02
 29 -3.5727994E-02
 30 -3.5758900E-02
 31 -3.5788701E-02
 32 -3.5827888E-02
 33 -3.5860684E-02
 34 -3.5872493E-02
 35 -3.5906604E-02
 36 -3.5926092E-02
 37 -3.5939750E-02
 38 -3.5928561E-02
 39 -3.5952271E-02
 40 -3.5956491E-02
 41 -3.5984691E-02
 42 -3.6016419E-02
 43 -3.6041787E-02
 44 -3.6074376E-02
 45 -3.6103627E-02
 46 -3.6135799E-02
 47 -3.6152776E-02
 48 -3.6192182E-02
 49 -3.6223387E-02
 50 -3.6261479E-02
 51 -3.6272586E-02
 52 -3.6323625E-02
 53 -3.6359238E-02
 54 -3.6400235E-02
 55 -3.6464502E-02
 56 -3.6529478E-02
 57 -3.6592429E-02
 58 -3.6646369E-02
 59 -3.6711671E-02
 60 -3.6791281E-02
 61 -3.6866430E-02
 62 -3.6946836E-02
 63 -3.7027702E-02
 64 -3.7116004E-02
 65 -3.7223041E-02
 66 -3.7298429E-02
 67 -3.7404889E-02
 68 -3.7510687E-02
 69 -3.7597885E-02
 70 -3.7713259E-02
 71 -3.7822039E-02
 72 -3.7929643E-02
 73 -3.8033245E-02
 74 -3.8160792E-02
 75 -3.8280602E-02
 76 -3.8405848E-02
 77 -3.8531674E-02
 78 -3.8668631E-02
 79 -3.8810085E-02
 80 -3.8952920E-02
 81 -3.9108636E-02
 82 -3.9265375E-02
 83 -3.9428967E-02
 84 -3.9626874E-02
 85 -3.9794736E-02
 86 -3.9994808E-02
 87 -4.0216466E-02
 88 -4.0422448E-02
 89 -4.0672285E-02
 90 -4.0933621E-02
 91 -4.1227088E-02
 92 -4.1527426E-02
 93 -4.1849658E-02
 94 -4.2204574E-02
 95 -4.2592796E-02
 96 -4.2974375E-02
 97 -4.3353376E-02
 98 -4.3772672E-02
 99 -4.4212429E-02
100 -4.4722363E-02
101 -4.5390016E-02
# shape_cos1 | -
  1  0.0000000E+00
  2 -5.6540465E-04
  3 -1.1716858E-03
  4 -1.8188434E-03
  5 -2.5068775E-03
  6 -3.2357881E-03
  7 -4.0055751E-03
  8 -4.8162387E-03
  9 -5.5466528E-03
 10 -6.2426154E-03
 11 -6.9579023E-03
 12 -7.6870711E-03
 13 -8.4562174E-03
 14 -9.2625008E-03
 15 -1.0097703E-02
 16 -1.0971074E-02
 17 -1.1855217E-02
 18 -1.2742451E-02
 19 -1.3623299E-02
 20 -1.4489905E-02
 21 -1.5336752E-02
 22 -1.6161169E-02
 23 -1.7000932E-02
 24 -1.7801492E-02
 25 -1.8625753E-02
 26 -1.9487893E-02
 27 -2.0290352E-02
 28 -2.1137829E-02
 29 -2.2008142E-02
 30 -2.2867530E-02
 31 -2.3711605E-02
 32 -2.4547368E-02
 33 -2.5361535E-02
 34 -2.6206901E-02
 35 -2.7062389E-02
 36 -2.7951155E-02
 37 -2.8877191E-02
 38 -2.9852050E-02
 39 -3.0879695E-02
 40 -3.1928379E-02
 41 -3.3014740E-02
 42 -3.4111493E-02
 43 -3.5230462E-02
 44 -3.6338248E-02
 45 -3.7480579E-02
 46 -3.8601927E-02
 47 -3.9768067E-02
 48 -4.0914842E-02
 49 -4.2122571E-02
 50 -4.3366916E-02
 51 -4.4606684E-02
 52 -4.5903673E-02
 53 -4.7231388E-02
 54 -4.8590874E-02
 55 -5.0001813E-02
 56 -5.1444877E-02
 57 -5.2956421E-02
 58 -5.4484773E-02
 59 -5.6064941E-02
 60 -5.7695842E-02
 61 -5.9383834E-02
 62 -6.1113729E-02
 63 -6.2906581E-02
 64 -6.4757168E-02
 65 -6.6676753E-02
 66 -6.8659684E-02
 67 -7.0691715E-02
 68 -7.2789694E-02
 69 -7.4978349E-02
 70 -7.7227110E-02
 71 -7.9564479E-02
 72 -8.1958548E-02
 73 -8.4457673E-02
 74 -8.7051075E-02
 75 -8.9725972E-02
 76 -9.2523663E-02
 77 -9.5418880E-02
 78 -9.8460975E-02
 79 -1.0160539E-01
 80 -1.0486072E-01
 81 -1.0830221E-01
 82 -1.1188096E-01
 83 -1.1565639E-01
 84 -1.1966174E-01
 85 -1.2384540E-01
 86 -1.2829117E-01
 87 -1.3301354E-01
 88 -1.3807290E-01
 89 -1.4348366E-01
 90 -1.4930829E-01
 91 -1.5560408E-01
 92 -1.6245687E-01
 93 -1.6983864E-01
 94 -1.7804188E-01
 95 -1.8688835E-01
 96 -1.9635087E-01
 97 -2.0627404E-01
 98 -2.1685771E-01
 99 -2.2850870E-01
100 -2.4168820E-01
101 -2.5734816E-01
# shape_cos2 | -
  1  0.0000000E+00
  2  1.8180677E-05
  3  3.4622457E-05
  4  4.9325339E-05
  5  6.2289324E-05
  6  7.3514411E-05
  7  8.3000602E-05
  8  9.0747895E-05
  9  8.6224915E-05
 10  6.6654415E-05
 11  1.5709719E-05
 12 -5.1911052E-05
 13 -1.3436639E-04
 14 -2.2710347E-04
 15 -3.0009344E-04
 16 -3.2313318E-04
 17 -3.3450543E-04
 18 -2.9152846E-04
 19 -2.3004649E-04
 20 -1.1091428E-04
 21 -3.4773396E-05
 22  5.6432511E-05
 23  1.6124049E-04
 24  2.3376512E-04
 25  2.6964231E-04
 26  2.8676832E-04
 27  3.1341232E-04
 28  3.2131782E-04
 29  3.2880889E-04
 30  3.6911772E-04
 31  4.0479232E-04
 32  4.6081687E-04
 33  4.8752145E-04
 34  5.1474670E-04
 35  5.7412592E-04
 36  6.4789037E-04
 37  7.1211393E-04
 38  7.5577979E-04
 39  8.6850724E-04
 40  9.1906585E-04
 41  1.0486059E-03
 42  1.1931911E-03
 43  1.2798785E-03
 44  1.4408336E-03
 45  1.5797816E-03
 46  1.7470835E-03
 47  1.9174026E-03
 48  2.0768463E-03
 49  2.2930361E-03
 50  2.5134087E-03
 51  2.7025777E-03
 52  2.9599223E-03
 53  3.2009953E-03
 54  3.4739558E-03
 55  3.7931558E-03
 56  4.1318750E-03
 57  4.4141472E-03
 58  4.7871811E-03
 59  5.1314253E-03
 60  5.5100311E-03
 61  5.9254552E-03
 62  6.3413899E-03
 63  6.8143720E-03
 64  7.2801999E-03
 65  7.8115387E-03
 66  8.3450602E-03
 67  8.9279366E-03
 68  9.4913694E-03
 69  1.0149913E-02
 70  1.0799077E-02
 71  1.1488352E-02
 72  1.2203347E-02
 73  1.2964912E-02
 74  1.3812849E-02
 75  1.4616084E-02
 76  1.5479664E-02
 77  1.6396047E-02
 78  1.7363048E-02
 79  1.8352709E-02
 80  1.9421264E-02
 81  2.0513878E-02
 82  2.1626829E-02
 83  2.2828712E-02
 84  2.4134740E-02
 85  2.5397464E-02
 86  2.6771396E-02
 87  2.8261213E-02
 88  2.9740468E-02
 89  3.1313192E-02
 90  3.2992977E-02
 91  3.4701310E-02
 92  3.6573394E-02
 93  3.8451009E-02
 94  4.0513388E-02
 95  4.2671139E-02
 96  4.4868487E-02
 97  4.7168147E-02
 98  4.9610661E-02
 99  5.2178398E-02
100  5.4926799E-02
101  5.8113188E-02
# shape_cos3 | -
  1  0.0000000E+00
  2 -5.9033629E-06
  3 -9.3865683E-06
  4 -1.0449616E-05
  5 -9.0925064E-06
  6 -5.3152391E-06
  7  8.8218574E-07
  8  9.4997682E-06
  9  1.3370844E-05
 10  9.3546593E-06
 11 -1.7545759E-05
 12  1.6251967E-06
 13  7.2642309E-06
 14  5.1645987E-06
 15  2.5882268E-05
 16  5.0570618E-05
 17  4.7319423E-05
 18  3.7679534E-05
 19 -5.4672092E-06
 20 -7.5835857E-05
 21 -1.4344580E-04
 22 -2.3106339E-04
 23 -3.3093868E-04
 24 -4.1702499E-04
 25 -4.7255686E-04
 26 -5.0836741E-04
 27 -5.1356786E-04
 28 -5.1301095E-04
 29 -5.0448486E-04
 30 -5.0036990E-04
 31 -5.1885862E-04
 32 -5.0979713E-04
 33 -5.5873875E-04
 34 -6.5937080E-04
 35 -7.1406358E-04
 36 -7.6156432E-04
 37 -8.1500358E-04
 38 -8.7030432E-04
 39 -9.3266210E-04
 40 -9.6355123E-04
 41 -1.0247002E-03
 42 -1.0997830E-03
 43 -1.1669334E-03
 44 -1.2615597E-03
 45 -1.3837928E-03
 46 -1.4818882E-03
 47 -1.5914033E-03
 48 -1.7337129E-03
 49 -1.8450453E-03
 50 -1.9669583E-03
 51 -2.1170541E-03
 52 -2.2133869E-03
 53 -2.3396693E-03
 54 -2.4470728E-03
 55 -2.5805427E-03
 56 -2.7175495E-03
 57 -2.8242624E-03
 58 -2.9821646E-03
 59 -3.0917952E-03
 60 -3.2453645E-03
 61 -3.3899432E-03
 62 -3.5446511E-03
 63 -3.6700622E-03
 64 -3.8187774E-03
 65 -3.9804564E-03
 66 -4.1237404E-03
 67 -4.2820321E-03
 68 -4.4433644E-03
 69 -4.5769489E-03
 70 -4.7588461E-03
 71 -4.8705835E-03
 72 -5.0400550E-03
 73 -5.2030345E-03
 74 -5.3574520E-03
 75 -5.5065856E-03
 76 -5.6828540E-03
 77 -5.8193090E-03
 78 -5.9836790E-03
 79 -6.1090372E-03
 80 -6.2729785E-03
 81 -6.3964948E-03
 82 -6.5292098E-03
 83 -6.6298715E-03
 84 -6.7388729E-03
 85 -6.8347295E-03
 86 -6.9025205E-03
 87 -6.9761153E-03
 88 -6.9590403E-03
 89 -6.9614223E-03
 90 -6.8960799E-03
 91 -6.7733922E-03
 92 -6.6214868E-03
 93 -6.4204731E-03
 94 -6.1701894E-03
 95 -5.8891611E-03
 96 -5.6655580E-03
 97 -5.5552401E-03
 98 -5.4965172E-03
 99 -5.4409906E-03
100 -5.3057789E-03
101 -4.8650391E-03
# shape_sin3 | -
  1  0.0000000E+00
  2 -3.1257235E-05
  3 -5.0627252E-05
  4 -5.8110050E-05
  5 -5.3705631E-05
  6 -3.7413994E-05
  7 -9.2351395E-06
  8  3.0830933E-05
  9  3.3441435E-05
 10  1.8418406E-05
 11  1.1289633E-05
 12  2.2034119E-05
 13  1.6808467E-05
 14  4.4548051E-06
 15  9.4423039E-07
 16  2.7784155E-05
 17  3.1236626E-05
 18  7.2643711E-05
 19  1.0119987E-04
 20  1.0939992E-04
 21  1.1787266E-04
 22  1.4244298E-04
 23  1.8240268E-04
 24  2.0310372E-04
 25  2.0114534E-04
 26  2.2566627E-04
 27  2.4019038E-04
 28  2.7372014E-04
 29  3.1871772E-04
 30  3.5956029E-04
 31  3.7958830E-04
 32  4.3733913E-04
 33  4.9294125E-04
 34  5.1856338E-04
 35  5.1766828E-04
 36  5.7805868E-04
 37  5.9825848E-04
 38  6.2192107E-04
 39  6.5129811E-04
 40  6.6921867E-04
 41  7.0542093E-04
 42  7.4715765E-04
 43  8.0242464E-04
 44  8.7155073E-04
 45  9.9052421E-04
 46  1.0633454E-03
 47  1.1489947E-03
 48  1.2615808E-03
 49  1.3505031E-03
 50  1.4240562E-03
 51  1.5169628E-03
 52  1.5864296E-03
 53  1.6443380E-03
 54  1.7031417E-03
 55  1.7671964E-03
 56  1.8266146E-03
 57  1.8986287E-03
 58  1.9364422E-03
 59  1.9570978E-03
 60  1.9872105E-03
 61  2.0434500E-03
 62  2.0779637E-03
 63  2.1206435E-03
 64  2.1434418E-03
 65  2.1577690E-03
 66  2.1822350E-03
 67  2.1605622E-03
 68  2.1766132E-03
 69  2.0936363E-03
 70  2.0626995E-03
 71  2.0303192E-03
 72  1.9493270E-03
 73  1.8984463E-03
 74  1.7967135E-03
 75  1.6814461E-03
 76  1.5696295E-03
 77  1.4209524E-03
 78  1.1982927E-03
 79  1.0133365E-03
 80  7.9615174E-04
 81  5.7264206E-04
 82  3.2001256E-04
 83  4.2313255E-05
 84 -2.8582302E-04
 85 -6.3019941E-04
 86 -9.7233913E-04
 87 -1.3674150E-03
 88 -1.7832788E-03
 89 -2.2416878E-03
 90 -2.7279681E-03
 91 -3.2152604E-03
 92 -3.6877952E-03
 93 -4.2012388E-03
 94 -4.7654210E-03
 95 -5.4254626E-03
 96 -5.9939950E-03
 97 -6.6426533E-03
 98 -7.3624058E-03
 99 -8.1641123E-03
100 -8.9033802E-03
101 -9.7666095E-03
# ne | 10^19/m^3
  1  5.7935414E+00
  2  5.7926337E+00
  3  5.7912754E+00
  4  5.7890176E+00
  5  5.7858608E+00
  6  5.7818032E+00
  7  5.7768006E+00
  8  5.7708552E+00
  9  5.7640252E+00
 10  5.7563318E+00
 11  5.7477993E+00
 12  5.7384639E+00
 13  5.7283694E+00
 14  5.7175676E+00
 15  5.7061191E+00
 16  5.6940929E+00
 17  5.6815308E+00
 18  5.6684014E+00
 19  5.6546803E+00
 20  5.6403610E+00
 21  5.6254064E+00
 22  5.6097675E+00
 23  5.5933812E+00
 24  5.5761803E+00
 25  5.5580891E+00
 26  5.5390155E+00
 27  5.5188578E+00
 28  5.4975766E+00
 29  5.4751834E+00
 30  5.4517957E+00
 31  5.4275705E+00
 32  5.4025796E+00
 33  5.3768890E+00
 34  5.3505664E+00
 35  5.3236787E+00
 36  5.2962963E+00
 37  5.2684944E+00
 38  5.2403498E+00
 39  5.2119508E+00
 40  5.1833591E+00
 41  5.1545763E+00
 42  5.1255538E+00
 43  5.0962158E+00
 44  5.0664843E+00
 45  5.0362823E+00
 46  5.0055354E+00
 47  4.9741650E+00
 48  4.9420919E+00
 49  4.9092421E+00
 50  4.8755417E+00
 51  4.8408601E+00
 52  4.8051190E+00
 53  4.7683296E+00
 54  4.7305148E+00
 55  4.6917360E+00
 56  4.6520733E+00
 57  4.6116295E+00
 58  4.5705273E+00
 59  4.5288994E+00
 60  4.4868743E+00
 61  4.4445805E+00
 62  4.4021790E+00
 63  4.3598641E+00
 64  4.3177904E+00
 65  4.2760253E+00
 66  4.2346072E+00
 67  4.1936086E+00
 68  4.1531349E+00
 69  4.1132894E+00
 70  4.0741370E+00
 71  4.0357154E+00
 72  3.9980666E+00
 73  3.9612928E+00
 74  3.9254644E+00
 75  3.8906140E+00
 76  3.8568286E+00
 77  3.8242042E+00
 78  3.7928255E+00
 79  3.7627592E+00
 80  3.7340805E+00
 81  3.7068917E+00
 82  3.6813163E+00
 83  3.6574768E+00
 84  3.6355710E+00
 85  3.6154596E+00
 86  3.5966966E+00
 87  3.5789253E+00
 88  3.5617379E+00
 89  3.5446488E+00
 90  3.5271136E+00
 91  3.5085534E+00
 92  3.4881826E+00
 93  3.4648656E+00
 94  3.4385027E+00
 95  3.4120855E+00
 96  3.3899497E+00
 97  3.3315590E+00
 98  3.1357517E+00
 99  2.7530626E+00
100  2.3824284E+00
101  2.1126580E+00
# ni | 10^19/m^3
  1  5.3589646E+00  7.2597986E-02
  2  5.3581035E+00  7.2590246E-02
  3  5.3570083E+00  7.2578896E-02
  4  5.3549262E+00  7.2560355E-02
  5  5.3519219E+00  7.2534597E-02
  6  5.3479073E+00  7.2501694E-02
  7  5.3426911E+00  7.2460705E-02
  8  5.3366386E+00  7.2411664E-02
  9  5.3298892E+00  7.2355621E-02
 10  5.3224617E+00  7.2292681E-02
 11  5.3141343E+00  7.2222999E-02
 12  5.3044626E+00  7.2146660E-02
 13  5.2941271E+00  7.2064235E-02
 14  5.2832538E+00  7.1976673E-02
 15  5.2718340E+00  7.1884605E-02
 16  5.2600193E+00  7.1788526E-02
 17  5.2480503E+00  7.1689367E-02
 18  5.2356139E+00  7.1586400E-02
 19  5.2225997E+00  7.1479416E-02
 20  5.2090032E+00  7.1368342E-02
 21  5.1948003E+00  7.1251980E-02
 22  5.1799480E+00  7.1130224E-02
 23  5.1643809E+00  7.1002118E-02
 24  5.1480412E+00  7.0866412E-02
 25  5.1308593E+00  7.0722453E-02
 26  5.1126971E+00  7.0568689E-02
 27  5.0933164E+00  7.0403552E-02
 28  5.0728553E+00  7.0226739E-02
 29  5.0513810E+00  7.0038065E-02
 30  5.0289974E+00  6.9839182E-02
 31  5.0058818E+00  6.9631915E-02
 32  4.9822048E+00  6.9416555E-02
 33  4.9579044E+00  6.9193870E-02
 34  4.9330051E+00  6.8964822E-02
 35  4.9075702E+00  6.8730197E-02
 36  4.8816461E+00  6.8490627E-02
 37  4.8552422E+00  6.8246997E-02
 38  4.8285006E+00  6.7999891E-02
 39  4.8015224E+00  6.7750454E-02
 40  4.7743628E+00  6.7499629E-02
 41  4.7470998E+00  6.7246873E-02
 42  4.7198926E+00  6.6991581E-02
 43  4.6924414E+00  6.6732639E-02
 44  4.6646027E+00  6.6468712E-02
 45  4.6363070E+00  6.6198881E-02
 46  4.6074595E+00  6.5922015E-02
 47  4.5779041E+00  6.5636813E-02
 48  4.5476676E+00  6.5342097E-02
 49  4.5167108E+00  6.5036739E-02
 50  4.4849665E+00  6.4719693E-02
 51  4.4523183E+00  6.4388769E-02
 52  4.4186890E+00  6.4042690E-02
 53  4.3840960E+00  6.3681644E-02
 54  4.3485624E+00  6.3305865E-02
 55  4.3121470E+00  6.2915936E-02
 56  4.2749449E+00  6.2512408E-02
 57  4.2371042E+00  6.2096438E-02
 58  4.1986843E+00  6.1669361E-02
 59  4.1597893E+00  6.1232777E-02
 60  4.1205365E+00  6.0788701E-02
 61  4.0810137E+00  6.0338477E-02
 62  4.0412722E+00  5.9883959E-02
 63  4.0015927E+00  5.9428359E-02
 64  3.9621540E+00  5.8973480E-02
 65  3.9230186E+00  5.8520037E-02
 66  3.8842430E+00  5.8068615E-02
 67  3.8459604E+00  5.7620029E-02
 68  3.8081973E+00  5.7175821E-02
 69  3.7710276E+00  5.6737149E-02
 70  3.7345103E+00  5.6304920E-02
 71  3.6986895E+00  5.5879837E-02
 72  3.6636332E+00  5.5462329E-02
 73  3.6294038E+00  5.5053930E-02
 74  3.5960580E+00  5.4655543E-02
 75  3.5636262E+00  5.4267358E-02
 76  3.5321835E+00  5.3891044E-02
 77  3.5018135E+00  5.3528060E-02
 78  3.4725989E+00  5.3179407E-02
 79  3.4446017E+00  5.2846250E-02
 80  3.4178912E+00  5.2529647E-02
 81  3.3925580E+00  5.2231075E-02
 82  3.3687091E+00  5.1952439E-02
 83  3.3464628E+00  5.1695597E-02
 84  3.3260001E+00  5.1463482E-02
 85  3.3071906E+00  5.1254643E-02
 86  3.2896255E+00  5.1063648E-02
 87  3.2729838E+00  5.0886455E-02
 88  3.2568718E+00  5.0718686E-02
 89  3.2408252E+00  5.0556160E-02
 90  3.2243110E+00  5.0397006E-02
 91  3.2067219E+00  5.0245361E-02
 92  3.1871839E+00  5.0114390E-02
 93  3.1644387E+00  5.0026212E-02
 94  3.1381427E+00  5.0022032E-02
 95  3.1109249E+00  5.0162305E-02
 96  3.0870843E+00  5.0452993E-02
 97  3.0304042E+00  5.0174293E-02
 98  2.8494982E+00  4.7697108E-02
 99  2.4997867E+00  4.2207042E-02
100  2.1621233E+00  3.6718084E-02
101  1.9165988E+00  3.2676045E-02
# te | keV
  1  3.0365288E+00
  2  3.0347923E+00
  3  3.0321950E+00
  4  3.0278770E+00
  5  3.0218426E+00
  6  3.0141000E+00
  7  3.0045690E+00
  8  2.9932665E+00
  9  2.9803020E+00
 10  2.9656945E+00
 11  2.9494611E+00
 12  2.9316204E+00
 13  2.9121991E+00
 14  2.8912243E+00
 15  2.8687250E+00
 16  2.8447350E+00
 17  2.8192838E+00
 18  2.7923148E+00
 19  2.7638451E+00
 20  2.7339573E+00
 21  2.7026403E+00
 22  2.6698732E+00
 23  2.6356484E+00
 24  2.5999929E+00
 25  2.5629565E+00
 26  2.5246017E+00
 27  2.4849997E+00
 28  2.4442330E+00
 29  2.4023475E+00
 30  2.3594668E+00
 31  2.3157690E+00
 32  2.2713719E+00
 33  2.2264006E+00
 34  2.1809806E+00
 35  2.1352390E+00
 36  2.0893046E+00
 37  2.0433081E+00
 38  1.9973795E+00
 39  1.9516479E+00
 40  1.9062622E+00
 41  1.8613450E+00
 42  1.8169741E+00
 43  1.7732301E+00
 44  1.7301894E+00
 45  1.6879232E+00
 46  1.6464964E+00
 47  1.6059657E+00
 48  1.5663833E+00
 49  1.5277943E+00
 50  1.4902369E+00
 51  1.4537970E+00
 52  1.4184961E+00
 53  1.3842804E+00
 54  1.3511202E+00
 55  1.3189677E+00
 56  1.2877644E+00
 57  1.2574413E+00
 58  1.2279265E+00
 59  1.1991493E+00
 60  1.1710536E+00
 61  1.1435956E+00
 62  1.1167594E+00
 63  1.0904955E+00
 64  1.0647414E+00
 65  1.0394984E+00
 66  1.0147794E+00
 67  9.9058897E-01
 68  9.6691686E-01
 69  9.4373788E-01
 70  9.2101551E-01
 71  8.9870705E-01
 72  8.7676797E-01
 73  8.5516815E-01
 74  8.3385961E-01
 75  8.1278390E-01
 76  7.9190705E-01
 77  7.7120339E-01
 78  7.5066925E-01
 79  7.3032596E-01
 80  7.1020519E-01
 81  6.9033877E-01
 82  6.7075144E-01
 83  6.5144573E-01
 84  6.3247510E-01
 85  6.1400428E-01
 86  5.9622372E-01
 87  5.7928047E-01
 88  5.6324875E-01
 89  5.4803982E-01
 90  5.3334055E-01
 91  5.1856325E-01
 92  5.0264287E-01
 93  4.8385989E-01
 94  4.6024641E-01
 95  4.3166154E-01
 96  3.9848534E-01
 97  3.5425728E-01
 98  2.9007974E-01
 99  2.1250421E-01
100  1.5349296E-01
101  1.1504268E-01
# ti | keV
  1  3.2721988E+00  3.3469678E+00
  2  3.2691931E+00  3.3440545E+00
  3  3.2646888E+00  3.3396206E+00
  4  3.2571956E+00  3.3321460E+00
  5  3.2467368E+00  3.3216451E+00
  6  3.2333441E+00  3.3081338E+00
  7  3.2169003E+00  3.2914400E+00
  8  3.1974646E+00  3.2715984E+00
  9  3.1752638E+00  3.2488672E+00
 10  3.1503692E+00  3.2233567E+00
 11  3.1228641E+00  3.1967487E+00
 12  3.0928447E+00  3.1672362E+00
 13  3.0604207E+00  3.1332283E+00
 14  3.0257166E+00  3.0966375E+00
 15  2.9888715E+00  3.0576505E+00
 16  2.9500429E+00  3.0164973E+00
 17  2.9093999E+00  2.9734464E+00
 18  2.8670486E+00  2.9286836E+00
 19  2.8232147E+00  2.8824665E+00
 20  2.7781806E+00  2.8350838E+00
 21  2.7321039E+00  2.7867008E+00
 22  2.6851491E+00  2.7375615E+00
 23  2.6374837E+00  2.6878982E+00
 24  2.5892709E+00  2.6378737E+00
 25  2.5406697E+00  2.5876257E+00
 26  2.4918343E+00  2.5372567E+00
 27  2.4429166E+00  2.4867769E+00
 28  2.3940649E+00  2.4362166E+00
 29  2.3454486E+00  2.3857491E+00
 30  2.2972456E+00  2.3355810E+00
 31  2.2495445E+00  2.2858424E+00
 32  2.2023694E+00  2.2366593E+00
 33  2.1557550E+00  2.1881519E+00
 34  2.1097354E+00  2.1403642E+00
 35  2.0643466E+00  2.0933203E+00
 36  2.0196269E+00  2.0470360E+00
 37  1.9756139E+00  2.0014957E+00
 38  1.9323445E+00  1.9566905E+00
 39  1.8898529E+00  1.9126547E+00
 40  1.8482259E+00  1.8694826E+00
 41  1.8075044E+00  1.8272346E+00
 42  1.7676735E+00  1.7859645E+00
 43  1.7287664E+00  1.7457652E+00
 44  1.6908138E+00  1.7066706E+00
 45  1.6538420E+00  1.6686920E+00
 46  1.6178786E+00  1.6318355E+00
 47  1.5829492E+00  1.5960888E+00
 48  1.5490781E+00  1.5614410E+00
 49  1.5162907E+00  1.5279106E+00
 50  1.4846074E+00  1.4955159E+00
 51  1.4541185E+00  1.4643472E+00
 52  1.4248564E+00  1.4344476E+00
 53  1.3967641E+00  1.4057686E+00
 54  1.3697983E+00  1.3782658E+00
 55  1.3438821E+00  1.3518573E+00
 56  1.3189372E+00  1.3264558E+00
 57  1.2948888E+00  1.3019672E+00
 58  1.2716683E+00  1.2783052E+00
 59  1.2492114E+00  1.2554017E+00
 60  1.2274529E+00  1.2331917E+00
 61  1.2063327E+00  1.2116133E+00
 62  1.1858224E+00  1.1906313E+00
 63  1.1658612E+00  1.1701776E+00
 64  1.1463666E+00  1.1501686E+00
 65  1.1272946E+00  1.1305619E+00
 66  1.1086005E+00  1.1113198E+00
 67  1.0902410E+00  1.0924297E+00
 68  1.0721869E+00  1.0738889E+00
 69  1.0544236E+00  1.0556854E+00
 70  1.0369388E+00  1.0378045E+00
 71  1.0197199E+00  1.0202270E+00
 72  1.0027541E+00  1.0029210E+00
 73  9.8604658E-01  9.8587284E-01
 74  9.6959387E-01  9.6907422E-01
 75  9.5337714E-01  9.5250626E-01
 76  9.3739369E-01  9.3616783E-01
 77  9.2164180E-01  9.2006877E-01
 78  9.0612002E-01  9.0421942E-01
 79  8.9082695E-01  8.8861995E-01
 80  8.7576149E-01  8.7326869E-01
 81  8.6091809E-01  8.5815719E-01
 82  8.4627400E-01  8.4324894E-01
 83  8.3180736E-01  8.2850838E-01
 84  8.1749359E-01  8.1391174E-01
 85  8.0325653E-01  7.9939255E-01
 86  7.8896587E-01  7.8483501E-01
 87  7.7443341E-01  7.7007486E-01
 88  7.5935026E-01  7.5482975E-01
 89  7.4316301E-01  7.3856783E-01
 90  7.2471617E-01  7.2016588E-01
 91  7.0146289E-01  6.9714490E-01
 92  6.6850926E-01  6.6468189E-01
 93  6.1861081E-01  6.1564200E-01
 94  5.4529189E-01  5.4361591E-01
 95  4.5081076E-01  4.5055832E-01
 96  3.5183478E-01  3.5257234E-01
 97  2.6680144E-01  2.6787130E-01
 98  2.0269430E-01  2.0365824E-01
 99  1.5749641E-01  1.5815566E-01
100  1.3124628E-01  1.3158557E-01
101  1.1578877E-01  1.1578877E-01
# ptot | Pa
  1  5.6670327E+04
  2  5.6619097E+04
  3  5.6543420E+04
  4  5.6416255E+04
  5  5.6238285E+04
  6  5.6009536E+04
  7  5.5727229E+04
  8  5.5394171E+04
  9  5.5014602E+04
 10  5.4589789E+04
 11  5.4120098E+04
 12  5.3604636E+04
 13  5.3048392E+04
 14  5.2454117E+04
 15  5.1823875E+04
 16  5.1160733E+04
 17  5.0468066E+04
 18  4.9744980E+04
 19  4.8993308E+04
 20  4.8216533E+04
 21  4.7416004E+04
 22  4.6592937E+04
 23  4.5748557E+04
 24  4.4884400E+04
 25  4.4002119E+04
 26  4.3103122E+04
 27  4.2188491E+04
 28  4.1261160E+04
 29  4.0323807E+04
 30  3.9380361E+04
 31  3.8434809E+04
 32  3.7489626E+04
 33  3.6546519E+04
 34  3.5607457E+04
 35  3.4674509E+04
 36  3.3749663E+04
 37  3.2834747E+04
 38  3.1931939E+04
 39  3.1043209E+04
 40  3.0170800E+04
 41  2.9316186E+04
 42  2.8480087E+04
 43  2.7662217E+04
 44  2.6862722E+04
 45  2.6081901E+04
 46  2.5319966E+04
 47  2.4576893E+04
 48  2.3853094E+04
 49  2.3148775E+04
 50  2.2463984E+04
 51  2.1799398E+04
 52  2.1154989E+04
 53  2.0529930E+04
 54  1.9923707E+04
 55  1.9335578E+04
 56  1.8764818E+04
 57  1.8210788E+04
 58  1.7672709E+04
 59  1.7149946E+04
 60  1.6641967E+04
 61  1.6148290E+04
 62  1.5668816E+04
 63  1.5203464E+04
 64  1.4751626E+04
 65  1.4313012E+04
 66  1.3887344E+04
 67  1.3474485E+04
 68  1.3074139E+04
 69  1.2686073E+04
 70  1.2309900E+04
 71  1.1945129E+04
 72  1.1591306E+04
 73  1.1248255E+04
 74  1.0915577E+04
 75  1.0592628E+04
 76  1.0279161E+04
 77  9.9750018E+03
 78  9.6800864E+03
 79  9.3944348E+03
 80  9.1181368E+03
 81  8.8513018E+03
 82  8.5939281E+03
 83  8.3458827E+03
 84  8.1074602E+03
 85  7.8785478E+03
 86  7.6582674E+03
 87  7.4454685E+03
 88  7.2378888E+03
 89  7.0310068E+03
 90  6.8159113E+03
 91  6.5750631E+03
 92  6.2761780E+03
 93  5.8717590E+03
 94  5.3207566E+03
 95  4.6429566E+03
 96  3.9329867E+03
 97  3.2078548E+03
 98  2.3983126E+03
 99  1.5788171E+03
100  1.0482853E+03
101  7.5102025E+02
# johm | MA/m^2
  1  5.0564914E+00
  2  5.0564914E+00
  3  2.7263169E+00
  4  2.2314730E+00
  5  2.0061332E+00
  6  1.8742047E+00
  7  1.7872114E+00
  8  1.7259475E+00
  9  1.6802669E+00
 10  1.6447201E+00
 11  1.6156000E+00
 12  1.5921094E+00
 13  1.5737832E+00
 14  1.5591478E+00
 15  1.5469813E+00
 16  1.5366635E+00
 17  1.5279387E+00
 18  1.5202079E+00
 19  1.5135153E+00
 20  1.5075952E+00
 21  1.5017728E+00
 22  1.4951012E+00
 23  1.4864075E+00
 24  1.4743839E+00
 25  1.4578641E+00
 26  1.4358051E+00
 27  1.4074263E+00
 28  1.3724843E+00
 29  1.3312152E+00
 30  1.2844354E+00
 31  1.2333965E+00
 32  1.1797364E+00
 33  1.1252014E+00
 34  1.0714509E+00
 35  1.0198293E+00
 36  9.7130031E-01
 37  9.2631419E-01
 38  8.8497849E-01
 39  8.4706422E-01
 40  8.1210168E-01
 41  7.7964068E-01
 42  7.4922416E-01
 43  7.2038863E-01
 44  6.9281826E-01
 45  6.6625104E-01
 46  6.4063472E-01
 47  6.1595399E-01
 48  5.9216238E-01
 49  5.6918776E-01
 50  5.4701098E-01
 51  5.2574731E-01
 52  5.0533265E-01
 53  4.8571584E-01
 54  4.6680420E-01
 55  4.4856557E-01
 56  4.3087390E-01
 57  4.1368753E-01
 58  3.9702168E-01
 59  3.8087205E-01
 60  3.6529001E-01
 61  3.5037319E-01
 62  3.3618707E-01
 63  3.2264390E-01
 64  3.0977635E-01
 65  2.9758572E-01
 66  2.8598814E-01
 67  2.7495643E-01
 68  2.6448067E-01
 69  2.5452737E-01
 70  2.4506071E-01
 71  2.3601413E-01
 72  2.2731612E-01
 73  2.1894462E-01
 74  2.1086747E-01
 75  2.0306117E-01
 76  1.9550760E-01
 77  1.8818573E-01
 78  1.8107623E-01
 79  1.7417613E-01
 80  1.6749067E-01
 81  1.6103296E-01
 82  1.5481351E-01
 83  1.4882016E-01
 84  1.4304398E-01
 85  1.3751508E-01
 86  1.3229486E-01
 87  1.2740849E-01
 88  1.2284014E-01
 89  1.1850982E-01
 90  1.1429864E-01
 91  1.1003868E-01
 92  1.0543370E-01
 93  1.0002223E-01
 94  9.3498693E-02
 95  8.5554385E-02
 96  7.5736191E-02
 97  6.1067947E-02
 98  4.2609449E-02
 99  2.8081413E-02
100  2.2162438E-02
101  0.0000000E+00
# jbs | MA/m^2
  1  1.7435735E-01
  2  1.7435735E-01
  3  1.2575957E-01
  4  1.2420107E-01
  5  1.2766845E-01
  6  1.3188176E-01
  7  1.3589413E-01
  8  1.3940807E-01
  9  1.4225115E-01
 10  1.4434846E-01
 11  1.4563689E-01
 12  1.4723557E-01
 13  1.4900900E-01
 14  1.5087073E-01
 15  1.5273864E-01
 16  1.5526586E-01
 17  1.5873562E-01
 18  1.6194273E-01
 19  1.6446909E-01
 20  1.6685927E-01
 21  1.6918774E-01
 22  1.7146282E-01
 23  1.7361926E-01
 24  1.7561717E-01
 25  1.7741069E-01
 26  1.7881681E-01
 27  1.7975110E-01
 28  1.8046211E-01
 29  1.8064946E-01
 30  1.8028122E-01
 31  1.7989604E-01
 32  1.7947764E-01
 33  1.7888431E-01
 34  1.7807373E-01
 35  1.7699659E-01
 36  1.7556742E-01
 37  1.7378653E-01
 38  1.7172446E-01
 39  1.6935583E-01
 40  1.6689494E-01
 41  1.6476295E-01
 42  1.6288380E-01
 43  1.6098437E-01
 44  1.5901685E-01
 45  1.5695222E-01
 46  1.5473673E-01
 47  1.5238628E-01
 48  1.4998741E-01
 49  1.4757180E-01
 50  1.4504423E-01
 51  1.4253869E-01
 52  1.4016962E-01
 53  1.3784075E-01
 54  1.3556477E-01
 55  1.3335997E-01
 56  1.3122363E-01
 57  1.2913784E-01
 58  1.2708984E-01
 59  1.2506302E-01
 60  1.2302705E-01
 61  1.2081994E-01
 62  1.1852862E-01
 63  1.1628870E-01
 64  1.1405285E-01
 65  1.1184664E-01
 66  1.0967499E-01
 67  1.0752098E-01
 68  1.0536437E-01
 69  1.0326276E-01
 70  1.0126458E-01
 71  9.9378763E-02
 72  9.7498647E-02
 73  9.5698016E-02
 74  9.4048711E-02
 75  9.2435765E-02
 76  9.0841734E-02
 77  8.9232418E-02
 78  8.7565888E-02
 79  8.5811939E-02
 80  8.3957122E-02
 81  8.2024361E-02
 82  8.0070609E-02
 83  7.7934602E-02
 84  7.5695793E-02
 85  7.3581466E-02
 86  7.1687838E-02
 87  7.0363955E-02
 88  7.0357099E-02
 89  7.3052946E-02
 90  8.1067507E-02
 91  9.9064812E-02
 92  1.3239604E-01
 93  1.8024649E-01
 94  2.2426747E-01
 95  2.4372701E-01
 96  2.7212751E-01
 97  3.2777925E-01
 98  3.2297003E-01
 99  1.7854199E-01
100  4.5253218E-02
101  0.0000000E+00
# jbstor | MA/m^2
  1  1.8585762E+00
  2  1.8585762E+00
  3  1.8423090E+00
  4  1.8238360E+00
  5  1.8078424E+00
  6  1.7956909E+00
  7  1.7886030E+00
  8  1.7834675E+00
  9  1.7799628E+00
 10  1.7776876E+00
 11  1.7765072E+00
 12  1.7768135E+00
 13  1.7785830E+00
 14  1.7796478E+00
 15  1.7780392E+00
 16  1.7756521E+00
 17  1.7757319E+00
 18  1.7781473E+00
 19  1.7805147E+00
 20  1.7809017E+00
 21  1.7783083E+00
 22  1.7729106E+00
 23  1.7658128E+00
 24  1.7579673E+00
 25  1.7487133E+00
 26  1.7357912E+00
 27  1.7171282E+00
 28  1.6926427E+00
 29  1.6606114E+00
 30  1.6204481E+00
 31  1.5735061E+00
 32  1.5215868E+00
 33  1.4667693E+00
 34  1.4098778E+00
 35  1.3536041E+00
 36  1.2999087E+00
 37  1.2487441E+00
 38  1.1994460E+00
 39  1.1528042E+00
 40  1.1099451E+00
 41  1.0703606E+00
 42  1.0322969E+00
 43  9.9494837E-01
 44  9.5878824E-01
 45  9.2493770E-01
 46  8.9278809E-01
 47  8.6074004E-01
 48  8.2883841E-01
 49  7.9825224E-01
 50  7.6887318E-01
 51  7.4038942E-01
 52  7.1253640E-01
 53  6.8527348E-01
 54  6.6019360E-01
 55  6.3803818E-01
 56  6.1689398E-01
 57  5.9541920E-01
 58  5.7490429E-01
 59  5.5684908E-01
 60  5.4002922E-01
 61  5.2323998E-01
 62  5.0664413E-01
 63  4.9094541E-01
 64  4.7585197E-01
 65  4.6057780E-01
 66  4.4484972E-01
 67  4.2990906E-01
 68  4.1681783E-01
 69  4.0450593E-01
 70  3.9114474E-01
 71  3.7706271E-01
 72  3.6366371E-01
 73  3.5139127E-01
 74  3.4009560E-01
 75  3.2916358E-01
 76  3.1818370E-01
 77  3.0714858E-01
 78  2.9599553E-01
 79  2.8478234E-01
 80  2.7438300E-01
 81  2.6506799E-01
 82  2.5544086E-01
 83  2.4452092E-01
 84  2.3426184E-01
 85  2.2727977E-01
 86  2.2136492E-01
 87  2.1243593E-01
 88  2.0078719E-01
 89  1.9131706E-01
 90  1.9026601E-01
 91  2.0178101E-01
 92  2.1486704E-01
 93  2.2949941E-01
 94  2.4394572E-01
 95  2.5825228E-01
 96  2.7260635E-01
 97  2.8689539E-01
 98  3.0081311E-01
 99  3.1414490E-01
100  3.2719548E-01
101 -3.3692878E+01
# z_eff | -
  1  1.3761000E+00
  2  1.3761188E+00
  3  1.3761819E+00
  4  1.3762437E+00
  5  1.3763151E+00
  6  1.3763817E+00
  7  1.3764153E+00
  8  1.3764786E+00
  9  1.3765886E+00
 10  1.3767445E+00
 11  1.3769030E+00
 12  1.3769787E+00
 13  1.3770829E+00
 14  1.3772315E+00
 15  1.3774125E+00
 16  1.3776393E+00
 17  1.3779504E+00
 18  1.3782941E+00
 19  1.3786560E+00
 20  1.3790365E+00
 21  1.3794331E+00
 22  1.3798497E+00
 23  1.3802845E+00
 24  1.3807358E+00
 25  1.3812063E+00
 26  1.3816841E+00
 27  1.3821418E+00
 28  1.3826125E+00
 29  1.3831046E+00
 30  1.3836190E+00
 31  1.3841609E+00
 32  1.3847461E+00
 33  1.3853520E+00
 34  1.3859726E+00
 35  1.3866083E+00
 36  1.3872541E+00
 37  1.3878982E+00
 38  1.3885517E+00
 39  1.3892185E+00
 40  1.3898997E+00
 41  1.3906065E+00
 42  1.3913793E+00
 43  1.3921735E+00
 44  1.3929731E+00
 45  1.3937794E+00
 46  1.3945865E+00
 47  1.3953758E+00
 48  1.3961665E+00
 49  1.3969638E+00
 50  1.3977678E+00
 51  1.3985767E+00
 52  1.3993880E+00
 53  1.4002042E+00
 54  1.4010259E+00
 55  1.4018523E+00
 56  1.4026846E+00
 57  1.4035334E+00
 58  1.4043853E+00
 59  1.4052353E+00
 60  1.4060857E+00
 61  1.4069267E+00
 62  1.4077335E+00
 63  1.4085333E+00
 64  1.4093318E+00
 65  1.4101273E+00
 66  1.4109250E+00
 67  1.4117392E+00
 68  1.4125539E+00
 69  1.4133615E+00
 70  1.4141614E+00
 71  1.4149570E+00
 72  1.4157536E+00
 73  1.4165439E+00
 74  1.4173247E+00
 75  1.4180927E+00
 76  1.4188500E+00
 77  1.4195956E+00
 78  1.4203283E+00
 79  1.4210494E+00
 80  1.4217579E+00
 81  1.4224523E+00
 82  1.4231314E+00
 83  1.4237969E+00
 84  1.4244490E+00
 85  1.4250907E+00
 86  1.4257296E+00
 87  1.4263768E+00
 88  1.4270406E+00
 89  1.4277429E+00
 90  1.4285344E+00
 91  1.4295222E+00
 92  1.4309176E+00
 93  1.4330663E+00
 94  1.4363624E+00
 95  1.4409861E+00
 96  1.4464498E+00
 97  1.4517764E+00
 98  1.4562997E+00
 99  1.4599160E+00
100  1.4623627E+00
101  1.4640024E+00
# vtor | m/s
  1  0.0000000E+00 -1.5366110E+05
  2  0.0000000E+00 -1.5407944E+05
  3  0.0000000E+00 -1.5437609E+05
  4  0.0000000E+00 -1.5455047E+05
  5  0.0000000E+00 -1.5460226E+05
  6  0.0000000E+00 -1.5453150E+05
  7  0.0000000E+00 -1.5433841E+05
  8  0.0000000E+00 -1.5402366E+05
  9  0.0000000E+00 -1.5358780E+05
 10  0.0000000E+00 -1.5303241E+05
 11  0.0000000E+00 -1.5235952E+05
 12  0.0000000E+00 -1.5156559E+05
 13  0.0000000E+00 -1.5065648E+05
 14  0.0000000E+00 -1.4964707E+05
 15  0.0000000E+00 -1.4854767E+05
 16  0.0000000E+00 -1.4737049E+05
 17  0.0000000E+00 -1.4612979E+05
 18  0.0000000E+00 -1.4484218E+05
 19  0.0000000E+00 -1.4352174E+05
 20  0.0000000E+00 -1.4217584E+05
 21  0.0000000E+00 -1.4080537E+05
 22  0.0000000E+00 -1.3941025E+05
 23  0.0000000E+00 -1.3798889E+05
 24  0.0000000E+00 -1.3654044E+05
 25  0.0000000E+00 -1.3506422E+05
 26  0.0000000E+00 -1.3355884E+05
 27  0.0000000E+00 -1.3202328E+05
 28  0.0000000E+00 -1.3045688E+05
 29  0.0000000E+00 -1.2885929E+05
 30  0.0000000E+00 -1.2723033E+05
 31  0.0000000E+00 -1.2556996E+05
 32  0.0000000E+00 -1.2387842E+05
 33  0.0000000E+00 -1.2215657E+05
 34  0.0000000E+00 -1.2040540E+05
 35  0.0000000E+00 -1.1862725E+05
 36  0.0000000E+00 -1.1682569E+05
 37  0.0000000E+00 -1.1500378E+05
 38  0.0000000E+00 -1.1316483E+05
 39  0.0000000E+00 -1.1131254E+05
 40  0.0000000E+00 -1.0945082E+05
 41  0.0000000E+00 -1.0758416E+05
 42  0.0000000E+00 -1.0571677E+05
 43  0.0000000E+00 -1.0385322E+05
 44  0.0000000E+00 -1.0199817E+05
 45  0.0000000E+00 -1.0015810E+05
 46  0.0000000E+00 -9.8338249E+04
 47  0.0000000E+00 -9.6542230E+04
 48  0.0000000E+00 -9.4774670E+04
 49  0.0000000E+00 -9.3040152E+04
 50  0.0000000E+00 -9.1343242E+04
 51  0.0000000E+00 -8.9688972E+04
 52  0.0000000E+00 -8.8081204E+04
 53  0.0000000E+00 -8.6523063E+04
 54  0.0000000E+00 -8.5013833E+04
 55  0.0000000E+00 -8.3551989E+04
 56  0.0000000E+00 -8.2138574E+04
 57  0.0000000E+00 -8.0771310E+04
 58  0.0000000E+00 -7.9445182E+04
 59  0.0000000E+00 -7.8158151E+04
 60  0.0000000E+00 -7.6907566E+04
 61  0.0000000E+00 -7.5691073E+04
 62  0.0000000E+00 -7.4506004E+04
 63  0.0000000E+00 -7.3349433E+04
 64  0.0000000E+00 -7.2218790E+04
 65  0.0000000E+00 -7.1111134E+04
 66  0.0000000E+00 -7.0022614E+04
 67  0.0000000E+00 -6.8951985E+04
 68  0.0000000E+00 -6.7898551E+04
 69  0.0000000E+00 -6.6862459E+04
 70  0.0000000E+00 -6.5844635E+04
 71  0.0000000E+00 -6.4845302E+04
 72  0.0000000E+00 -6.3865327E+04
 73  0.0000000E+00 -6.2904865E+04
 74  0.0000000E+00 -6.1964887E+04
 75  0.0000000E+00 -6.1045635E+04
 76  0.0000000E+00 -6.0147486E+04
 77  0.0000000E+00 -5.9270947E+04
 78  0.0000000E+00 -5.8417797E+04
 79  0.0000000E+00 -5.7588467E+04
 80  0.0000000E+00 -5.6781669E+04
 81  0.0000000E+00 -5.5996854E+04
 82  0.0000000E+00 -5.5232777E+04
 83  0.0000000E+00 -5.4488260E+04
 84  0.0000000E+00 -5.3760963E+04
 85  0.0000000E+00 -5.3045992E+04
 86  0.0000000E+00 -5.2336583E+04
 87  0.0000000E+00 -5.1621322E+04
 88  0.0000000E+00 -5.0882254E+04
 89  0.0000000E+00 -5.0079697E+04
 90  0.0000000E+00 -4.9124060E+04
 91  0.0000000E+00 -4.7818780E+04
 92  0.0000000E+00 -4.5808902E+04
 93  0.0000000E+00 -4.2679002E+04
 94  0.0000000E+00 -3.8226866E+04
 95  0.0000000E+00 -3.2724216E+04
 96  0.0000000E+00 -2.6903351E+04
 97  0.0000000E+00 -2.1618528E+04
 98  0.0000000E+00 -1.7405043E+04
 99  0.0000000E+00 -1.4283509E+04
100  0.0000000E+00 -1.2973860E+04
101  0.0000000E+00 -1.2325100E+04
# qohme | MW/m^3
  1  2.1595625E-02
  2  2.1595625E-02
  3  2.1333033E-02
  4  2.1092549E-02
  5  2.0989288E-02
  6  2.1010820E-02
  7  2.1130573E-02
  8  2.1318287E-02
  9  2.1567831E-02
 10  2.1879462E-02
 11  2.2255924E-02
 12  2.2697777E-02
 13  2.3207713E-02
 14  2.3775232E-02
 15  2.4395860E-02
 16  2.5063755E-02
 17  2.5786677E-02
 18  2.6574864E-02
 19  2.7412418E-02
 20  2.8294145E-02
 21  2.9220949E-02
 22  3.0175660E-02
 23  3.1129280E-02
 24  3.2034665E-02
 25  3.2833152E-02
 26  3.3459396E-02
 27  3.3847973E-02
 28  3.3956703E-02
 29  3.3757638E-02
 30  3.3227507E-02
 31  3.2384980E-02
 32  3.1294865E-02
 33  3.0028529E-02
 34  2.8667484E-02
 35  2.7296643E-02
 36  2.5985570E-02
 37  2.4776145E-02
 38  2.3685289E-02
 39  2.2718349E-02
 40  2.1865041E-02
 41  2.1110854E-02
 42  2.0439209E-02
 43  1.9826786E-02
 44  1.9251089E-02
 45  1.8697339E-02
 46  1.8155629E-02
 47  1.7619976E-02
 48  1.7090006E-02
 49  1.6565572E-02
 50  1.6047276E-02
 51  1.5534064E-02
 52  1.5031595E-02
 53  1.4540535E-02
 54  1.4057610E-02
 55  1.3584248E-02
 56  1.3120654E-02
 57  1.2662573E-02
 58  1.2207229E-02
 59  1.1757521E-02
 60  1.1314723E-02
 61  1.0880984E-02
 62  1.0459469E-02
 63  1.0056010E-02
 64  9.6724806E-03
 65  9.3088920E-03
 66  8.9657421E-03
 67  8.6406097E-03
 68  8.3321656E-03
 69  8.0401975E-03
 70  7.7635595E-03
 71  7.5007200E-03
 72  7.2506262E-03
 73  7.0101100E-03
 74  6.7797761E-03
 75  6.5596642E-03
 76  6.3462473E-03
 77  6.1388792E-03
 78  5.9367366E-03
 79  5.7382835E-03
 80  5.5426634E-03
 81  5.3497132E-03
 82  5.1601135E-03
 83  4.9751913E-03
 84  4.7914633E-03
 85  4.6105437E-03
 86  4.4377893E-03
 87  4.2759630E-03
 88  4.1324187E-03
 89  4.0228715E-03
 90  3.9757014E-03
 91  4.0438744E-03
 92  4.3203149E-03
 93  4.9081735E-03
 94  5.7770670E-03
 95  6.5475054E-03
 96  6.7325757E-03
 97  6.9347912E-03
 98  7.3446108E-03
 99  6.4701027E-03
100  3.7478193E-03
101  1.4418768E-03
# qbeame | MW/m^3
  1  1.2957756E-01
  2  1.2957756E-01
  3  1.4030798E-01
  4  1.5220314E-01
  5  1.6432160E-01
  6  1.7651399E-01
  7  1.8772388E-01
  8  1.9506088E-01
  9  1.9929460E-01
 10  2.0152023E-01
 11  2.0244101E-01
 12  2.0238483E-01
 13  2.0127508E-01
 14  1.9930410E-01
 15  1.9663641E-01
 16  1.9336033E-01
 17  1.8978369E-01
 18  1.8676657E-01
 19  1.8441011E-01
 20  1.8261060E-01
 21  1.8128489E-01
 22  1.8046460E-01
 23  1.8044875E-01
 24  1.8121982E-01
 25  1.8268307E-01
 26  1.8476124E-01
 27  1.8714419E-01
 28  1.8886559E-01
 29  1.8977147E-01
 30  1.8995060E-01
 31  1.8948090E-01
 32  1.8846862E-01
 33  1.8712839E-01
 34  1.8552981E-01
 35  1.8369694E-01
 36  1.8165110E-01
 37  1.7934453E-01
 38  1.7654101E-01
 39  1.7321579E-01
 40  1.6940543E-01
 41  1.6514181E-01
 42  1.6058077E-01
 43  1.5623140E-01
 44  1.5219874E-01
 45  1.4845856E-01
 46  1.4498836E-01
 47  1.4170823E-01
 48  1.3836244E-01
 49  1.3489411E-01
 50  1.3130369E-01
 51  1.2759074E-01
 52  1.2387278E-01
 53  1.2059390E-01
 54  1.1784041E-01
 55  1.1558346E-01
 56  1.1379562E-01
 57  1.1244837E-01
 58  1.1149921E-01
 59  1.1092475E-01
 60  1.1070862E-01
 61  1.1083565E-01
 62  1.1102613E-01
 63  1.1022801E-01
 64  1.0822062E-01
 65  1.0505084E-01
 66  1.0076227E-01
 67  9.5620834E-02
 68  9.0551946E-02
 69  8.5772796E-02
 70  8.1274265E-02
 71  7.7047777E-02
 72  7.3037327E-02
 73  6.9054748E-02
 74  6.5053605E-02
 75  6.1036674E-02
 76  5.7006320E-02
 77  5.3012436E-02
 78  4.9255061E-02
 79  4.5776929E-02
 80  4.2570141E-02
 81  3.9627184E-02
 82  3.6890449E-02
 83  3.4155189E-02
 84  3.1371510E-02
 85  2.8538282E-02
 86  2.5654866E-02
 87  2.2766794E-02
 88  2.0049374E-02
 89  1.7542633E-02
 90  1.5241074E-02
 91  1.3139711E-02
 92  1.1238149E-02
 93  9.5457776E-03
 94  8.0617999E-03
 95  6.7835025E-03
 96  5.7064418E-03
 97  4.8225104E-03
 98  4.1216726E-03
 99  3.6030236E-03
100  3.2667017E-03
101  3.1126494E-03
# qbeami | MW/m^3
  1  4.3645894E-01
  2  4.3645894E-01
  3  4.6045234E-01
  4  4.8712598E-01
  5  5.1433810E-01
  6  5.4170743E-01
  7  5.6632415E-01
  8  5.8023024E-01
  9  5.8555421E-01
 10  5.8533268E-01
 11  5.8152147E-01
 12  5.7532056E-01
 13  5.6751083E-01
 14  5.5855681E-01
 15  5.4863647E-01
 16  5.3779457E-01
 17  5.2623540E-01
 18  5.1443425E-01
 19  5.0253213E-01
 20  4.9055169E-01
 21  4.7850782E-01
 22  4.6664709E-01
 23  4.5582056E-01
 24  4.4609980E-01
 25  4.3735347E-01
 26  4.2947451E-01
 27  4.2193829E-01
 28  4.1305895E-01
 29  4.0258052E-01
 30  3.9067379E-01
 31  3.7748752E-01
 32  3.6351969E-01
 33  3.5030076E-01
 34  3.3811641E-01
 35  3.2687723E-01
 36  3.1650446E-01
 37  3.0661183E-01
 38  2.9593192E-01
 39  2.8422275E-01
 40  2.7155384E-01
 41  2.5798687E-01
 42  2.4399629E-01
 43  2.3123621E-01
 44  2.2002040E-01
 45  2.1024229E-01
 46  2.0180493E-01
 47  1.9443666E-01
 48  1.8733680E-01
 49  1.8030701E-01
 50  1.7333384E-01
 51  1.6640392E-01
 52  1.5962271E-01
 53  1.5341700E-01
 54  1.4786311E-01
 55  1.4292393E-01
 56  1.3856471E-01
 57  1.3459826E-01
 58  1.3038295E-01
 59  1.2577468E-01
 60  1.2078840E-01
 61  1.1543761E-01
 62  1.0973196E-01
 63  1.0367075E-01
 64  9.7262336E-02
 65  9.0518668E-02
 66  8.3450635E-02
 67  7.6254815E-02
 68  6.9675419E-02
 69  6.3871984E-02
 70  5.8817865E-02
 71  5.4487860E-02
 72  5.0733550E-02
 73  4.7048216E-02
 74  4.3308261E-02
 75  3.9516537E-02
 76  3.5675319E-02
 77  3.1883813E-02
 78  2.8533411E-02
 79  2.5708791E-02
 80  2.3395260E-02
 81  2.1578917E-02
 82  2.0128153E-02
 83  1.8564415E-02
 84  1.6773971E-02
 85  1.4761086E-02
 86  1.2530131E-02
 87  1.0184005E-02
 88  8.1128008E-03
 89  6.4063427E-03
 90  5.0558676E-03
 91  4.0530705E-03
 92  3.3456711E-03
 93  2.7502138E-03
 94  2.2204120E-03
 95  1.7552040E-03
 96  1.3529110E-03
 97  1.0109648E-03
 98  7.2685200E-04
 99  5.0030649E-04
100  3.3092217E-04
101  2.1785152E-04
# qbrem | MW/m^3
  1  4.6738158E-03
  2  4.6738158E-03
  3  4.6710861E-03
  4  4.6656588E-03
  5  4.6575470E-03
  6  4.6467492E-03
  7  4.6332818E-03
  8  4.6168682E-03
  9  4.5978408E-03
 10  4.5762565E-03
 11  4.5521799E-03
 12  4.5256735E-03
 13  4.4968356E-03
 14  4.4657863E-03
 15  4.4326503E-03
 16  4.3975697E-03
 17  4.3606954E-03
 18  4.3220902E-03
 19  4.2815203E-03
 20  4.2392057E-03
 21  4.1950638E-03
 22  4.1490518E-03
 23  4.1010921E-03
 24  4.0510980E-03
 25  3.9990358E-03
 26  3.9448705E-03
 27  3.8885215E-03
 28  3.8299555E-03
 29  3.7693207E-03
 30  3.7066748E-03
 31  3.6425879E-03
 32  3.5772727E-03
 33  3.5109343E-03
 34  3.4437884E-03
 35  3.3760432E-03
 36  3.3079008E-03
 37  3.2395671E-03
 38  3.1712478E-03
 39  3.1031354E-03
 40  3.0354524E-03
 41  2.9683472E-03
 42  2.9018698E-03
 43  2.8360220E-03
 44  2.7707919E-03
 45  2.7061757E-03
 46  2.6421745E-03
 47  2.5787787E-03
 48  2.5159766E-03
 49  2.4537637E-03
 50  2.3921399E-03
 51  2.3310951E-03
 52  2.2705970E-03
 53  2.2106459E-03
 54  2.1512634E-03
 55  2.0925057E-03
 56  2.0344233E-03
 57  1.9770684E-03
 58  1.9205082E-03
 59  1.8648176E-03
 60  1.8100684E-03
 61  1.7563411E-03
 62  1.7037006E-03
 63  1.6523169E-03
 64  1.6022600E-03
 65  1.5535774E-03
 66  1.5062664E-03
 67  1.4603329E-03
 68  1.4158061E-03
 69  1.3727126E-03
 70  1.3310434E-03
 71  1.2907571E-03
 72  1.2518056E-03
 73  1.2141458E-03
 74  1.1778250E-03
 75  1.1427315E-03
 76  1.1088438E-03
 77  1.0761564E-03
 78  1.0446609E-03
 79  1.0143614E-03
 80  9.8526998E-04
 81  9.5740763E-04
 82  9.3080751E-04
 83  9.0549676E-04
 84  8.8147046E-04
 85  8.5888973E-04
 86  8.3757348E-04
 87  8.1744712E-04
 88  7.9839667E-04
 89  7.8023447E-04
 90  7.6260196E-04
 91  7.4500996E-04
 92  7.2675571E-04
 93  7.0660607E-04
 94  6.8273707E-04
 95  6.5426797E-04
 96  6.2379454E-04
 97  5.9114228E-04
 98  5.1852668E-04
 99  3.7785949E-04
100  2.2235900E-04
101  1.5657407E-04
# qsync | MW/m^3
  1  2.3519638E-05
  2  2.3519638E-05
  3  2.3486959E-05
  4  2.3421962E-05
  5  2.3324857E-05
  6  2.3195967E-05
  7  2.3035796E-05
  8  2.2841601E-05
  9  2.2617645E-05
 10  2.2364797E-05
 11  2.2084077E-05
 12  2.1776451E-05
 13  2.1443151E-05
 14  2.1085505E-05
 15  2.0704904E-05
 16  2.0302868E-05
 17  1.9880987E-05
 18  1.9440553E-05
 19  1.8980235E-05
 20  1.8503824E-05
 21  1.8012137E-05
 22  1.7505910E-05
 23  1.6985775E-05
 24  1.6452917E-05
 25  1.5909081E-05
 26  1.5356177E-05
 27  1.4796186E-05
 28  1.4231156E-05
 29  1.3663415E-05
 30  1.3094084E-05
 31  1.2527545E-05
 32  1.1966033E-05
 33  1.1411768E-05
 34  1.0866797E-05
 35  1.0333000E-05
 36  9.8120908E-06
 37  9.3056227E-06
 38  8.8149717E-06
 39  8.3413188E-06
 40  7.8856615E-06
 41  7.4491450E-06
 42  7.0318534E-06
 43  6.6337749E-06
 44  6.2548381E-06
 45  5.8948503E-06
 46  5.5535294E-06
 47  5.2304949E-06
 48  4.9252804E-06
 49  4.6373833E-06
 50  4.3662304E-06
 51  4.1111951E-06
 52  3.8722450E-06
 53  3.6479643E-06
 54  3.4375251E-06
 55  3.2400019E-06
 56  3.0544891E-06
 57  2.8800688E-06
 58  2.7158748E-06
 59  2.5611033E-06
 60  2.4150210E-06
 61  2.2770634E-06
 62  2.1466867E-06
 63  2.0236640E-06
 64  1.9072448E-06
 65  1.7971169E-06
 66  1.6930328E-06
 67  1.5947605E-06
 68  1.5020241E-06
 69  1.4145039E-06
 70  1.3318544E-06
 71  1.2537212E-06
 72  1.1797693E-06
 73  1.1096882E-06
 74  1.0432902E-06
 75  9.8019368E-07
 76  9.2018197E-07
 77  8.6306724E-07
 78  8.0870422E-07
 79  7.5702331E-07
 80  7.0799190E-07
 81  6.6157556E-07
 82  6.1772826E-07
 83  5.7637100E-07
 84  5.3735682E-07
 85  5.0080159E-07
 86  4.6691191E-07
 87  4.3579484E-07
 88  4.0743991E-07
 89  3.8167067E-07
 90  3.5797437E-07
 91  3.3558254E-07
 92  3.1336676E-07
 93  2.8953641E-07
 94  2.6181213E-07
 95  2.2893385E-07
 96  1.9401635E-07
 97  1.5748855E-07
 98  1.1035252E-07
 99  5.8037103E-08
100  2.2575715E-08
101  1.2073598E-08
# qline | MW/m^3
  1  5.1237014E-04
  2  5.1237014E-04
  3  5.1239552E-04
  4  5.1244948E-04
  5  5.1253365E-04
  6  5.1264575E-04
  7  5.1278714E-04
  8  5.1295356E-04
  9  5.1314995E-04
 10  5.1337859E-04
 11  5.1364372E-04
 12  5.1394827E-04
 13  5.1429798E-04
 14  5.1470398E-04
 15  5.1517849E-04
 16  5.1573059E-04
 17  5.1637233E-04
 18  5.1711558E-04
 19  5.1795214E-04
 20  5.1888992E-04
 21  5.1991252E-04
 22  5.2102527E-04
 23  5.2223081E-04
 24  5.2351598E-04
 25  5.2487198E-04
 26  5.2628876E-04
 27  5.2773731E-04
 28  5.2920275E-04
 29  5.3068536E-04
 30  5.3219311E-04
 31  5.3375489E-04
 32  5.3537311E-04
 33  5.3705054E-04
 34  5.3879206E-04
 35  5.4060266E-04
 36  5.4248277E-04
 37  5.4443296E-04
 38  5.4645591E-04
 39  5.4854498E-04
 40  5.5071031E-04
 41  5.5292633E-04
 42  5.5517786E-04
 43  5.5744336E-04
 44  5.5968756E-04
 45  5.6188182E-04
 46  5.6399575E-04
 47  5.6599360E-04
 48  5.6783925E-04
 49  5.6949712E-04
 50  5.7093130E-04
 51  5.7210564E-04
 52  5.7292508E-04
 53  5.7340699E-04
 54  5.7353254E-04
 55  5.7331135E-04
 56  5.7275000E-04
 57  5.7186914E-04
 58  5.7070010E-04
 59  5.6927941E-04
 60  5.6765129E-04
 61  5.6585455E-04
 62  5.6391949E-04
 63  5.6189351E-04
 64  5.5986585E-04
 65  5.5785739E-04
 66  5.5587489E-04
 67  5.5391713E-04
 68  5.5200892E-04
 69  5.5018399E-04
 70  5.4846937E-04
 71  5.4689200E-04
 72  5.4547511E-04
 73  5.4424622E-04
 74  5.4326054E-04
 75  5.4254243E-04
 76  5.4213428E-04
 77  5.4209307E-04
 78  5.4246060E-04
 79  5.4327055E-04
 80  5.4455024E-04
 81  5.4632942E-04
 82  5.4865214E-04
 83  5.5157294E-04
 84  5.5516351E-04
 85  5.5947959E-04
 86  5.6425379E-04
 87  5.6928806E-04
 88  5.7437931E-04
 89  5.7935194E-04
 90  5.8416740E-04
 91  5.8898491E-04
 92  5.9431310E-04
 93  6.0124531E-04
 94  6.1164550E-04
 95  6.2855036E-04
 96  6.5396117E-04
 97  6.9147226E-04
 98  7.2345995E-04
 99  7.1413519E-04
100  6.5059348E-04
101  6.1250859E-04
# qei | MW/m^3
  1 -2.9209400E-02
  2 -2.9209400E-02
  3 -2.9053936E-02
  4 -2.8752401E-02
  5 -2.8307593E-02
  6 -2.7722221E-02
  7 -2.6998950E-02
  8 -2.6127497E-02
  9 -2.5125868E-02
 10 -2.3995882E-02
 11 -2.2739569E-02
 12 -2.1364216E-02
 13 -1.9880990E-02
 14 -1.8295207E-02
 15 -1.6613352E-02
 16 -1.4843263E-02
 17 -1.2995024E-02
 18 -1.1078641E-02
 19 -9.1131164E-03
 20 -7.1255107E-03
 21 -5.1345168E-03
 22 -3.1620752E-03
 23 -1.2338279E-03
 24  6.2895889E-04
 25  2.4090238E-03
 26  4.0903806E-03
 27  5.6574235E-03
 28  7.0947684E-03
 29  8.3881507E-03
 30  9.5010990E-03
 31  1.0437527E-02
 32  1.1203584E-02
 33  1.1803989E-02
 34  1.2243535E-02
 35  1.2528138E-02
 36  1.2663335E-02
 37  1.2654795E-02
 38  1.2510319E-02
 39  1.2237369E-02
 40  1.1845124E-02
 41  1.1328784E-02
 42  1.0706429E-02
 43  9.9791403E-03
 44  9.1483065E-03
 45  8.2177623E-03
 46  7.1906906E-03
 47  6.0695597E-03
 48  4.8572887E-03
 49  3.5564476E-03
 50  2.1680613E-03
 51  6.9562711E-04
 52 -8.6909604E-04
 53 -2.5243304E-03
 54 -4.2698822E-03
 55 -6.0968769E-03
 56 -7.9960679E-03
 57 -9.9627855E-03
 58 -1.1995500E-02
 59 -1.4095767E-02
 60 -1.6265861E-02
 61 -1.8498936E-02
 62 -2.0793933E-02
 63 -2.3147909E-02
 64 -2.5565509E-02
 65 -2.8038933E-02
 66 -3.0550995E-02
 67 -3.3081796E-02
 68 -3.5618061E-02
 69 -3.8160910E-02
 70 -4.0720876E-02
 71 -4.3310935E-02
 72 -4.5949490E-02
 73 -4.8653611E-02
 74 -5.1449711E-02
 75 -5.4369844E-02
 76 -5.7443759E-02
 77 -6.0703510E-02
 78 -6.4179559E-02
 79 -6.7887882E-02
 80 -7.1835351E-02
 81 -7.6028779E-02
 82 -8.0473457E-02
 83 -8.5171172E-02
 84 -9.0158120E-02
 85 -9.5369827E-02
 86 -1.0057754E-01
 87 -1.0552857E-01
 88 -1.0992107E-01
 89 -1.1339761E-01
 90 -1.1557085E-01
 91 -1.1568856E-01
 92 -1.1202938E-01
 93 -1.0136311E-01
 94 -7.8989883E-02
 95 -4.0571888E-02
 96  1.3589778E-02
 97  6.9124060E-02
 98  1.0413661E-01
 99  9.7519271E-02
100  5.2887100E-02
101  1.9343353E-02
# qione | MW/m^3
  1 -2.5954064E-02
  2 -2.5954064E-02
  3 -2.5881152E-02
  4 -2.5730575E-02
  5 -2.5522454E-02
  6 -2.5274225E-02
  7 -2.5000045E-02
  8 -2.4691016E-02
  9 -2.4344959E-02
 10 -2.3960319E-02
 11 -2.3533501E-02
 12 -2.3058758E-02
 13 -2.2538986E-02
 14 -2.1976613E-02
 15 -2.1360717E-02
 16 -2.0675890E-02
 17 -1.9932344E-02
 18 -1.9160635E-02
 19 -1.8373083E-02
 20 -1.7559117E-02
 21 -1.6710358E-02
 22 -1.5829584E-02
 23 -1.4927175E-02
 24 -1.4011752E-02
 25 -1.3085120E-02
 26 -1.2146381E-02
 27 -1.1199216E-02
 28 -1.0250557E-02
 29 -9.3081904E-03
 30 -8.3575353E-03
 31 -7.4025588E-03
 32 -6.4523030E-03
 33 -5.5249891E-03
 34 -4.6326644E-03
 35 -3.7862447E-03
 36 -2.9892719E-03
 37 -2.2417783E-03
 38 -1.5491187E-03
 39 -9.1368020E-04
 40 -3.3772862E-04
 41  1.7582018E-04
 42  6.4201099E-04
 43  1.0755454E-03
 44  1.4801016E-03
 45  1.8598357E-03
 46  2.2126584E-03
 47  2.5346035E-03
 48  2.8220214E-03
 49  3.0724717E-03
 50  3.2899316E-03
 51  3.4771341E-03
 52  3.6261816E-03
 53  3.7352328E-03
 54  3.7995293E-03
 55  3.8104480E-03
 56  3.7559779E-03
 57  3.6260232E-03
 58  3.4137836E-03
 59  3.1198118E-03
 60  2.7547747E-03
 61  2.3415969E-03
 62  1.9132845E-03
 63  1.5256316E-03
 64  1.2258548E-03
 65  1.0250824E-03
 66  8.9308312E-04
 67  8.0603317E-04
 68  7.3657755E-04
 69  6.5330137E-04
 70  5.3934658E-04
 71  4.0088709E-04
 72  2.4729766E-04
 73  8.7438582E-05
 74 -7.5555143E-05
 75 -2.3873675E-04
 76 -4.0279211E-04
 77 -5.6750955E-04
 78 -7.3447331E-04
 79 -8.9871266E-04
 80 -1.0523049E-03
 81 -1.1927188E-03
 82 -1.3246950E-03
 83 -1.4590895E-03
 84 -1.6140365E-03
 85 -1.8149175E-03
 86 -2.0405708E-03
 87 -2.2834245E-03
 88 -2.5435683E-03
 89 -2.8174486E-03
 90 -3.0882112E-03
 91 -3.3365399E-03
 92 -3.5444902E-03
 93 -3.6865858E-03
 94 -3.7553360E-03
 95 -3.8124468E-03
 96 -5.3712096E-03
 97 -8.8115627E-03
 98 -1.1812780E-02
 99 -1.1295432E-02
100 -7.1559728E-03
101 -5.1187736E-03
# qioni | MW/m^3
  1 -1.3363639E-01
  2 -1.3363639E-01
  3 -1.2860989E-01
  4 -1.2289469E-01
  5 -1.1692028E-01
  6 -1.1074784E-01
  7 -1.0476370E-01
  8 -9.9981050E-02
  9 -9.6124572E-02
 10 -9.2808565E-02
 11 -8.9795529E-02
 12 -8.6883562E-02
 13 -8.3815457E-02
 14 -8.0555869E-02
 15 -7.7065920E-02
 16 -7.3332181E-02
 17 -6.9415565E-02
 18 -6.5519635E-02
 19 -6.1615443E-02
 20 -5.7662018E-02
 21 -5.3617661E-02
 22 -4.9429398E-02
 23 -4.4944059E-02
 24 -4.0192966E-02
 25 -3.5269334E-02
 26 -3.0260057E-02
 27 -2.5285096E-02
 28 -2.0512740E-02
 29 -1.6042733E-02
 30 -1.1991938E-02
 31 -8.4273824E-03
 32 -5.3172931E-03
 33 -2.6903029E-03
 34 -5.0505521E-04
 35  1.2996815E-03
 36  2.7608989E-03
 37  3.9580745E-03
 38  5.0561714E-03
 39  6.0793535E-03
 40  7.0095353E-03
 41  7.8158035E-03
 42  8.5287665E-03
 43  9.1450546E-03
 44  9.6801215E-03
 45  1.0141210E-02
 46  1.0522293E-02
 47  1.0852305E-02
 48  1.1119668E-02
 49  1.1328619E-02
 50  1.1492907E-02
 51  1.1626093E-02
 52  1.1695027E-02
 53  1.1565761E-02
 54  1.1236719E-02
 55  1.0742304E-02
 56  1.0095845E-02
 57  9.3452355E-03
 58  8.8187444E-03
 59  8.5302321E-03
 60  8.4594617E-03
 61  8.5969752E-03
 62  8.8716468E-03
 63  9.0304385E-03
 64  9.0390584E-03
 65  8.9104591E-03
 66  8.6249420E-03
 67  8.1862834E-03
 68  7.6788409E-03
 69  7.1442159E-03
 70  6.6035829E-03
 71  6.0716597E-03
 72  5.5631615E-03
 73  5.0988551E-03
 74  4.6760789E-03
 75  4.2832313E-03
 76  3.9139207E-03
 77  3.5572301E-03
 78  3.1763977E-03
 79  2.7693542E-03
 80  2.3800758E-03
 81  1.9652846E-03
 82  1.5464897E-03
 83  1.1653156E-03
 84  8.1507979E-04
 85  4.3032499E-04
 86  9.1648654E-06
 87 -4.1619411E-04
 88 -8.3098279E-04
 89 -1.2531467E-03
 90 -1.5350796E-03
 91 -1.4624820E-03
 92 -3.2575093E-04
 93  2.6065943E-03
 94  7.2799874E-03
 95  1.2675201E-02
 96  1.6220201E-02
 97  1.5993503E-02
 98  1.2166982E-02
 99  6.0516168E-03
100 -4.2117815E-04
101 -1.6530358E-02
# qpar_beam | MW/m^3
  1  2.0104016E+19
  2  2.0104016E+19
  3  2.0067039E+19
  4  2.0099996E+19
  5  2.0177383E+19
  6  2.0269872E+19
  7  2.0347737E+19
  8  2.0393918E+19
  9  2.0409947E+19
 10  2.0414250E+19
 11  2.0428492E+19
 12  2.0454897E+19
 13  2.0435840E+19
 14  2.0381358E+19
 15  2.0313828E+19
 16  2.0244504E+19
 17  2.0179623E+19
 18  2.0121156E+19
 19  2.0062958E+19
 20  2.0020147E+19
 21  2.0011259E+19
 22  2.0042824E+19
 23  2.0107814E+19
 24  2.0208843E+19
 25  2.0356480E+19
 26  2.0561900E+19
 27  2.0833955E+19
 28  2.1185942E+19
 29  2.1627431E+19
 30  2.2186952E+19
 31  2.2860621E+19
 32  2.3640693E+19
 33  2.4524779E+19
 34  2.5486415E+19
 35  2.6493054E+19
 36  2.7512386E+19
 37  2.8500431E+19
 38  2.9388141E+19
 39  3.0118177E+19
 40  3.0624357E+19
 41  3.0826954E+19
 42  3.0791325E+19
 43  3.0588216E+19
 44  3.0264470E+19
 45  2.9847926E+19
 46  2.9362169E+19
 47  2.8823323E+19
 48  2.8236013E+19
 49  2.7617487E+19
 50  2.6995137E+19
 51  2.6392705E+19
 52  2.5839653E+19
 53  2.5356429E+19
 54  2.4939478E+19
 55  2.4551697E+19
 56  2.4149289E+19
 57  2.3678539E+19
 58  2.3084386E+19
 59  2.2335877E+19
 60  2.1425843E+19
 61  2.0385069E+19
 62  1.9270124E+19
 63  1.8193336E+19
 64  1.7268923E+19
 65  1.6547222E+19
 66  1.6001266E+19
 67  1.5605348E+19
 68  1.5312792E+19
 69  1.5057789E+19
 70  1.4792537E+19
 71  1.4516302E+19
 72  1.4217595E+19
 73  1.3874586E+19
 74  1.3463439E+19
 75  1.3023412E+19
 76  1.2545319E+19
 77  1.2021800E+19
 78  1.1441065E+19
 79  1.0818788E+19
 80  1.0249572E+19
 81  9.9084353E+18
 82  9.8199258E+18
 83  9.8696734E+18
 84  1.0059783E+19
 85  1.0557676E+19
 86  1.1403082E+19
 87  1.2533890E+19
 88  1.3927297E+19
 89  1.5742639E+19
 90  1.8129902E+19
 91  2.1499870E+19
 92  2.6162940E+19
 93  3.9734315E+19
 94  6.2534949E+19
 95  8.9535834E+19
 96  1.2223922E+20
 97  1.8071174E+20
 98  2.8074830E+20
 99  4.5551990E+20
100  7.1707419E+20
101  1.0425510E+21
# qmom | MW/m^3
  1 -4.6280874E-01
  2 -4.6280874E-01
  3 -4.6899600E-01
  4 -4.7635287E-01
  5 -4.8420260E-01
  6 -4.9226297E-01
  7 -4.9991014E-01
  8 -5.0588518E-01
  9 -5.1045369E-01
 10 -5.1422380E-01
 11 -5.1777772E-01
 12 -5.2112311E-01
 13 -5.2327781E-01
 14 -5.2443829E-01
 15 -5.2481991E-01
 16 -5.2449205E-01
 17 -5.2391133E-01
 18 -5.2443482E-01
 19 -5.2625580E-01
 20 -5.2923780E-01
 21 -5.3322281E-01
 22 -5.3614414E-01
 23 -5.3083687E-01
 24 -5.1656393E-01
 25 -4.9436885E-01
 26 -4.6511440E-01
 27 -4.3131447E-01
 28 -4.0033335E-01
 29 -3.7343252E-01
 30 -3.5008901E-01
 31 -3.2984267E-01
 32 -3.1300163E-01
 33 -3.0180622E-01
 34 -2.9637105E-01
 35 -2.9618771E-01
 36 -3.0083058E-01
 37 -3.0927655E-01
 38 -3.1866159E-01
 39 -3.2827162E-01
 40 -3.3806331E-01
 41 -3.4798973E-01
 42 -3.5701897E-01
 43 -3.6107191E-01
 44 -3.5949094E-01
 45 -3.5265665E-01
 46 -3.4090556E-01
 47 -3.2569496E-01
 48 -3.1175716E-01
 49 -3.0012541E-01
 50 -2.9065986E-01
 51 -2.8322646E-01
 52 -2.7751097E-01
 53 -2.7265414E-01
 54 -2.6842926E-01
 55 -2.6482223E-01
 56 -2.6182455E-01
 57 -2.5968010E-01
 58 -2.5937331E-01
 59 -2.6106292E-01
 60 -2.6465169E-01
 61 -2.7006477E-01
 62 -2.7609097E-01
 63 -2.7821165E-01
 64 -2.7551127E-01
 65 -2.6820038E-01
 66 -2.5643939E-01
 67 -2.4156514E-01
 68 -2.2840849E-01
 69 -2.1806598E-01
 70 -2.1045043E-01
 71 -2.0547718E-01
 72 -2.0193760E-01
 73 -1.9534497E-01
 74 -1.8468055E-01
 75 -1.7006135E-01
 76 -1.5159806E-01
 77 -1.3075672E-01
 78 -1.1301223E-01
 79 -9.9642356E-02
 80 -9.0538294E-02
 81 -8.5561649E-02
 82 -8.3370050E-02
 83 -7.9010282E-02
 84 -7.1300343E-02
 85 -6.0234705E-02
 86 -4.5877105E-02
 87 -2.9038877E-02
 88 -1.2607540E-02
 89  2.7946628E-03
 90  1.7239389E-02
 91  3.0865396E-02
 92  4.3689653E-02
 93  5.5521132E-02
 94  6.6255346E-02
 95  7.5539037E-02
 96  8.3518078E-02
 97  8.9550045E-02
 98  9.3716576E-02
 99  9.8064433E-02
100  1.0360750E-01
101  1.1192561E-01
