#  *original : Sat Oct 23 08:51:15 PDT 2021                           
# *statefile : state180526Z07_2x750.cdf                               
#     *gfile : state180526Z07_2x750.geq 23Oct2021 t~ 2                
#   *cerfile : null                                                   
#      *vgen : null                                                   
#     *tgyro : null                                                   
#
# nexp
101
# nion
3
# shot
180526
# name
D C D
# type
[therm] [therm] [fast]
# masse
 5.4488741E-04
# mass
 2.0005209E+00 1.1930011E+01 2.0005209E+00
# ze
-1.0000000E+00
# z
 1.0000000E+00 6.0000000E+00 1.0000000E+00
# torfluxa | Wb/radian
 4.9614021E-01
# rcentr | m
 1.6809482E+00
# bcentr | T
 1.9839998E+00
# current | MA
-8.9111844E-01
# rho | -
  1  0.0000000E+00
  2  1.0000000E-02
  3  2.0000000E-02
  4  3.0000000E-02
  5  4.0000000E-02
  6  5.0000000E-02
  7  6.0000000E-02
  8  7.0000000E-02
  9  8.0000000E-02
 10  9.0000000E-02
 11  1.0000000E-01
 12  1.1000000E-01
 13  1.2000000E-01
 14  1.3000000E-01
 15  1.4000000E-01
 16  1.5000000E-01
 17  1.6000000E-01
 18  1.7000000E-01
 19  1.8000000E-01
 20  1.9000000E-01
 21  2.0000000E-01
 22  2.1000000E-01
 23  2.2000000E-01
 24  2.3000000E-01
 25  2.4000000E-01
 26  2.5000000E-01
 27  2.6000000E-01
 28  2.7000000E-01
 29  2.8000000E-01
 30  2.9000000E-01
 31  3.0000000E-01
 32  3.1000000E-01
 33  3.2000000E-01
 34  3.3000000E-01
 35  3.4000000E-01
 36  3.5000000E-01
 37  3.6000000E-01
 38  3.7000000E-01
 39  3.8000000E-01
 40  3.9000000E-01
 41  4.0000000E-01
 42  4.1000000E-01
 43  4.2000000E-01
 44  4.3000000E-01
 45  4.4000000E-01
 46  4.5000000E-01
 47  4.6000000E-01
 48  4.7000000E-01
 49  4.8000000E-01
 50  4.9000000E-01
 51  5.0000000E-01
 52  5.1000000E-01
 53  5.2000000E-01
 54  5.3000000E-01
 55  5.4000000E-01
 56  5.5000000E-01
 57  5.6000000E-01
 58  5.7000000E-01
 59  5.8000000E-01
 60  5.9000000E-01
 61  6.0000000E-01
 62  6.1000000E-01
 63  6.2000000E-01
 64  6.3000000E-01
 65  6.4000000E-01
 66  6.5000000E-01
 67  6.6000000E-01
 68  6.7000000E-01
 69  6.8000000E-01
 70  6.9000000E-01
 71  7.0000000E-01
 72  7.1000000E-01
 73  7.2000000E-01
 74  7.3000000E-01
 75  7.4000000E-01
 76  7.5000000E-01
 77  7.6000000E-01
 78  7.7000000E-01
 79  7.8000000E-01
 80  7.9000000E-01
 81  8.0000000E-01
 82  8.1000000E-01
 83  8.2000000E-01
 84  8.3000000E-01
 85  8.4000000E-01
 86  8.5000000E-01
 87  8.6000000E-01
 88  8.7000000E-01
 89  8.8000000E-01
 90  8.9000000E-01
 91  9.0000000E-01
 92  9.1000000E-01
 93  9.2000000E-01
 94  9.3000000E-01
 95  9.4000000E-01
 96  9.5000000E-01
 97  9.6000000E-01
 98  9.7000000E-01
 99  9.8000000E-01
100  9.9000000E-01
101  1.0000000E+00
# rmin | m
  1  0.0000000E+00
  2  6.4088079E-03
  3  1.2819914E-02
  4  1.9233320E-02
  5  2.5649024E-02
  6  3.2067027E-02
  7  3.8487329E-02
  8  4.4909929E-02
  9  5.1329729E-02
 10  5.7747869E-02
 11  6.4166969E-02
 12  7.0583924E-02
 13  7.6998122E-02
 14  8.3410132E-02
 15  8.9820267E-02
 16  9.6229029E-02
 17  1.0263747E-01
 18  1.0904472E-01
 19  1.1544879E-01
 20  1.2185368E-01
 21  1.2825894E-01
 22  1.3466503E-01
 23  1.4107052E-01
 24  1.4747204E-01
 25  1.5387275E-01
 26  1.6027409E-01
 27  1.6667597E-01
 28  1.7307068E-01
 29  1.7946084E-01
 30  1.8584908E-01
 31  1.9223517E-01
 32  1.9861754E-01
 33  2.0499317E-01
 34  2.1136315E-01
 35  2.1772956E-01
 36  2.2409206E-01
 37  2.3044715E-01
 38  2.3679171E-01
 39  2.4312628E-01
 40  2.4945248E-01
 41  2.5576279E-01
 42  2.6206204E-01
 43  2.6834738E-01
 44  2.7461729E-01
 45  2.8086936E-01
 46  2.8710365E-01
 47  2.9332155E-01
 48  2.9951999E-01
 49  3.0569768E-01
 50  3.1185946E-01
 51  3.1800268E-01
 52  3.2412701E-01
 53  3.3023375E-01
 54  3.3632190E-01
 55  3.4239198E-01
 56  3.4844395E-01
 57  3.5447326E-01
 58  3.6048330E-01
 59  3.6647669E-01
 60  3.7244467E-01
 61  3.7839606E-01
 62  3.8432458E-01
 63  3.9023522E-01
 64  3.9612380E-01
 65  4.0199556E-01
 66  4.0784710E-01
 67  4.1367719E-01
 68  4.1948750E-01
 69  4.2527769E-01
 70  4.3105172E-01
 71  4.3680288E-01
 72  4.4253242E-01
 73  4.4824370E-01
 74  4.5393591E-01
 75  4.5960622E-01
 76  4.6525624E-01
 77  4.7088681E-01
 78  4.7649580E-01
 79  4.8208272E-01
 80  4.8764971E-01
 81  4.9320033E-01
 82  4.9872488E-01
 83  5.0423032E-01
 84  5.0971147E-01
 85  5.1517429E-01
 86  5.2061570E-01
 87  5.2602979E-01
 88  5.3142092E-01
 89  5.3679404E-01
 90  5.4214098E-01
 91  5.4745958E-01
 92  5.5275858E-01
 93  5.5803155E-01
 94  5.6327252E-01
 95  5.6849635E-01
 96  5.7369830E-01
 97  5.7887758E-01
 98  5.8402244E-01
 99  5.8911011E-01
100  5.9412178E-01
101  5.9906041E-01
# polflux | Wb/radian
  1 -0.0000000E+00
  2 -1.4657723E-04
  3 -3.2105307E-04
  4 -5.5132612E-04
  5 -8.6529499E-04
  6 -1.2908583E-03
  7 -1.8481991E-03
  8 -2.5231131E-03
  9 -3.2954666E-03
 10 -4.1666249E-03
 11 -5.1416634E-03
 12 -6.2184151E-03
 13 -7.3964868E-03
 14 -8.6751907E-03
 15 -1.0053017E-02
 16 -1.1528041E-02
 17 -1.3098316E-02
 18 -1.4762240E-02
 19 -1.6518410E-02
 20 -1.8366164E-02
 21 -2.0307117E-02
 22 -2.2345517E-02
 23 -2.4486017E-02
 24 -2.6731462E-02
 25 -2.9082918E-02
 26 -3.1541060E-02
 27 -3.4106861E-02
 28 -3.6780287E-02
 29 -3.9558385E-02
 30 -4.2435948E-02
 31 -4.5408283E-02
 32 -4.8471870E-02
 33 -5.1622275E-02
 34 -5.4851963E-02
 35 -5.8150923E-02
 36 -6.1509390E-02
 37 -6.4919704E-02
 38 -6.8375534E-02
 39 -7.1870428E-02
 40 -7.5397692E-02
 41 -7.8951276E-02
 42 -8.2526183E-02
 43 -8.6118210E-02
 44 -8.9723565E-02
 45 -9.3338824E-02
 46 -9.6960790E-02
 47 -1.0058649E-01
 48 -1.0421318E-01
 49 -1.0783842E-01
 50 -1.1146000E-01
 51 -1.1507592E-01
 52 -1.1868436E-01
 53 -1.2228364E-01
 54 -1.2587192E-01
 55 -1.2944721E-01
 56 -1.3300754E-01
 57 -1.3655097E-01
 58 -1.4007544E-01
 59 -1.4357894E-01
 60 -1.4705976E-01
 61 -1.5051654E-01
 62 -1.5394806E-01
 63 -1.5735317E-01
 64 -1.6073081E-01
 65 -1.6408007E-01
 66 -1.6740012E-01
 67 -1.7069019E-01
 68 -1.7394960E-01
 69 -1.7717772E-01
 70 -1.8037384E-01
 71 -1.8353724E-01
 72 -1.8666723E-01
 73 -1.8976323E-01
 74 -1.9282468E-01
 75 -1.9585100E-01
 76 -1.9884166E-01
 77 -2.0179614E-01
 78 -2.0471384E-01
 79 -2.0759411E-01
 80 -2.1043637E-01
 81 -2.1324014E-01
 82 -2.1600491E-01
 83 -2.1872997E-01
 84 -2.2141443E-01
 85 -2.2405754E-01
 86 -2.2665879E-01
 87 -2.2921780E-01
 88 -2.3173412E-01
 89 -2.3420724E-01
 90 -2.3663659E-01
 91 -2.3902192E-01
 92 -2.4136370E-01
 93 -2.4366313E-01
 94 -2.4592144E-01
 95 -2.4813899E-01
 96 -2.5031522E-01
 97 -2.5244861E-01
 98 -2.5453378E-01
 99 -2.5656139E-01
100 -2.5852189E-01
101 -2.6041668E-01
# q | -
  1 -9.5886719E-01
  2 -9.5963897E-01
  3 -9.6050036E-01
  4 -9.6154189E-01
  5 -9.6278722E-01
  6 -9.6415330E-01
  7 -9.6538212E-01
  8 -9.6601956E-01
  9 -9.6646581E-01
 10 -9.6667859E-01
 11 -9.6731007E-01
 12 -9.6806657E-01
 13 -9.6915460E-01
 14 -9.7090094E-01
 15 -9.7359404E-01
 16 -9.7729320E-01
 17 -9.8163416E-01
 18 -9.8632066E-01
 19 -9.9122346E-01
 20 -9.9560253E-01
 21 -9.9795752E-01
 22 -9.9767047E-01
 23 -9.9561895E-01
 24 -9.9298792E-01
 25 -9.9035742E-01
 26 -9.8761742E-01
 27 -9.8475904E-01
 28 -9.8259002E-01
 29 -9.8216605E-01
 30 -9.8357403E-01
 31 -9.8617790E-01
 32 -9.8972010E-01
 33 -9.9486837E-01
 34 -1.0025540E+00
 35 -1.0130548E+00
 36 -1.0258226E+00
 37 -1.0401999E+00
 38 -1.0560634E+00
 39 -1.0735794E+00
 40 -1.0927608E+00
 41 -1.1133456E+00
 42 -1.1350942E+00
 43 -1.1578780E+00
 44 -1.1816511E+00
 45 -1.2063691E+00
 46 -1.2320238E+00
 47 -1.2585951E+00
 48 -1.2860570E+00
 49 -1.3143563E+00
 50 -1.3434838E+00
 51 -1.3734057E+00
 52 -1.4040980E+00
 53 -1.4356327E+00
 54 -1.4681412E+00
 55 -1.5016990E+00
 56 -1.5363593E+00
 57 -1.5722215E+00
 58 -1.6094010E+00
 59 -1.6479053E+00
 60 -1.6876277E+00
 61 -1.7285145E+00
 62 -1.7706208E+00
 63 -1.8139441E+00
 64 -1.8585159E+00
 65 -1.9043264E+00
 66 -1.9514101E+00
 67 -1.9997773E+00
 68 -2.0494642E+00
 69 -2.1005293E+00
 70 -2.1531146E+00
 71 -2.2072804E+00
 72 -2.2630602E+00
 73 -2.3204728E+00
 74 -2.3796303E+00
 75 -2.4406045E+00
 76 -2.5034726E+00
 77 -2.5683573E+00
 78 -2.6354499E+00
 79 -2.7048798E+00
 80 -2.7766941E+00
 81 -2.8509290E+00
 82 -2.9279029E+00
 83 -3.0080295E+00
 84 -3.0916146E+00
 85 -3.1785185E+00
 86 -3.2687889E+00
 87 -3.3625593E+00
 88 -3.4601909E+00
 89 -3.5620313E+00
 90 -3.6683401E+00
 91 -3.7785452E+00
 92 -3.8914110E+00
 93 -4.0060953E+00
 94 -4.1232934E+00
 95 -4.2452464E+00
 96 -4.3735288E+00
 97 -4.5124598E+00
 98 -4.6756116E+00
 99 -4.8715196E+00
100 -5.1013086E+00
101 -5.3135339E+00
# w0 | rad/s
  1  2.1925351E+04
  2 -4.9130703E+04
  3 -1.0151039E+05
  4 -1.1580221E+05
  5 -1.1425339E+05
  6 -1.0686489E+05
  7 -1.0086147E+05
  8 -9.9145378E+04
  9 -9.8998535E+04
 10 -9.8279197E+04
 11 -9.7222975E+04
 12 -9.6166880E+04
 13 -9.4992991E+04
 14 -9.3739301E+04
 15 -9.2445046E+04
 16 -9.1111245E+04
 17 -8.9743193E+04
 18 -8.8345584E+04
 19 -8.6905077E+04
 20 -8.5292956E+04
 21 -8.3631275E+04
 22 -8.2144421E+04
 23 -8.0605856E+04
 24 -7.8964915E+04
 25 -7.7319326E+04
 26 -7.5670940E+04
 27 -7.4107660E+04
 28 -7.2566262E+04
 29 -7.0971490E+04
 30 -6.9373589E+04
 31 -6.7823008E+04
 32 -6.6339523E+04
 33 -6.4904200E+04
 34 -6.3451700E+04
 35 -6.2007965E+04
 36 -6.0633580E+04
 37 -5.9302026E+04
 38 -5.8005530E+04
 39 -5.6735271E+04
 40 -5.5484985E+04
 41 -5.4275403E+04
 42 -5.3104909E+04
 43 -5.1965997E+04
 44 -5.0857161E+04
 45 -4.9777017E+04
 46 -4.8725160E+04
 47 -4.7699486E+04
 48 -4.6696867E+04
 49 -4.5716088E+04
 50 -4.4757211E+04
 51 -4.3818966E+04
 52 -4.2898674E+04
 53 -4.1994281E+04
 54 -4.1104017E+04
 55 -4.0225103E+04
 56 -3.9355182E+04
 57 -3.8494497E+04
 58 -3.7643490E+04
 59 -3.6799809E+04
 60 -3.5959015E+04
 61 -3.5117859E+04
 62 -3.4275495E+04
 63 -3.3431414E+04
 64 -3.2585241E+04
 65 -3.1737985E+04
 66 -3.0891872E+04
 67 -3.0048719E+04
 68 -2.9210462E+04
 69 -2.8379154E+04
 70 -2.7556929E+04
 71 -2.6745004E+04
 72 -2.5942848E+04
 73 -2.5148816E+04
 74 -2.4359811E+04
 75 -2.3571219E+04
 76 -2.2777254E+04
 77 -2.1972776E+04
 78 -2.1152887E+04
 79 -2.0313790E+04
 80 -1.9456041E+04
 81 -1.8583425E+04
 82 -1.7701750E+04
 83 -1.6818754E+04
 84 -1.5940936E+04
 85 -1.5072020E+04
 86 -1.4213626E+04
 87 -1.3364873E+04
 88 -1.2521438E+04
 89 -1.1670469E+04
 90 -1.0776774E+04
 91 -9.7587374E+03
 92 -8.4876362E+03
 93 -6.8828645E+03
 94 -5.0360083E+03
 95 -3.2093738E+03
 96 -1.7005114E+03
 97 -6.6105376E+02
 98 -2.2690556E+01
 99  3.7643771E+02
100  6.8577668E+02
101  9.8122851E+02
# rmaj | m
  1  1.7968128E+00
  2  1.7968042E+00
  3  1.7967787E+00
  4  1.7967365E+00
  5  1.7966774E+00
  6  1.7966016E+00
  7  1.7965089E+00
  8  1.7963995E+00
  9  1.7962752E+00
 10  1.7961353E+00
 11  1.7959776E+00
 12  1.7958020E+00
 13  1.7956088E+00
 14  1.7953976E+00
 15  1.7951680E+00
 16  1.7949210E+00
 17  1.7946587E+00
 18  1.7943812E+00
 19  1.7940848E+00
 20  1.7937650E+00
 21  1.7934262E+00
 22  1.7930722E+00
 23  1.7927005E+00
 24  1.7923089E+00
 25  1.7919003E+00
 26  1.7914729E+00
 27  1.7910271E+00
 28  1.7905625E+00
 29  1.7900765E+00
 30  1.7895703E+00
 31  1.7890430E+00
 32  1.7884907E+00
 33  1.7879145E+00
 34  1.7873177E+00
 35  1.7867028E+00
 36  1.7860616E+00
 37  1.7853937E+00
 38  1.7847009E+00
 39  1.7839831E+00
 40  1.7832397E+00
 41  1.7824708E+00
 42  1.7816773E+00
 43  1.7808583E+00
 44  1.7800080E+00
 45  1.7791271E+00
 46  1.7782137E+00
 47  1.7772669E+00
 48  1.7762906E+00
 49  1.7752848E+00
 50  1.7742486E+00
 51  1.7731830E+00
 52  1.7720856E+00
 53  1.7709577E+00
 54  1.7697975E+00
 55  1.7686094E+00
 56  1.7673923E+00
 57  1.7661469E+00
 58  1.7648694E+00
 59  1.7635621E+00
 60  1.7622249E+00
 61  1.7608526E+00
 62  1.7594525E+00
 63  1.7580261E+00
 64  1.7565718E+00
 65  1.7550900E+00
 66  1.7535795E+00
 67  1.7520400E+00
 68  1.7504661E+00
 69  1.7488679E+00
 70  1.7472435E+00
 71  1.7455921E+00
 72  1.7439123E+00
 73  1.7422060E+00
 74  1.7404739E+00
 75  1.7387139E+00
 76  1.7369250E+00
 77  1.7351024E+00
 78  1.7332540E+00
 79  1.7313751E+00
 80  1.7294686E+00
 81  1.7275331E+00
 82  1.7255671E+00
 83  1.7235755E+00
 84  1.7215505E+00
 85  1.7194983E+00
 86  1.7174133E+00
 87  1.7152936E+00
 88  1.7131477E+00
 89  1.7109610E+00
 90  1.7087496E+00
 91  1.7065075E+00
 92  1.7042311E+00
 93  1.7019252E+00
 94  1.6995858E+00
 95  1.6972209E+00
 96  1.6948136E+00
 97  1.6923669E+00
 98  1.6898843E+00
 99  1.6873781E+00
100  1.6848797E+00
101  1.6823575E+00
# zmag | m
  1 -5.8375580E-02
  2 -5.8393575E-02
  3 -5.8411554E-02
  4 -5.8429517E-02
  5 -5.8447464E-02
  6 -5.8465395E-02
  7 -5.8483310E-02
  8 -5.8501209E-02
  9 -5.8523102E-02
 10 -5.8548725E-02
 11 -5.8578775E-02
 12 -5.8611700E-02
 13 -5.8647803E-02
 14 -5.8687315E-02
 15 -5.8730016E-02
 16 -5.8778007E-02
 17 -5.8828356E-02
 18 -5.8881743E-02
 19 -5.8932682E-02
 20 -5.8988087E-02
 21 -5.9050949E-02
 22 -5.9121212E-02
 23 -5.9192979E-02
 24 -5.9265596E-02
 25 -5.9341163E-02
 26 -5.9419215E-02
 27 -5.9499236E-02
 28 -5.9580129E-02
 29 -5.9665714E-02
 30 -5.9756210E-02
 31 -5.9849867E-02
 32 -5.9950093E-02
 33 -6.0053636E-02
 34 -6.0158017E-02
 35 -6.0261485E-02
 36 -6.0371313E-02
 37 -6.0490909E-02
 38 -6.0615340E-02
 39 -6.0748362E-02
 40 -6.0890586E-02
 41 -6.1042505E-02
 42 -6.1200754E-02
 43 -6.1364921E-02
 44 -6.1536758E-02
 45 -6.1714319E-02
 46 -6.1902655E-02
 47 -6.2103757E-02
 48 -6.2311684E-02
 49 -6.2529613E-02
 50 -6.2757255E-02
 51 -6.2998001E-02
 52 -6.3251209E-02
 53 -6.3515902E-02
 54 -6.3796555E-02
 55 -6.4092799E-02
 56 -6.4405671E-02
 57 -6.4733180E-02
 58 -6.5076015E-02
 59 -6.5446189E-02
 60 -6.5825399E-02
 61 -6.6232087E-02
 62 -6.6654857E-02
 63 -6.7104379E-02
 64 -6.7576776E-02
 65 -6.8086229E-02
 66 -6.8608844E-02
 67 -6.9164264E-02
 68 -6.9758085E-02
 69 -7.0380385E-02
 70 -7.1030398E-02
 71 -7.1723165E-02
 72 -7.2459101E-02
 73 -7.3237365E-02
 74 -7.4064060E-02
 75 -7.4934933E-02
 76 -7.5860184E-02
 77 -7.6845937E-02
 78 -7.7901634E-02
 79 -7.9020579E-02
 80 -8.0223178E-02
 81 -8.1499023E-02
 82 -8.2869418E-02
 83 -8.4332926E-02
 84 -8.5915204E-02
 85 -8.7622670E-02
 86 -8.9471476E-02
 87 -9.1468837E-02
 88 -9.3621900E-02
 89 -9.5981556E-02
 90 -9.8558155E-02
 91 -1.0139373E-01
 92 -1.0449721E-01
 93 -1.0791731E-01
 94 -1.1170067E-01
 95 -1.1587408E-01
 96 -1.2046467E-01
 97 -1.2544252E-01
 98 -1.3105721E-01
 99 -1.3774729E-01
100 -1.4603121E-01
101 -1.5660918E-01
# kappa | -
  1  1.2962247E+00
  2  1.2957909E+00
  3  1.2953575E+00
  4  1.2949245E+00
  5  1.2944919E+00
  6  1.2940597E+00
  7  1.2936278E+00
  8  1.2931964E+00
  9  1.2928846E+00
 10  1.2926683E+00
 11  1.2924975E+00
 12  1.2923834E+00
 13  1.2923646E+00
 14  1.2924014E+00
 15  1.2924214E+00
 16  1.2924334E+00
 17  1.2924530E+00
 18  1.2924992E+00
 19  1.2925652E+00
 20  1.2925731E+00
 21  1.2925412E+00
 22  1.2925188E+00
 23  1.2925392E+00
 24  1.2926036E+00
 25  1.2926517E+00
 26  1.2926630E+00
 27  1.2926862E+00
 28  1.2927994E+00
 29  1.2929592E+00
 30  1.2931577E+00
 31  1.2933716E+00
 32  1.2936118E+00
 33  1.2939196E+00
 34  1.2942589E+00
 35  1.2945850E+00
 36  1.2949021E+00
 37  1.2952683E+00
 38  1.2957086E+00
 39  1.2962339E+00
 40  1.2968371E+00
 41  1.2975771E+00
 42  1.2984194E+00
 43  1.2993858E+00
 44  1.3004610E+00
 45  1.3016448E+00
 46  1.3029308E+00
 47  1.3043032E+00
 48  1.3057539E+00
 49  1.3072784E+00
 50  1.3088572E+00
 51  1.3105208E+00
 52  1.3122519E+00
 53  1.3140506E+00
 54  1.3159326E+00
 55  1.3178752E+00
 56  1.3198990E+00
 57  1.3220005E+00
 58  1.3241825E+00
 59  1.3264345E+00
 60  1.3287867E+00
 61  1.3311987E+00
 62  1.3337048E+00
 63  1.3362809E+00
 64  1.3389601E+00
 65  1.3416952E+00
 66  1.3445204E+00
 67  1.3474189E+00
 68  1.3504177E+00
 69  1.3534894E+00
 70  1.3566360E+00
 71  1.3598875E+00
 72  1.3632520E+00
 73  1.3666940E+00
 74  1.3702422E+00
 75  1.3739127E+00
 76  1.3777059E+00
 77  1.3815918E+00
 78  1.3856281E+00
 79  1.3898133E+00
 80  1.3941225E+00
 81  1.3985818E+00
 82  1.4032183E+00
 83  1.4080232E+00
 84  1.4130250E+00
 85  1.4182177E+00
 86  1.4236400E+00
 87  1.4293357E+00
 88  1.4352721E+00
 89  1.4414777E+00
 90  1.4480681E+00
 91  1.4550172E+00
 92  1.4623470E+00
 93  1.4701102E+00
 94  1.4783680E+00
 95  1.4871230E+00
 96  1.4963577E+00
 97  1.5059705E+00
 98  1.5164062E+00
 99  1.5284092E+00
100  1.5428070E+00
101  1.5607202E+00
# delta | -
  1  0.0000000E+00
  2 -4.6636560E-04
  3 -9.2926445E-04
  4 -1.3886965E-03
  5 -1.8446616E-03
  6 -2.2971596E-03
  7 -2.7461906E-03
  8 -3.1917544E-03
  9 -3.6336537E-03
 10 -4.0807516E-03
 11 -4.5713374E-03
 12 -5.0847401E-03
 13 -5.5954260E-03
 14 -6.1226522E-03
 15 -6.6971934E-03
 16 -7.3162738E-03
 17 -7.9130725E-03
 18 -8.4399526E-03
 19 -9.0219774E-03
 20 -9.6385862E-03
 21 -1.0253652E-02
 22 -1.0809112E-02
 23 -1.1330709E-02
 24 -1.1909270E-02
 25 -1.2490224E-02
 26 -1.3062148E-02
 27 -1.3633256E-02
 28 -1.4213567E-02
 29 -1.4846446E-02
 30 -1.5469185E-02
 31 -1.6077581E-02
 32 -1.6779382E-02
 33 -1.7498136E-02
 34 -1.8221215E-02
 35 -1.8907011E-02
 36 -1.9606347E-02
 37 -2.0354538E-02
 38 -2.1058919E-02
 39 -2.1748688E-02
 40 -2.2443171E-02
 41 -2.3156214E-02
 42 -2.3887213E-02
 43 -2.4637239E-02
 44 -2.5424124E-02
 45 -2.6227754E-02
 46 -2.7066312E-02
 47 -2.7988293E-02
 48 -2.8894029E-02
 49 -2.9820154E-02
 50 -3.0775945E-02
 51 -3.1745884E-02
 52 -3.2769965E-02
 53 -3.3796775E-02
 54 -3.4917953E-02
 55 -3.6035314E-02
 56 -3.7212127E-02
 57 -3.8430987E-02
 58 -3.9710106E-02
 59 -4.1022510E-02
 60 -4.2414816E-02
 61 -4.3822673E-02
 62 -4.5273590E-02
 63 -4.6805994E-02
 64 -4.8373058E-02
 65 -5.0005864E-02
 66 -5.1704319E-02
 67 -5.3437730E-02
 68 -5.5262568E-02
 69 -5.7130856E-02
 70 -5.9059883E-02
 71 -6.1059003E-02
 72 -6.3175678E-02
 73 -6.5308297E-02
 74 -6.7518751E-02
 75 -6.9807967E-02
 76 -7.2171282E-02
 77 -7.4577954E-02
 78 -7.7109260E-02
 79 -7.9704125E-02
 80 -8.2337292E-02
 81 -8.5090975E-02
 82 -8.7910767E-02
 83 -9.0786406E-02
 84 -9.3749231E-02
 85 -9.6773610E-02
 86 -9.9927301E-02
 87 -1.0306194E-01
 88 -1.0632277E-01
 89 -1.0962988E-01
 90 -1.1297602E-01
 91 -1.1636575E-01
 92 -1.1981355E-01
 93 -1.2323436E-01
 94 -1.2666379E-01
 95 -1.3009351E-01
 96 -1.3343575E-01
 97 -1.3674586E-01
 98 -1.4002040E-01
 99 -1.4297271E-01
100 -1.4543918E-01
101 -1.4720007E-01
# zeta | -
  1 -0.0000000E+00
  2 -7.2126257E-07
  3 -9.9169387E-06
  4 -2.7587028E-05
  5 -5.3731531E-05
  6 -8.8350448E-05
  7 -1.3144378E-04
  8 -1.8301152E-04
  9 -2.1920717E-04
 10 -2.6218088E-04
 11 -3.9698509E-04
 12 -5.2672359E-04
 13 -7.0249054E-04
 14 -9.2762701E-04
 15 -1.1330860E-03
 16 -1.3435392E-03
 17 -1.6265548E-03
 18 -1.9696836E-03
 19 -2.2913107E-03
 20 -2.6047019E-03
 21 -2.9100278E-03
 22 -3.2935936E-03
 23 -3.7597321E-03
 24 -4.2096131E-03
 25 -4.6330184E-03
 26 -5.0375275E-03
 27 -5.4856942E-03
 28 -5.9191062E-03
 29 -6.3453744E-03
 30 -6.8128723E-03
 31 -7.2881595E-03
 32 -7.7621740E-03
 33 -8.2500101E-03
 34 -8.7342535E-03
 35 -9.2009340E-03
 36 -9.6592267E-03
 37 -1.0144614E-02
 38 -1.0656859E-02
 39 -1.1232616E-02
 40 -1.1897781E-02
 41 -1.2629991E-02
 42 -1.3462952E-02
 43 -1.4399143E-02
 44 -1.5404197E-02
 45 -1.6454370E-02
 46 -1.7550644E-02
 47 -1.8691923E-02
 48 -1.9836927E-02
 49 -2.0966947E-02
 50 -2.2122456E-02
 51 -2.3317777E-02
 52 -2.4531068E-02
 53 -2.5783901E-02
 54 -2.7088283E-02
 55 -2.8424822E-02
 56 -2.9819692E-02
 57 -3.1226397E-02
 58 -3.2686705E-02
 59 -3.4215395E-02
 60 -3.5773041E-02
 61 -3.7391365E-02
 62 -3.9053759E-02
 63 -4.0776347E-02
 64 -4.2566961E-02
 65 -4.4410257E-02
 66 -4.6321667E-02
 67 -4.8268426E-02
 68 -5.0300569E-02
 69 -5.2374333E-02
 70 -5.4528632E-02
 71 -5.6741291E-02
 72 -5.9032188E-02
 73 -6.1381171E-02
 74 -6.3818893E-02
 75 -6.6342301E-02
 76 -6.8961120E-02
 77 -7.1635851E-02
 78 -7.4426968E-02
 79 -7.7323638E-02
 80 -8.0298327E-02
 81 -8.3410072E-02
 82 -8.6613427E-02
 83 -8.9942906E-02
 84 -9.3383792E-02
 85 -9.6966868E-02
 86 -1.0070940E-01
 87 -1.0460996E-01
 88 -1.0865492E-01
 89 -1.1287127E-01
 90 -1.1734064E-01
 91 -1.2199360E-01
 92 -1.2688801E-01
 93 -1.3202128E-01
 94 -1.3738630E-01
 95 -1.4304430E-01
 96 -1.4891244E-01
 97 -1.5485940E-01
 98 -1.6119294E-01
 99 -1.6835678E-01
100 -1.7681522E-01
101 -1.8725706E-01
# shape_cos0 | -
  1 -4.9272233E-02
  2 -4.9261581E-02
  3 -4.9230289E-02
  4 -4.9178356E-02
  5 -4.9105781E-02
  6 -4.9012567E-02
  7 -4.8898711E-02
  8 -4.8764215E-02
  9 -4.8653703E-02
 10 -4.8571544E-02
 11 -4.8556973E-02
 12 -4.8538594E-02
 13 -4.8532150E-02
 14 -4.8530302E-02
 15 -4.8534276E-02
 16 -4.8534800E-02
 17 -4.8522039E-02
 18 -4.8508854E-02
 19 -4.8497632E-02
 20 -4.8470948E-02
 21 -4.8459289E-02
 22 -4.8447607E-02
 23 -4.8412870E-02
 24 -4.8366786E-02
 25 -4.8363647E-02
 26 -4.8329156E-02
 27 -4.8332252E-02
 28 -4.8326704E-02
 29 -4.8319723E-02
 30 -4.8345945E-02
 31 -4.8391519E-02
 32 -4.8428915E-02
 33 -4.8475403E-02
 34 -4.8526615E-02
 35 -4.8570188E-02
 36 -4.8625083E-02
 37 -4.8702424E-02
 38 -4.8768011E-02
 39 -4.8841263E-02
 40 -4.8941653E-02
 41 -4.9011302E-02
 42 -4.9129972E-02
 43 -4.9268774E-02
 44 -4.9404427E-02
 45 -4.9570064E-02
 46 -4.9736697E-02
 47 -4.9945876E-02
 48 -5.0169592E-02
 49 -5.0402143E-02
 50 -5.0668281E-02
 51 -5.0943320E-02
 52 -5.1225769E-02
 53 -5.1529252E-02
 54 -5.1838948E-02
 55 -5.2161152E-02
 56 -5.2506190E-02
 57 -5.2870249E-02
 58 -5.3242595E-02
 59 -5.3624364E-02
 60 -5.4044656E-02
 61 -5.4477066E-02
 62 -5.4921881E-02
 63 -5.5371130E-02
 64 -5.5881194E-02
 65 -5.6353357E-02
 66 -5.6880402E-02
 67 -5.7410139E-02
 68 -5.7970088E-02
 69 -5.8549288E-02
 70 -5.9155725E-02
 71 -5.9766760E-02
 72 -6.0394070E-02
 73 -6.1057040E-02
 74 -6.1749583E-02
 75 -6.2469068E-02
 76 -6.3212271E-02
 77 -6.3979223E-02
 78 -6.4767216E-02
 79 -6.5608664E-02
 80 -6.6478000E-02
 81 -6.7390997E-02
 82 -6.8315797E-02
 83 -6.9303382E-02
 84 -7.0327625E-02
 85 -7.1387168E-02
 86 -7.2492241E-02
 87 -7.3650484E-02
 88 -7.4850237E-02
 89 -7.6124511E-02
 90 -7.7447156E-02
 91 -7.8810507E-02
 92 -8.0231949E-02
 93 -8.1713308E-02
 94 -8.3253182E-02
 95 -8.4826766E-02
 96 -8.6441196E-02
 97 -8.8073412E-02
 98 -8.9705593E-02
 99 -9.1501987E-02
100 -9.3422909E-02
101 -9.5514235E-02
# shape_cos1 | -
  1  0.0000000E+00
  2 -3.8245607E-04
  3 -7.5154657E-04
  4 -1.1072715E-03
  5 -1.4496308E-03
  6 -1.7786245E-03
  7 -2.0942527E-03
  8 -2.3965153E-03
  9 -2.7112359E-03
 10 -3.0410446E-03
 11 -3.4090906E-03
 12 -3.7797981E-03
 13 -4.1615345E-03
 14 -4.5682516E-03
 15 -4.9713806E-03
 16 -5.4187584E-03
 17 -5.8482362E-03
 18 -6.3132615E-03
 19 -6.6714884E-03
 20 -7.0615637E-03
 21 -7.4795377E-03
 22 -7.9372719E-03
 23 -8.3649990E-03
 24 -8.7596235E-03
 25 -9.1501799E-03
 26 -9.5463376E-03
 27 -9.9002985E-03
 28 -1.0250273E-02
 29 -1.0607168E-02
 30 -1.0980042E-02
 31 -1.1354759E-02
 32 -1.1731214E-02
 33 -1.2108484E-02
 34 -1.2474747E-02
 35 -1.2809874E-02
 36 -1.3188645E-02
 37 -1.3603775E-02
 38 -1.4034015E-02
 39 -1.4506602E-02
 40 -1.5011618E-02
 41 -1.5560810E-02
 42 -1.6113818E-02
 43 -1.6658742E-02
 44 -1.7198389E-02
 45 -1.7722363E-02
 46 -1.8286159E-02
 47 -1.8869996E-02
 48 -1.9448278E-02
 49 -2.0037663E-02
 50 -2.0637958E-02
 51 -2.1264462E-02
 52 -2.1915813E-02
 53 -2.2577161E-02
 54 -2.3297325E-02
 55 -2.4023854E-02
 56 -2.4809331E-02
 57 -2.5608267E-02
 58 -2.6440424E-02
 59 -2.7341373E-02
 60 -2.8246226E-02
 61 -2.9207688E-02
 62 -3.0206017E-02
 63 -3.1267292E-02
 64 -3.2350996E-02
 65 -3.3530252E-02
 66 -3.4704640E-02
 67 -3.5944372E-02
 68 -3.7271624E-02
 69 -3.8658395E-02
 70 -4.0069392E-02
 71 -4.1560604E-02
 72 -4.3149579E-02
 73 -4.4801648E-02
 74 -4.6543183E-02
 75 -4.8352748E-02
 76 -5.0256586E-02
 77 -5.2285945E-02
 78 -5.4421741E-02
 79 -5.6654285E-02
 80 -5.9065647E-02
 81 -6.1572669E-02
 82 -6.4230610E-02
 83 -6.7046587E-02
 84 -7.0074179E-02
 85 -7.3307717E-02
 86 -7.6760732E-02
 87 -8.0474637E-02
 88 -8.4380904E-02
 89 -8.8670703E-02
 90 -9.3284685E-02
 91 -9.8310513E-02
 92 -1.0373834E-01
 93 -1.0963123E-01
 94 -1.1609781E-01
 95 -1.2314804E-01
 96 -1.3079621E-01
 97 -1.3895077E-01
 98 -1.4803537E-01
 99 -1.5884263E-01
100 -1.7214296E-01
101 -1.8908660E-01
# shape_cos2 | -
  1  0.0000000E+00
  2 -3.2723633E-06
  3 -2.2355168E-06
  4  3.1105395E-06
  5  1.2765805E-05
  6  2.6730281E-05
  7  4.5003967E-05
  8  6.7586862E-05
  9  7.7870169E-05
 10  8.3712448E-05
 11  1.1157813E-04
 12  1.2756953E-04
 13  1.2184982E-04
 14  1.1602671E-04
 15  1.6499397E-04
 16  2.1227259E-04
 17  2.6810461E-04
 18  3.1987105E-04
 19  4.1704815E-04
 20  5.2268460E-04
 21  6.5085710E-04
 22  7.8522984E-04
 23  9.2570083E-04
 24  1.0627916E-03
 25  1.1897272E-03
 26  1.3090446E-03
 27  1.4395549E-03
 28  1.5700207E-03
 29  1.7003660E-03
 30  1.8366733E-03
 31  1.9881946E-03
 32  2.1174762E-03
 33  2.2754196E-03
 34  2.4591907E-03
 35  2.6376711E-03
 36  2.8643517E-03
 37  3.0927304E-03
 38  3.3237055E-03
 39  3.5676664E-03
 40  3.8772001E-03
 41  4.1096631E-03
 42  4.3859345E-03
 43  4.7067646E-03
 44  5.0260535E-03
 45  5.3816768E-03
 46  5.7599648E-03
 47  6.1443839E-03
 48  6.5858211E-03
 49  7.0294653E-03
 50  7.5669320E-03
 51  8.0754906E-03
 52  8.6080902E-03
 53  9.1807580E-03
 54  9.7509187E-03
 55  1.0382079E-02
 56  1.1033048E-02
 57  1.1765590E-02
 58  1.2488888E-02
 59  1.3179256E-02
 60  1.3978353E-02
 61  1.4842039E-02
 62  1.5699513E-02
 63  1.6585775E-02
 64  1.7575862E-02
 65  1.8575502E-02
 66  1.9610371E-02
 67  2.0679832E-02
 68  2.1849462E-02
 69  2.3035130E-02
 70  2.4320298E-02
 71  2.5611086E-02
 72  2.6946810E-02
 73  2.8339222E-02
 74  2.9824993E-02
 75  3.1374397E-02
 76  3.2992607E-02
 77  3.4693532E-02
 78  3.6441168E-02
 79  3.8300868E-02
 80  4.0231723E-02
 81  4.2262617E-02
 82  4.4300404E-02
 83  4.6574372E-02
 84  4.8853402E-02
 85  5.1243559E-02
 86  5.3764746E-02
 87  5.6403776E-02
 88  5.9160342E-02
 89  6.2101578E-02
 90  6.5096192E-02
 91  6.8262694E-02
 92  7.1567486E-02
 93  7.5048717E-02
 94  7.8635808E-02
 95  8.2428289E-02
 96  8.6287421E-02
 97  9.0275614E-02
 98  9.4370062E-02
 99  9.8878363E-02
100  1.0373397E-01
101  1.0916472E-01
# shape_cos3 | -
  1  0.0000000E+00
  2  2.5298138E-05
  3  4.3267603E-05
  4  5.3908397E-05
  5  5.7220518E-05
  6  5.3203967E-05
  7  4.1858745E-05
  8  2.3184850E-05
  9  3.0554208E-06
 10 -1.1832585E-05
 11  1.0194135E-05
 12  1.6384363E-05
 13  7.5400683E-06
 14 -1.1764462E-05
 15 -1.6586507E-05
 16 -4.8610562E-06
 17 -1.7893162E-05
 18 -6.6310301E-05
 19 -1.2958054E-04
 20 -1.7094077E-04
 21 -1.7026893E-04
 22 -1.5079142E-04
 23 -1.5732584E-04
 24 -1.8009542E-04
 25 -2.0072574E-04
 26 -2.4793038E-04
 27 -2.7585548E-04
 28 -3.2710068E-04
 29 -3.5410069E-04
 30 -3.7822398E-04
 31 -4.2005111E-04
 32 -4.2609106E-04
 33 -4.4612558E-04
 34 -4.9381942E-04
 35 -5.7063188E-04
 36 -6.4953342E-04
 37 -6.9060321E-04
 38 -7.4633903E-04
 39 -7.9883635E-04
 40 -8.4150636E-04
 41 -8.8816162E-04
 42 -9.4201791E-04
 43 -9.9964201E-04
 44 -1.0496500E-03
 45 -1.1078634E-03
 46 -1.1769940E-03
 47 -1.2223145E-03
 48 -1.2846634E-03
 49 -1.3489699E-03
 50 -1.4198162E-03
 51 -1.4833437E-03
 52 -1.5469513E-03
 53 -1.6097713E-03
 54 -1.6836782E-03
 55 -1.7266482E-03
 56 -1.7872597E-03
 57 -1.8410618E-03
 58 -1.9081213E-03
 59 -1.9392903E-03
 60 -2.0200237E-03
 61 -2.0636782E-03
 62 -2.1440597E-03
 63 -2.2145154E-03
 64 -2.2701324E-03
 65 -2.2918225E-03
 66 -2.3557025E-03
 67 -2.4002266E-03
 68 -2.4208561E-03
 69 -2.4662054E-03
 70 -2.5160965E-03
 71 -2.5379504E-03
 72 -2.5605870E-03
 73 -2.5677202E-03
 74 -2.5649321E-03
 75 -2.5684852E-03
 76 -2.5608270E-03
 77 -2.5503024E-03
 78 -2.4928328E-03
 79 -2.4346043E-03
 80 -2.3676914E-03
 81 -2.2953326E-03
 82 -2.1806853E-03
 83 -2.0763737E-03
 84 -1.9367188E-03
 85 -1.7722372E-03
 86 -1.5633996E-03
 87 -1.3643469E-03
 88 -1.1272425E-03
 89 -8.7061357E-04
 90 -5.8169308E-04
 91 -2.3266425E-04
 92  1.2272603E-04
 93  5.2772111E-04
 94  9.6227693E-04
 95  1.4009933E-03
 96  1.8617959E-03
 97  2.2395315E-03
 98  2.7030683E-03
 99  3.4280816E-03
100  4.4925321E-03
101  6.0229199E-03
# shape_sin3 | -
  1  0.0000000E+00
  2 -3.2310618E-06
  3 -6.7152711E-06
  4 -1.0452628E-05
  5 -1.4443132E-05
  6 -1.8686785E-05
  7 -2.3183584E-05
  8 -2.7933531E-05
  9 -1.6066378E-05
 10  3.3435064E-06
 11 -1.3138272E-06
 12  1.4596759E-06
 13  2.1834731E-05
 14  5.0255806E-05
 15  7.6028780E-05
 16  1.1298173E-04
 17  1.7935243E-04
 18  2.1086840E-04
 19  2.5393461E-04
 20  2.1143691E-04
 21  2.2020448E-04
 22  2.7292963E-04
 23  2.6754429E-04
 24  2.5745855E-04
 25  2.8644802E-04
 26  3.2494068E-04
 27  4.0433573E-04
 28  5.0285478E-04
 29  6.1613643E-04
 30  7.2968470E-04
 31  8.4289119E-04
 32  9.7938648E-04
 33  1.0636098E-03
 34  1.1354941E-03
 35  1.2275882E-03
 36  1.2870749E-03
 37  1.3800674E-03
 38  1.4491267E-03
 39  1.5155125E-03
 40  1.5799029E-03
 41  1.6510021E-03
 42  1.7502698E-03
 43  1.8956918E-03
 44  2.0561033E-03
 45  2.2441714E-03
 46  2.4503621E-03
 47  2.6983905E-03
 48  2.9275841E-03
 49  3.1564862E-03
 50  3.3785830E-03
 51  3.5863039E-03
 52  3.8025795E-03
 53  3.9906385E-03
 54  4.2099576E-03
 55  4.4120129E-03
 56  4.6209716E-03
 57  4.8336778E-03
 58  5.0341531E-03
 59  5.2393211E-03
 60  5.4957604E-03
 61  5.6794667E-03
 62  5.8606518E-03
 63  6.0832009E-03
 64  6.2809646E-03
 65  6.4998115E-03
 66  6.7241858E-03
 67  6.9296712E-03
 68  7.1179063E-03
 69  7.3097039E-03
 70  7.5034297E-03
 71  7.6916257E-03
 72  7.9094048E-03
 73  8.0769799E-03
 74  8.2644605E-03
 75  8.4531348E-03
 76  8.6347343E-03
 77  8.7452917E-03
 78  8.9276842E-03
 79  9.0790158E-03
 80  9.1936079E-03
 81  9.3389542E-03
 82  9.4410356E-03
 83  9.5427412E-03
 84  9.6133633E-03
 85  9.6967105E-03
 86  9.8278064E-03
 87  9.8352468E-03
 88  9.9316009E-03
 89  9.9475016E-03
 90  9.9650349E-03
 91  9.9918431E-03
 92  1.0024693E-02
 93  1.0028970E-02
 94  1.0015157E-02
 95  1.0074908E-02
 96  1.0028771E-02
 97  9.9856137E-03
 98  9.9987464E-03
 99  9.9181553E-03
100  9.9490129E-03
101  1.0041019E-02
# ne | 10^19/m^3
  1  5.4994147E+00
  2  5.4987239E+00
  3  5.4976898E+00
  4  5.4959683E+00
  5  5.4935622E+00
  6  5.4904786E+00
  7  5.4866993E+00
  8  5.4822584E+00
  9  5.4772361E+00
 10  5.4716839E+00
 11  5.4656621E+00
 12  5.4592463E+00
 13  5.4525258E+00
 14  5.4455871E+00
 15  5.4384910E+00
 16  5.4312741E+00
 17  5.4239605E+00
 18  5.4165691E+00
 19  5.4091235E+00
 20  5.4016474E+00
 21  5.3941153E+00
 22  5.3864359E+00
 23  5.3784915E+00
 24  5.3701513E+00
 25  5.3612357E+00
 26  5.3514795E+00
 27  5.3406039E+00
 28  5.3283748E+00
 29  5.3144581E+00
 30  5.2985904E+00
 31  5.2806010E+00
 32  5.2602241E+00
 33  5.2371864E+00
 34  5.2112103E+00
 35  5.1820674E+00
 36  5.1496603E+00
 37  5.1140211E+00
 38  5.0752385E+00
 39  5.0334229E+00
 40  4.9885607E+00
 41  4.9408199E+00
 42  4.8905332E+00
 43  4.8378772E+00
 44  4.7830369E+00
 45  4.7262101E+00
 46  4.6676067E+00
 47  4.6074786E+00
 48  4.5461591E+00
 49  4.4840493E+00
 50  4.4215845E+00
 51  4.3592724E+00
 52  4.2976291E+00
 53  4.2369744E+00
 54  4.1774010E+00
 55  4.1189218E+00
 56  4.0615512E+00
 57  4.0052946E+00
 58  3.9501279E+00
 59  3.8959981E+00
 60  3.8428377E+00
 61  3.7905646E+00
 62  3.7391621E+00
 63  3.6886287E+00
 64  3.6389465E+00
 65  3.5901383E+00
 66  3.5422189E+00
 67  3.4951973E+00
 68  3.4490778E+00
 69  3.4038712E+00
 70  3.3596283E+00
 71  3.3164418E+00
 72  3.2744077E+00
 73  3.2336828E+00
 74  3.1943341E+00
 75  3.1563114E+00
 76  3.1195979E+00
 77  3.0841583E+00
 78  3.0499327E+00
 79  3.0168257E+00
 80  2.9847091E+00
 81  2.9534167E+00
 82  2.9227454E+00
 83  2.8925009E+00
 84  2.8623722E+00
 85  2.8318643E+00
 86  2.8004708E+00
 87  2.7676435E+00
 88  2.7326162E+00
 89  2.6945376E+00
 90  2.6521625E+00
 91  2.6030604E+00
 92  2.5442383E+00
 93  2.4749864E+00
 94  2.4000126E+00
 95  2.3257459E+00
 96  2.2458033E+00
 97  2.1525845E+00
 98  2.0468801E+00
 99  1.9253425E+00
100  1.8247583E+00
101  1.7545110E+00
# ni | 10^19/m^3
  1  4.4758403E+00  6.2647267E-02  6.5028825E-01
  2  4.4699708E+00  6.2644626E-02  6.5548295E-01
  3  4.4634162E+00  6.2640605E-02  6.6137704E-01
  4  4.4557505E+00  6.2633554E-02  6.6745580E-01
  5  4.4473057E+00  6.2623586E-02  6.7357418E-01
  6  4.4382061E+00  6.2610996E-02  6.7963842E-01
  7  4.4285026E+00  6.2595582E-02  6.8560796E-01
  8  4.4182945E+00  6.2577881E-02  6.9138519E-01
  9  4.4076655E+00  6.2558495E-02  6.9705406E-01
 10  4.3965141E+00  6.2537796E-02  7.0283181E-01
 11  4.3855804E+00  6.2516428E-02  7.0713386E-01
 12  4.3785864E+00  6.2495217E-02  7.0424278E-01
 13  4.3782863E+00  6.2475366E-02  6.9453149E-01
 14  4.3839027E+00  6.2457806E-02  6.7934372E-01
 15  4.3944067E+00  6.2443011E-02  6.5950936E-01
 16  4.4085132E+00  6.2431169E-02  6.3683927E-01
 17  4.4231007E+00  6.2422698E-02  6.1580794E-01
 18  4.4355887E+00  6.2417986E-02  5.9713682E-01
 19  4.4458624E+00  6.2417102E-02  5.8037940E-01
 20  4.4543716E+00  6.2420143E-02  5.6513086E-01
 21  4.4613964E+00  6.2426821E-02  5.5118607E-01
 22  4.4669866E+00  6.2435734E-02  5.3848251E-01
 23  4.4711322E+00  6.2445318E-02  5.2689082E-01
 24  4.4738470E+00  6.2454454E-02  5.1626402E-01
 25  4.4751011E+00  6.2460840E-02  5.0647483E-01
 26  4.4747934E+00  6.2460870E-02  4.9736654E-01
 27  4.4728945E+00  6.2451393E-02  4.8863575E-01
 28  4.4693866E+00  6.2429396E-02  4.8018825E-01
 29  4.4640218E+00  6.2390668E-02  4.7199609E-01
 30  4.4565795E+00  6.2332505E-02  4.6403529E-01
 31  4.4470240E+00  6.2252387E-02  4.5608980E-01
 32  4.4355975E+00  6.2146484E-02  4.4740536E-01
 33  4.4224808E+00  6.2011687E-02  4.3786574E-01
 34  4.4074340E+00  6.1844337E-02  4.2755514E-01
 35  4.3901706E+00  6.1640786E-02  4.1654901E-01
 36  4.3705905E+00  6.1399535E-02  4.0479641E-01
 37  4.3489333E+00  6.1121069E-02  3.9192630E-01
 38  4.3254812E+00  6.0805907E-02  3.7791659E-01
 39  4.3003114E+00  6.0454861E-02  3.6284836E-01
 40  4.2733341E+00  6.0067596E-02  3.4679341E-01
 41  4.2444964E+00  5.9645709E-02  3.3010402E-01
 42  4.2133509E+00  5.9192642E-02  3.1394994E-01
 43  4.1793594E+00  5.8709913E-02  2.9856783E-01
 44  4.1426082E+00  5.8199625E-02  2.8389386E-01
 45  4.1033452E+00  5.7663917E-02  2.6986939E-01
 46  4.0617963E+00  5.7104676E-02  2.5649590E-01
 47  4.0181263E+00  5.6524678E-02  2.4391254E-01
 48  3.9725795E+00  5.5927679E-02  2.3211401E-01
 49  3.9255546E+00  5.5318206E-02  2.2105658E-01
 50  3.8774983E+00  5.4701318E-02  2.1069988E-01
 51  3.8289436E+00  5.4083017E-02  2.0096111E-01
 52  3.7805103E+00  5.3469623E-02  1.9164091E-01
 53  3.7326266E+00  5.2865004E-02  1.8267375E-01
 54  3.6854232E+00  5.2270255E-02  1.7403822E-01
 55  3.6389326E+00  5.1685504E-02  1.6571378E-01
 56  3.5931723E+00  5.1110905E-02  1.5771255E-01
 57  3.5480906E+00  5.0546621E-02  1.5013598E-01
 58  3.5036094E+00  4.9992480E-02  1.4299143E-01
 59  3.4596904E+00  4.9447802E-02  1.3624957E-01
 60  3.4163021E+00  4.8911492E-02  1.2988309E-01
 61  3.3734141E+00  4.8382008E-02  1.2383378E-01
 62  3.3311245E+00  4.7859387E-02  1.1792864E-01
 63  3.2895401E+00  4.7343998E-02  1.1212054E-01
 64  3.2486706E+00  4.6835505E-02  1.0640576E-01
 65  3.2085406E+00  4.6334118E-02  1.0078088E-01
 66  3.1691623E+00  4.5840139E-02  9.5250203E-02
 67  3.1305241E+00  4.5353939E-02  8.9848289E-02
 68  3.0926111E+00  4.4875531E-02  8.4578808E-02
 69  3.0554322E+00  4.4405081E-02  7.9438664E-02
 70  3.0190379E+00  4.3943170E-02  7.4424900E-02
 71  2.9835144E+00  4.3491106E-02  6.9537233E-02
 72  2.9489413E+00  4.3050300E-02  6.4791799E-02
 73  2.9154578E+00  4.2622542E-02  6.0188109E-02
 74  2.8831280E+00  4.2208708E-02  5.5719565E-02
 75  2.8519101E+00  4.1808529E-02  5.1380364E-02
 76  2.8217949E+00  4.1421717E-02  4.7164724E-02
 77  2.7927574E+00  4.1047675E-02  4.3065142E-02
 78  2.7647470E+00  4.0685820E-02  3.9076574E-02
 79  2.7376800E+00  4.0335060E-02  3.5194228E-02
 80  2.7114421E+00  3.9993856E-02  3.1413780E-02
 81  2.6858715E+00  3.9660101E-02  2.7756109E-02
 82  2.6607239E+00  3.9331191E-02  2.4313205E-02
 83  2.6357654E+00  3.9004602E-02  2.1102809E-02
 84  2.6107041E+00  3.8676273E-02  1.8118275E-02
 85  2.5850889E+00  3.8339935E-02  1.5353323E-02
 86  2.5584495E+00  3.7989437E-02  1.2816315E-02
 87  2.5302468E+00  3.7618344E-02  1.0557193E-02
 88  2.4997400E+00  3.7217654E-02  8.5837879E-03
 89  2.4661312E+00  3.6778264E-02  6.8901846E-03
 90  2.4282498E+00  3.6288720E-02  5.4703078E-03
 91  2.3838111E+00  3.5727306E-02  4.3001021E-03
 92  2.3299981E+00  3.5073027E-02  3.3034391E-03
 93  2.2660395E+00  3.4344211E-02  2.4593321E-03
 94  2.1960963E+00  3.3634026E-02  1.7647198E-03
 95  2.1260089E+00  3.3041102E-02  1.2163725E-03
 96  2.0503252E+00  3.2410745E-02  8.1085820E-04
 97  1.9627510E+00  3.1525891E-02  5.4504909E-04
 98  1.8644040E+00  3.0332533E-02  4.1690825E-04
 99  1.7522528E+00  2.8778171E-02  4.2443224E-04
100  1.6597587E+00  2.7417317E-02  5.6681924E-04
101  1.5951997E+00  2.6445514E-02  5.6681924E-04
# te | keV
  1  4.1128454E+00
  2  4.1105056E+00
  3  4.1069965E+00
  4  4.1011516E+00
  5  4.0929810E+00
  6  4.0824958E+00
  7  4.0695781E+00
  8  4.0542429E+00
  9  4.0366365E+00
 10  4.0167759E+00
 11  3.9946722E+00
 12  3.9703362E+00
 13  3.9437780E+00
 14  3.9150054E+00
 15  3.8840323E+00
 16  3.8508792E+00
 17  3.8155640E+00
 18  3.7779905E+00
 19  3.7381811E+00
 20  3.6962738E+00
 21  3.6523058E+00
 22  3.6063349E+00
 23  3.5584319E+00
 24  3.5086722E+00
 25  3.4571422E+00
 26  3.4039458E+00
 27  3.3491787E+00
 28  3.2929144E+00
 29  3.2351535E+00
 30  3.1759884E+00
 31  3.1155912E+00
 32  3.0540631E+00
 33  2.9915128E+00
 34  2.9280579E+00
 35  2.8638281E+00
 36  2.7989647E+00
 37  2.7336232E+00
 38  2.6679711E+00
 39  2.6021808E+00
 40  2.5364512E+00
 41  2.4709884E+00
 42  2.4059777E+00
 43  2.3416027E+00
 44  2.2780455E+00
 45  2.2154824E+00
 46  2.1540854E+00
 47  2.0939975E+00
 48  2.0352819E+00
 49  1.9779252E+00
 50  1.9218840E+00
 51  1.8671707E+00
 52  1.8137230E+00
 53  1.7614300E+00
 54  1.7102865E+00
 55  1.6602983E+00
 56  1.6114666E+00
 57  1.5637992E+00
 58  1.5173160E+00
 59  1.4720467E+00
 60  1.4280293E+00
 61  1.3853089E+00
 62  1.3439850E+00
 63  1.3040343E+00
 64  1.2653365E+00
 65  1.2278452E+00
 66  1.1915090E+00
 67  1.1562717E+00
 68  1.1220700E+00
 69  1.0888339E+00
 70  1.0564920E+00
 71  1.0249723E+00
 72  9.9420451E-01
 73  9.6414278E-01
 74  9.3469945E-01
 75  9.0579585E-01
 76  8.7745939E-01
 77  8.4975648E-01
 78  8.2275606E-01
 79  7.9651138E-01
 80  7.7104604E-01
 81  7.4635906E-01
 82  7.2243786E-01
 83  6.9929157E-01
 84  6.7697347E-01
 85  6.5542722E-01
 86  6.3446364E-01
 87  6.1383203E-01
 88  5.9313932E-01
 89  5.7189146E-01
 90  5.4934983E-01
 91  5.2420469E-01
 92  4.9496906E-01
 93  4.6170509E-01
 94  4.2827650E-01
 95  3.9819461E-01
 96  3.6486215E-01
 97  3.1572636E-01
 98  2.5200940E-01
 99  1.8724350E-01
100  1.4193715E-01
101  1.1325223E-01
# ti | keV
  1  4.2580019E+00  4.4823091E+00  2.9560599E+01
  2  4.2534731E+00  4.4788037E+00  2.9575733E+01
  3  4.2466884E+00  4.4729565E+00  2.9524841E+01
  4  4.2354069E+00  4.4623794E+00  2.9418878E+01
  5  4.2196667E+00  4.4470368E+00  2.9268796E+01
  6  4.1995212E+00  4.4269001E+00  2.9085553E+01
  7  4.1748024E+00  4.4015524E+00  2.8880109E+01
  8  4.1456027E+00  4.3709795E+00  2.8663425E+01
  9  4.1122635E+00  4.3356650E+00  2.8446397E+01
 10  4.0749044E+00  4.2958733E+00  2.8239749E+01
 11  4.0336740E+00  4.2544772E+00  2.8054145E+01
 12  3.9887402E+00  4.2072478E+00  2.7900251E+01
 13  3.9402879E+00  4.1515346E+00  2.7788736E+01
 14  3.8885193E+00  4.0914627E+00  2.7726082E+01
 15  3.8336527E+00  4.0273875E+00  2.7702107E+01
 16  3.7759208E+00  3.9599816E+00  2.7702452E+01
 17  3.7155686E+00  3.8894184E+00  2.7712751E+01
 18  3.6527448E+00  3.8158511E+00  2.7718628E+01
 19  3.5877529E+00  3.7398190E+00  2.7707949E+01
 20  3.5210420E+00  3.6619338E+00  2.7677371E+01
 21  3.4529584E+00  3.5828908E+00  2.7625779E+01
 22  3.3838549E+00  3.5042679E+00  2.7552055E+01
 23  3.3140882E+00  3.4272993E+00  2.7455070E+01
 24  3.2440225E+00  3.3521894E+00  2.7334127E+01
 25  3.1740181E+00  3.2789023E+00  2.7190141E+01
 26  3.1044286E+00  3.2071620E+00  2.7024452E+01
 27  3.0355941E+00  3.1360469E+00  2.6838398E+01
 28  2.9677555E+00  3.0648521E+00  2.6633328E+01
 29  2.9011205E+00  2.9939147E+00  2.6410995E+01
 30  2.8357999E+00  2.9235587E+00  2.6174856E+01
 31  2.7718162E+00  2.8540726E+00  2.5928811E+01
 32  2.7092391E+00  2.7863497E+00  2.5676728E+01
 33  2.6481197E+00  2.7210748E+00  2.5422507E+01
 34  2.5885026E+00  2.6582474E+00  2.5171592E+01
 35  2.5304200E+00  2.5977735E+00  2.4935726E+01
 36  2.4738907E+00  2.5394399E+00  2.4728206E+01
 37  2.4189265E+00  2.4825038E+00  2.4562347E+01
 38  2.3655303E+00  2.4263609E+00  2.4451438E+01
 39  2.3136952E+00  2.3710052E+00  2.4403648E+01
 40  2.2634918E+00  2.3166246E+00  2.4406573E+01
 41  2.2149006E+00  2.2634091E+00  2.4442657E+01
 42  2.1678095E+00  2.2118300E+00  2.4494346E+01
 43  2.1221850E+00  2.1623415E+00  2.4544086E+01
 44  2.0779951E+00  2.1149405E+00  2.4576534E+01
 45  2.0352040E+00  2.0695172E+00  2.4585146E+01
 46  1.9937698E+00  2.0259154E+00  2.4565558E+01
 47  1.9536484E+00  1.9838652E+00  2.4513433E+01
 48  1.9147922E+00  1.9431222E+00  2.4424428E+01
 49  1.8771558E+00  1.9036116E+00  2.4296278E+01
 50  1.8406830E+00  1.8652698E+00  2.4135120E+01
 51  1.8053388E+00  1.8280550E+00  2.3949166E+01
 52  1.7710134E+00  1.7919016E+00  2.3746623E+01
 53  1.7375449E+00  1.7566937E+00  2.3535720E+01
 54  1.7048328E+00  1.7223365E+00  2.3322442E+01
 55  1.6727790E+00  1.6887250E+00  2.3103886E+01
 56  1.6412850E+00  1.6557601E+00  2.2874922E+01
 57  1.6102492E+00  1.6233632E+00  2.2630409E+01
 58  1.5795710E+00  1.5914548E+00  2.2365215E+01
 59  1.5491534E+00  1.5599382E+00  2.2077265E+01
 60  1.5188964E+00  1.5287072E+00  2.1776759E+01
 61  1.4887000E+00  1.4976406E+00  2.1476936E+01
 62  1.4584521E+00  1.4665620E+00  2.1191059E+01
 63  1.4280437E+00  1.4353089E+00  2.0932380E+01
 64  1.3974319E+00  1.4038421E+00  2.0711637E+01
 65  1.3667062E+00  1.3722647E+00  2.0529497E+01
 66  1.3360536E+00  1.3407733E+00  2.0384113E+01
 67  1.3056701E+00  1.3095802E+00  2.0273651E+01
 68  1.2757365E+00  1.2788774E+00  2.0196258E+01
 69  1.2464060E+00  1.2488129E+00  2.0148373E+01
 70  1.2177955E+00  1.2194974E+00  2.0119565E+01
 71  1.1899975E+00  1.1910249E+00  2.0097693E+01
 72  1.1630991E+00  1.1635047E+00  2.0070609E+01
 73  1.1371735E+00  1.1370227E+00  2.0026167E+01
 74  1.1121290E+00  1.1114732E+00  1.9956144E+01
 75  1.0877297E+00  1.0866121E+00  1.9868032E+01
 76  1.0637265E+00  1.0621830E+00  1.9773240E+01
 77  1.0399185E+00  1.0379427E+00  1.9683179E+01
 78  1.0162194E+00  1.0137670E+00  1.9609270E+01
 79  9.9260301E-01  9.8963120E-01  1.9563341E+01
 80  9.6905700E-01  9.6553155E-01  1.9558918E+01
 81  9.4557483E-01  9.4148306E-01  1.9609941E+01
 82  9.2217774E-01  9.1757080E-01  1.9730365E+01
 83  8.9896559E-01  8.9394749E-01  1.9934126E+01
 84  8.7606772E-01  8.7073980E-01  2.0232469E+01
 85  8.5349809E-01  8.4794273E-01  2.0625854E+01
 86  8.3114477E-01  8.2542238E-01  2.1112016E+01
 87  8.0877661E-01  8.0291195E-01  2.1688712E+01
 88  7.8597443E-01  7.7995313E-01  2.2353686E+01
 89  7.6201370E-01  7.5578519E-01  2.3097419E+01
 90  7.3543889E-01  7.2889240E-01  2.3881314E+01
 91  7.0322800E-01  6.9618937E-01  2.4659487E+01
 92  6.6026271E-01  6.5240470E-01  2.5386094E+01
 93  6.0085614E-01  5.9232165E-01  2.6015249E+01
 94  5.2433570E-01  5.1653348E-01  2.6511523E+01
 95  4.4211148E-01  4.3650289E-01  2.6881171E+01
 96  3.7312288E-01  3.6953645E-01  2.7140922E+01
 97  3.2050047E-01  3.1781616E-01  2.7307456E+01
 98  2.7402488E-01  2.7153540E-01  2.7397495E+01
 99  2.2991019E-01  2.2737319E-01  2.7427725E+01
100  1.9813613E-01  1.9546904E-01  2.7414865E+01
101  1.7742118E-01  1.7742118E-01  2.7414865E+01
# ptot | Pa
  1  9.8021316E+04
  2  9.8185225E+04
  3  9.8279071E+04
  4  9.8256704E+04
  5  9.8124327E+04
  6  9.7889833E+04
  7  9.7560741E+04
  8  9.7146210E+04
  9  9.6667331E+04
 10  9.6147182E+04
 11  9.5533852E+04
 12  9.4611045E+04
 13  9.3430579E+04
 14  9.2057026E+04
 15  9.0508856E+04
 16  8.8841676E+04
 17  8.7219808E+04
 18  8.5645652E+04
 19  8.4091026E+04
 20  8.2543999E+04
 21  8.1000584E+04
 22  7.9461580E+04
 23  7.7924368E+04
 24  7.6385928E+04
 25  7.4844930E+04
 26  7.3298304E+04
 27  7.1736786E+04
 28  7.0159758E+04
 29  6.8567443E+04
 30  6.6962202E+04
 31  6.5340073E+04
 32  6.3675655E+04
 33  6.1970193E+04
 34  6.0232262E+04
 35  5.8474010E+04
 36  5.6704059E+04
 37  5.4919282E+04
 38  5.3129439E+04
 39  5.1342789E+04
 40  4.9553866E+04
 41  4.7766442E+04
 42  4.6016401E+04
 43  4.4304647E+04
 44  4.2625126E+04
 45  4.0977421E+04
 46  3.9364462E+04
 47  3.7794267E+04
 48  3.6268963E+04
 49  3.4789901E+04
 50  3.3361030E+04
 51  3.1985476E+04
 52  3.0660341E+04
 53  2.9385467E+04
 54  2.8160828E+04
 55  2.6983352E+04
 56  2.5850741E+04
 57  2.4764012E+04
 58  2.3720845E+04
 59  2.2718601E+04
 60  2.1757395E+04
 61  2.0836521E+04
 62  1.9951721E+04
 63  1.9102125E+04
 64  1.8287044E+04
 65  1.7505109E+04
 66  1.6755256E+04
 67  1.6037431E+04
 68  1.5350501E+04
 69  1.4692877E+04
 70  1.4062266E+04
 71  1.3456638E+04
 72  1.2874838E+04
 73  1.2315793E+04
 74  1.1777623E+04
 75  1.1259036E+04
 76  1.0759474E+04
 77  1.0278424E+04
 78  9.8156538E+03
 79  9.3708090E+03
 80  8.9432298E+03
 81  8.5326109E+03
 82  8.1405952E+03
 83  7.7668685E+03
 84  7.4103202E+03
 85  7.0682183E+03
 86  6.7374322E+03
 87  6.4158343E+03
 88  6.0986232E+03
 89  5.7792927E+03
 90  5.4472132E+03
 91  5.0818006E+03
 92  4.6534793E+03
 93  4.1473953E+03
 94  3.5945140E+03
 95  3.0652082E+03
 96  2.5929887E+03
 97  2.1366525E+03
 98  1.6764931E+03
 99  1.2521863E+03
100  9.7533730E+02
101  8.0422178E+02
# johm | MA/m^2
  1  4.3539730E+00
  2  4.3539730E+00
  3  2.3332836E+00
  4  1.9028690E+00
  5  1.7067659E+00
  6  1.5924598E+00
  7  1.5177293E+00
  8  1.4658416E+00
  9  1.4284117E+00
 10  1.4007879E+00
 11  1.3795558E+00
 12  1.3650308E+00
 13  1.3530232E+00
 14  1.3409313E+00
 15  1.3257801E+00
 16  1.3053841E+00
 17  1.2789771E+00
 18  1.2490654E+00
 19  1.2177270E+00
 20  1.1882144E+00
 21  1.1663388E+00
 22  1.1446050E+00
 23  1.1233006E+00
 24  1.1057388E+00
 25  1.0903299E+00
 26  1.0775582E+00
 27  1.0613381E+00
 28  1.0392167E+00
 29  1.0148917E+00
 30  9.9082123E-01
 31  9.6557669E-01
 32  9.3731384E-01
 33  9.0563764E-01
 34  8.7059858E-01
 35  8.3506474E-01
 36  7.9910429E-01
 37  7.6371240E-01
 38  7.2995429E-01
 39  6.9750602E-01
 40  6.6708876E-01
 41  6.3816457E-01
 42  6.1008860E-01
 43  5.8291029E-01
 44  5.5649511E-01
 45  5.3086436E-01
 46  5.0606245E-01
 47  4.8218628E-01
 48  4.5924660E-01
 49  4.3730675E-01
 50  4.1634500E-01
 51  3.9635098E-01
 52  3.7723034E-01
 53  3.5899765E-01
 54  3.4159061E-01
 55  3.2494540E-01
 56  3.0899921E-01
 57  2.9371159E-01
 58  2.7896993E-01
 59  2.6475671E-01
 60  2.5108841E-01
 61  2.3805908E-01
 62  2.2573891E-01
 63  2.1410673E-01
 64  2.0316936E-01
 65  1.9290155E-01
 66  1.8325501E-01
 67  1.7417293E-01
 68  1.6562427E-01
 69  1.5757563E-01
 70  1.4995630E-01
 71  1.4268742E-01
 72  1.3572324E-01
 73  1.2904514E-01
 74  1.2261329E-01
 75  1.1643782E-01
 76  1.1055517E-01
 77  1.0497858E-01
 78  9.9694374E-02
 79  9.4700265E-02
 80  8.9987847E-02
 81  8.5528316E-02
 82  8.1307615E-02
 83  7.7327438E-02
 84  7.3577061E-02
 85  7.0019940E-02
 86  6.6623704E-02
 87  6.3329711E-02
 88  6.0077298E-02
 89  5.6827543E-02
 90  5.3447896E-02
 91  4.9670693E-02
 92  4.5325286E-02
 93  4.0756094E-02
 94  3.6913616E-02
 95  3.3268845E-02
 96  2.8498486E-02
 97  2.2927066E-02
 98  1.7896448E-02
 99  1.2927621E-02
100  9.8148296E-03
101  0.0000000E+00
# jbs | MA/m^2
  1  2.6172181E-01
  2  2.6172181E-01
  3  1.9182839E-01
  4  1.8942305E-01
  5  1.9270575E-01
  6  1.9541610E-01
  7  1.9598942E-01
  8  1.9430635E-01
  9  1.9020465E-01
 10  1.8364860E-01
 11  1.7465455E-01
 12  1.5818189E-01
 13  1.4587034E-01
 14  1.3775047E-01
 15  1.3385121E-01
 16  1.3783844E-01
 17  1.4772514E-01
 18  1.5710359E-01
 19  1.6424304E-01
 20  1.7020457E-01
 21  1.7538547E-01
 22  1.7922352E-01
 23  1.8248722E-01
 24  1.8553023E-01
 25  1.8857276E-01
 26  1.9198749E-01
 27  1.9545693E-01
 28  1.9930879E-01
 29  2.0348599E-01
 30  2.0733181E-01
 31  2.1018897E-01
 32  2.1232708E-01
 33  2.1482752E-01
 34  2.1789766E-01
 35  2.2137672E-01
 36  2.2448082E-01
 37  2.2695935E-01
 38  2.2895110E-01
 39  2.3053684E-01
 40  2.3162704E-01
 41  2.3234178E-01
 42  2.3278130E-01
 43  2.3252032E-01
 44  2.3146462E-01
 45  2.2970081E-01
 46  2.2731579E-01
 47  2.2433275E-01
 48  2.2069964E-01
 49  2.1645906E-01
 50  2.1139696E-01
 51  2.0566939E-01
 52  1.9976376E-01
 53  1.9394837E-01
 54  1.8834356E-01
 55  1.8297017E-01
 56  1.7789483E-01
 57  1.7313699E-01
 58  1.6860248E-01
 59  1.6427233E-01
 60  1.6012809E-01
 61  1.5596801E-01
 62  1.5196096E-01
 63  1.4826467E-01
 64  1.4460800E-01
 65  1.4092390E-01
 66  1.3723689E-01
 67  1.3356451E-01
 68  1.2991828E-01
 69  1.2629554E-01
 70  1.2265932E-01
 71  1.1897988E-01
 72  1.1517386E-01
 73  1.1159294E-01
 74  1.0847354E-01
 75  1.0562577E-01
 76  1.0297865E-01
 77  1.0044245E-01
 78  9.7991859E-02
 79  9.5685676E-02
 80  9.3594009E-02
 81  9.1756972E-02
 82  9.0040922E-02
 83  8.8397949E-02
 84  8.7257760E-02
 85  8.6968861E-02
 86  8.7789079E-02
 87  9.0312657E-02
 88  9.5039976E-02
 89  1.0340913E-01
 90  1.1876509E-01
 91  1.4324530E-01
 92  1.7150046E-01
 93  1.8692577E-01
 94  1.7956368E-01
 95  1.6917533E-01
 96  1.7838870E-01
 97  1.8677443E-01
 98  1.6688627E-01
 99  9.8212880E-02
100  2.7410862E-02
101  0.0000000E+00
# jbstor | MA/m^2
  1  1.7892657E+00
  2  1.7892657E+00
  3  1.7830838E+00
  4  1.7764694E+00
  5  1.7717095E+00
  6  1.7695618E+00
  7  1.7699743E+00
  8  1.7706910E+00
  9  1.7709427E+00
 10  1.7709824E+00
 11  1.7707551E+00
 12  1.7697079E+00
 13  1.7661521E+00
 14  1.7580238E+00
 15  1.7429053E+00
 16  1.7242396E+00
 17  1.7089009E+00
 18  1.6955955E+00
 19  1.6820897E+00
 20  1.6824940E+00
 21  1.7120935E+00
 22  1.7600094E+00
 23  1.7982903E+00
 24  1.8168520E+00
 25  1.8264008E+00
 26  1.8409280E+00
 27  1.8553054E+00
 28  1.8483687E+00
 29  1.8103230E+00
 30  1.7662329E+00
 31  1.7367515E+00
 32  1.7096090E+00
 33  1.6573655E+00
 34  1.5736791E+00
 35  1.4800924E+00
 36  1.4034956E+00
 37  1.3431321E+00
 38  1.2827967E+00
 39  1.2163879E+00
 40  1.1515741E+00
 41  1.0968188E+00
 42  1.0505542E+00
 43  1.0096052E+00
 44  9.7144065E-01
 45  9.3460146E-01
 46  8.9820606E-01
 47  8.6258476E-01
 48  8.2907953E-01
 49  7.9805819E-01
 50  7.6940867E-01
 51  7.4367284E-01
 52  7.1971243E-01
 53  6.9412716E-01
 54  6.6593472E-01
 55  6.3754800E-01
 56  6.1098685E-01
 57  5.8506145E-01
 58  5.5958376E-01
 59  5.3574488E-01
 60  5.1299141E-01
 61  4.9023932E-01
 62  4.6786444E-01
 63  4.4775384E-01
 64  4.3118418E-01
 65  4.1683746E-01
 66  4.0256228E-01
 67  3.8754588E-01
 68  3.7163341E-01
 69  3.5541913E-01
 70  3.3964202E-01
 71  3.2609226E-01
 72  3.1442080E-01
 73  3.0333420E-01
 74  2.9246781E-01
 75  2.8210144E-01
 76  2.7211939E-01
 77  2.6131986E-01
 78  2.4892526E-01
 79  2.3623853E-01
 80  2.2495754E-01
 81  2.1528058E-01
 82  2.0560240E-01
 83  1.9562760E-01
 84  1.8759350E-01
 85  1.8194269E-01
 86  1.7714562E-01
 87  1.7220476E-01
 88  1.6771738E-01
 89  1.6518082E-01
 90  1.6790254E-01
 91  1.8068550E-01
 92  1.8676890E-01
 93  1.8628368E-01
 94  1.8577910E-01
 95  1.8530166E-01
 96  1.8491367E-01
 97  1.8453550E-01
 98  1.8396306E-01
 99  1.8354086E-01
100  1.8395888E-01
101 -3.2876217E+01
# z_eff | -
  1  1.3422210E+00
  2  1.3422497E+00
  3  1.3423557E+00
  4  1.3424412E+00
  5  1.3425404E+00
  6  1.3426590E+00
  7  1.3428021E+00
  8  1.3429654E+00
  9  1.3431638E+00
 10  1.3434085E+00
 11  1.3435345E+00
 12  1.3431629E+00
 13  1.3428512E+00
 14  1.3426885E+00
 15  1.3426269E+00
 16  1.3427558E+00
 17  1.3433221E+00
 18  1.3439823E+00
 19  1.3446277E+00
 20  1.3452614E+00
 21  1.3459015E+00
 22  1.3465593E+00
 23  1.3472280E+00
 24  1.3479083E+00
 25  1.3486007E+00
 26  1.3493000E+00
 27  1.3499935E+00
 28  1.3506995E+00
 29  1.3514232E+00
 30  1.3521681E+00
 31  1.3529141E+00
 32  1.3536070E+00
 33  1.3543087E+00
 34  1.3550375E+00
 35  1.3557886E+00
 36  1.3565497E+00
 37  1.3572916E+00
 38  1.3580466E+00
 39  1.3588238E+00
 40  1.3596228E+00
 41  1.3604718E+00
 42  1.3614540E+00
 43  1.3624744E+00
 44  1.3635037E+00
 45  1.3645427E+00
 46  1.3655950E+00
 47  1.3666753E+00
 48  1.3677678E+00
 49  1.3688669E+00
 50  1.3699717E+00
 51  1.3710759E+00
 52  1.3721653E+00
 53  1.3732536E+00
 54  1.3743451E+00
 55  1.3754387E+00
 56  1.3765375E+00
 57  1.3776527E+00
 58  1.3787731E+00
 59  1.3798931E+00
 60  1.3810104E+00
 61  1.3821160E+00
 62  1.3831952E+00
 63  1.3842663E+00
 64  1.3853335E+00
 65  1.3863950E+00
 66  1.3874517E+00
 67  1.3885094E+00
 68  1.3895624E+00
 69  1.3906089E+00
 70  1.3916471E+00
 71  1.3926768E+00
 72  1.3937006E+00
 73  1.3947124E+00
 74  1.3957090E+00
 75  1.3966928E+00
 76  1.3976614E+00
 77  1.3986114E+00
 78  1.3995434E+00
 79  1.4004576E+00
 80  1.4013542E+00
 81  1.4022374E+00
 82  1.4031191E+00
 83  1.4039871E+00
 84  1.4048377E+00
 85  1.4056747E+00
 86  1.4065084E+00
 87  1.4073577E+00
 88  1.4082327E+00
 89  1.4091616E+00
 90  1.4102130E+00
 91  1.4115286E+00
 92  1.4133623E+00
 93  1.4161251E+00
 94  1.4202784E+00
 95  1.4260822E+00
 96  1.4328605E+00
 97  1.4393062E+00
 98  1.4445360E+00
 99  1.4484131E+00
100  1.4507943E+00
101  1.4521453E+00
# vtor | m/s
  1  0.0000000E+00 -1.8374777E+05  0.0000000E+00
  2  0.0000000E+00 -1.8419268E+05  0.0000000E+00
  3  0.0000000E+00 -1.8443626E+05  0.0000000E+00
  4  0.0000000E+00 -1.8447767E+05  0.0000000E+00
  5  0.0000000E+00 -1.8431717E+05  0.0000000E+00
  6  0.0000000E+00 -1.8395557E+05  0.0000000E+00
  7  0.0000000E+00 -1.8339399E+05  0.0000000E+00
  8  0.0000000E+00 -1.8263386E+05  0.0000000E+00
  9  0.0000000E+00 -1.8167737E+05  0.0000000E+00
 10  0.0000000E+00 -1.8052936E+05  0.0000000E+00
 11  0.0000000E+00 -1.7919663E+05  0.0000000E+00
 12  0.0000000E+00 -1.7767940E+05  0.0000000E+00
 13  0.0000000E+00 -1.7598892E+05  0.0000000E+00
 14  0.0000000E+00 -1.7414610E+05  0.0000000E+00
 15  0.0000000E+00 -1.7216396E+05  0.0000000E+00
 16  0.0000000E+00 -1.7005574E+05  0.0000000E+00
 17  0.0000000E+00 -1.6783380E+05  0.0000000E+00
 18  0.0000000E+00 -1.6550974E+05  0.0000000E+00
 19  0.0000000E+00 -1.6309499E+05  0.0000000E+00
 20  0.0000000E+00 -1.6060231E+05  0.0000000E+00
 21  0.0000000E+00 -1.5804531E+05  0.0000000E+00
 22  0.0000000E+00 -1.5543737E+05  0.0000000E+00
 23  0.0000000E+00 -1.5279117E+05  0.0000000E+00
 24  0.0000000E+00 -1.5012040E+05  0.0000000E+00
 25  0.0000000E+00 -1.4743908E+05  0.0000000E+00
 26  0.0000000E+00 -1.4475895E+05  0.0000000E+00
 27  0.0000000E+00 -1.4209010E+05  0.0000000E+00
 28  0.0000000E+00 -1.3943943E+05  0.0000000E+00
 29  0.0000000E+00 -1.3681306E+05  0.0000000E+00
 30  0.0000000E+00 -1.3421665E+05  0.0000000E+00
 31  0.0000000E+00 -1.3165483E+05  0.0000000E+00
 32  0.0000000E+00 -1.2913136E+05  0.0000000E+00
 33  0.0000000E+00 -1.2664957E+05  0.0000000E+00
 34  0.0000000E+00 -1.2421629E+05  0.0000000E+00
 35  0.0000000E+00 -1.2183422E+05  0.0000000E+00
 36  0.0000000E+00 -1.1950100E+05  0.0000000E+00
 37  0.0000000E+00 -1.1721739E+05  0.0000000E+00
 38  0.0000000E+00 -1.1498387E+05  0.0000000E+00
 39  0.0000000E+00 -1.1280058E+05  0.0000000E+00
 40  0.0000000E+00 -1.1066736E+05  0.0000000E+00
 41  0.0000000E+00 -1.0858311E+05  0.0000000E+00
 42  0.0000000E+00 -1.0654711E+05  0.0000000E+00
 43  0.0000000E+00 -1.0455790E+05  0.0000000E+00
 44  0.0000000E+00 -1.0261353E+05  0.0000000E+00
 45  0.0000000E+00 -1.0071494E+05  0.0000000E+00
 46  0.0000000E+00 -9.8859559E+04  0.0000000E+00
 47  0.0000000E+00 -9.7041728E+04  0.0000000E+00
 48  0.0000000E+00 -9.5259018E+04  0.0000000E+00
 49  0.0000000E+00 -9.3508864E+04  0.0000000E+00
 50  0.0000000E+00 -9.1788686E+04  0.0000000E+00
 51  0.0000000E+00 -9.0095220E+04  0.0000000E+00
 52  0.0000000E+00 -8.8425225E+04  0.0000000E+00
 53  0.0000000E+00 -8.6775656E+04  0.0000000E+00
 54  0.0000000E+00 -8.5143255E+04  0.0000000E+00
 55  0.0000000E+00 -8.3524825E+04  0.0000000E+00
 56  0.0000000E+00 -8.1917684E+04  0.0000000E+00
 57  0.0000000E+00 -8.0317625E+04  0.0000000E+00
 58  0.0000000E+00 -7.8719798E+04  0.0000000E+00
 59  0.0000000E+00 -7.7120754E+04  0.0000000E+00
 60  0.0000000E+00 -7.5516461E+04  0.0000000E+00
 61  0.0000000E+00 -7.3903340E+04  0.0000000E+00
 62  0.0000000E+00 -7.2277816E+04  0.0000000E+00
 63  0.0000000E+00 -7.0637189E+04  0.0000000E+00
 64  0.0000000E+00 -6.8980817E+04  0.0000000E+00
 65  0.0000000E+00 -6.7312562E+04  0.0000000E+00
 66  0.0000000E+00 -6.5638327E+04  0.0000000E+00
 67  0.0000000E+00 -6.3965178E+04  0.0000000E+00
 68  0.0000000E+00 -6.2298917E+04  0.0000000E+00
 69  0.0000000E+00 -6.0642364E+04  0.0000000E+00
 70  0.0000000E+00 -5.8996648E+04  0.0000000E+00
 71  0.0000000E+00 -5.7362731E+04  0.0000000E+00
 72  0.0000000E+00 -5.5740122E+04  0.0000000E+00
 73  0.0000000E+00 -5.4124578E+04  0.0000000E+00
 74  0.0000000E+00 -5.2507719E+04  0.0000000E+00
 75  0.0000000E+00 -5.0878106E+04  0.0000000E+00
 76  0.0000000E+00 -4.9222917E+04  0.0000000E+00
 77  0.0000000E+00 -4.7530999E+04  0.0000000E+00
 78  0.0000000E+00 -4.5791722E+04  0.0000000E+00
 79  0.0000000E+00 -4.4002394E+04  0.0000000E+00
 80  0.0000000E+00 -4.2171117E+04  0.0000000E+00
 81  0.0000000E+00 -4.0306827E+04  0.0000000E+00
 82  0.0000000E+00 -3.8421412E+04  0.0000000E+00
 83  0.0000000E+00 -3.6529687E+04  0.0000000E+00
 84  0.0000000E+00 -3.4643918E+04  0.0000000E+00
 85  0.0000000E+00 -3.2772623E+04  0.0000000E+00
 86  0.0000000E+00 -3.0918387E+04  0.0000000E+00
 87  0.0000000E+00 -2.9076708E+04  0.0000000E+00
 88  0.0000000E+00 -2.7231544E+04  0.0000000E+00
 89  0.0000000E+00 -2.5333400E+04  0.0000000E+00
 90  0.0000000E+00 -2.3259943E+04  0.0000000E+00
 91  0.0000000E+00 -2.0762012E+04  0.0000000E+00
 92  0.0000000E+00 -1.7542817E+04  0.0000000E+00
 93  0.0000000E+00 -1.3580986E+04  0.0000000E+00
 94  0.0000000E+00 -9.3099370E+03  0.0000000E+00
 95  0.0000000E+00 -5.4308093E+03  0.0000000E+00
 96  0.0000000E+00 -2.5204107E+03  0.0000000E+00
 97  0.0000000E+00 -6.6670223E+02  0.0000000E+00
 98  0.0000000E+00  4.6562860E+02  0.0000000E+00
 99  0.0000000E+00  1.2337610E+03  0.0000000E+00
100  0.0000000E+00  1.5607703E+03  0.0000000E+00
101  0.0000000E+00  1.7254215E+03  0.0000000E+00
# qohme | MW/m^3
  1  1.0507967E-02
  2  1.0507967E-02
  3  1.0407022E-02
  4  1.0311253E-02
  5  1.0274078E-02
  6  1.0296813E-02
  7  1.0366467E-02
  8  1.0460614E-02
  9  1.0578305E-02
 10  1.0725638E-02
 11  1.0907545E-02
 12  1.1123045E-02
 13  1.1357072E-02
 14  1.1624494E-02
 15  1.1888213E-02
 16  1.2106388E-02
 17  1.2260562E-02
 18  1.2334833E-02
 19  1.2396692E-02
 20  1.2421353E-02
 21  1.2409841E-02
 22  1.4274374E-02
 23  1.4383537E-02
 24  1.4932528E-02
 25  1.5555445E-02
 26  1.5872960E-02
 27  1.7074712E-02
 28  1.7371689E-02
 29  1.7109489E-02
 30  1.6782358E-02
 31  1.6878925E-02
 32  1.6853234E-02
 33  1.6794113E-02
 34  1.5585082E-02
 35  1.4291140E-02
 36  1.3961927E-02
 37  1.3080494E-02
 38  1.2709696E-02
 39  1.1973599E-02
 40  1.1270502E-02
 41  1.0967975E-02
 42  1.0677730E-02
 43  1.0389750E-02
 44  1.0095374E-02
 45  9.7906199E-03
 46  9.4755559E-03
 47  9.1532743E-03
 48  8.8278392E-03
 49  8.5018685E-03
 50  8.1778229E-03
 51  7.8541070E-03
 52  7.5328842E-03
 53  7.2189155E-03
 54  6.9154135E-03
 55  6.6236489E-03
 56  6.3425889E-03
 57  6.0714313E-03
 58  5.8076134E-03
 59  5.5484066E-03
 60  5.2941040E-03
 61  5.0465919E-03
 62  4.8060417E-03
 63  4.5771112E-03
 64  4.3623359E-03
 65  4.1590420E-03
 66  3.9663549E-03
 67  3.7835525E-03
 68  3.6108082E-03
 69  3.4480872E-03
 70  3.2943334E-03
 71  3.1477305E-03
 72  3.0059512E-03
 73  2.8664688E-03
 74  2.7328976E-03
 75  2.6073830E-03
 76  2.4880292E-03
 77  2.3751077E-03
 78  2.2677941E-03
 79  2.1658265E-03
 80  2.0702825E-03
 81  1.9819768E-03
 82  1.9002810E-03
 83  1.8229308E-03
 84  1.7496923E-03
 85  1.6851725E-03
 86  1.6324132E-03
 87  1.5931808E-03
 88  1.5724082E-03
 89  1.5743161E-03
 90  1.6130602E-03
 91  1.7194732E-03
 92  1.9070125E-03
 93  2.1135027E-03
 94  2.1850421E-03
 95  2.0583705E-03
 96  1.8877251E-03
 97  1.8622984E-03
 98  1.8659338E-03
 99  1.7277210E-03
100  1.0950369E-03
101  4.0223709E-04
# qbeame | MW/m^3
  1  2.0859705E-01
  2  2.0859705E-01
  3  2.1408120E-01
  4  2.2017593E-01
  5  2.2639124E-01
  6  2.3264384E-01
  7  2.3826161E-01
  8  2.4138272E-01
  9  2.4249439E-01
 10  2.4231197E-01
 11  2.4130869E-01
 12  2.3971255E-01
 13  2.3750934E-01
 14  2.3482449E-01
 15  2.3171029E-01
 16  2.2815417E-01
 17  2.2408691E-01
 18  2.1921225E-01
 19  2.1360321E-01
 20  2.0735586E-01
 21  2.0052720E-01
 22  1.9403620E-01
 23  1.9104476E-01
 24  1.9186095E-01
 25  1.9600427E-01
 26  2.0307215E-01
 27  2.1165070E-01
 28  2.1742143E-01
 29  2.1968618E-01
 30  2.1880808E-01
 31  2.1510013E-01
 32  2.0960904E-01
 33  2.0550886E-01
 34  2.0340620E-01
 35  2.0313494E-01
 36  2.0455030E-01
 37  2.0687334E-01
 38  2.0751031E-01
 39  2.0597512E-01
 40  2.0242863E-01
 41  1.9701416E-01
 42  1.9032918E-01
 43  1.8429504E-01
 44  1.7931852E-01
 45  1.7532749E-01
 46  1.7225600E-01
 47  1.6985409E-01
 48  1.6731738E-01
 49  1.6446398E-01
 50  1.6131255E-01
 51  1.5788034E-01
 52  1.5415072E-01
 53  1.5002172E-01
 54  1.4548199E-01
 55  1.4054824E-01
 56  1.3523524E-01
 57  1.2980204E-01
 58  1.2521751E-01
 59  1.2168157E-01
 60  1.1914298E-01
 61  1.1755354E-01
 62  1.1660382E-01
 63  1.1519953E-01
 64  1.1309284E-01
 65  1.1031090E-01
 66  1.0687910E-01
 67  1.0296908E-01
 68  9.9191100E-02
 69  9.5686484E-02
 70  9.2448310E-02
 71  8.9470340E-02
 72  8.6708549E-02
 73  8.4017187E-02
 74  8.1359004E-02
 75  7.8731145E-02
 76  7.6131114E-02
 77  7.3429956E-02
 78  7.0125403E-02
 79  6.6107859E-02
 80  6.1393818E-02
 81  5.5999132E-02
 82  5.0118994E-02
 83  4.4473338E-02
 84  3.9231030E-02
 85  3.4380627E-02
 86  2.9911343E-02
 87  2.5818632E-02
 88  2.2113447E-02
 89  1.8792715E-02
 90  1.5848957E-02
 91  1.3274374E-02
 92  1.1047506E-02
 93  9.1088970E-03
 94  7.4401772E-03
 95  6.0363429E-03
 96  4.8919667E-03
 97  4.0003971E-03
 98  3.3545201E-03
 99  2.9523090E-03
100  2.7925837E-03
101  2.8763034E-03
# qbeami | MW/m^3
  1  6.7439074E-01
  2  6.7439074E-01
  3  7.2901672E-01
  4  7.8935056E-01
  5  8.5066676E-01
  6  9.1234125E-01
  7  9.6793897E-01
  8  9.9925080E-01
  9  1.0112374E+00
 10  1.0107391E+00
 11  1.0019691E+00
 12  9.8795597E-01
 13  9.7189340E-01
 14  9.5476499E-01
 15  9.3658144E-01
 16  9.1715256E-01
 17  8.9563411E-01
 18  8.6908197E-01
 19  8.3767442E-01
 20  8.0209913E-01
 21  7.6283077E-01
 22  7.2304343E-01
 23  6.9296646E-01
 24  6.7375115E-01
 25  6.6401781E-01
 26  6.6261033E-01
 27  6.6613556E-01
 28  6.6468114E-01
 29  6.5652436E-01
 30  6.4235700E-01
 31  6.2277499E-01
 32  6.0009007E-01
 33  5.8155566E-01
 34  5.6849187E-01
 35  5.6044076E-01
 36  5.5700278E-01
 37  5.5555675E-01
 38  5.4714682E-01
 39  5.3015327E-01
 40  5.0520126E-01
 41  4.7284746E-01
 42  4.3567623E-01
 43  4.0216719E-01
 44  3.7406865E-01
 45  3.5101720E-01
 46  3.3268535E-01
 47  3.1794891E-01
 48  3.0330640E-01
 49  2.8793764E-01
 50  2.7187943E-01
 51  2.5516491E-01
 52  2.3815491E-01
 53  2.2217929E-01
 54  2.0750537E-01
 55  1.9406428E-01
 56  1.8179169E-01
 57  1.7066949E-01
 58  1.6080084E-01
 59  1.5216625E-01
 60  1.4470209E-01
 61  1.3834952E-01
 62  1.3286050E-01
 63  1.2740581E-01
 64  1.2178566E-01
 65  1.1600619E-01
 66  1.1007305E-01
 67  1.0399583E-01
 68  9.7804858E-02
 69  9.1508725E-02
 70  8.5112094E-02
 71  7.8619198E-02
 72  7.2186483E-02
 73  6.6426625E-02
 74  6.1470140E-02
 75  5.7290937E-02
 76  5.3864787E-02
 77  5.0931158E-02
 78  4.7531285E-02
 79  4.3442807E-02
 80  3.8681990E-02
 81  3.3264552E-02
 82  2.7459870E-02
 83  2.2282266E-02
 84  1.7964392E-02
 85  1.4484062E-02
 86  1.1820317E-02
 87  9.8565150E-03
 88  8.1911225E-03
 89  6.7220785E-03
 90  5.4453656E-03
 91  4.3568315E-03
 92  3.4431628E-03
 93  2.6648461E-03
 94  2.0103435E-03
 95  1.4771876E-03
 96  1.0627928E-03
 97  7.6439586E-04
 98  5.7939592E-04
 99  5.0620839E-04
100  5.4346955E-04
101  6.9105251E-04
# qrfe | MW/m^3
  1  0.0000000E+00
  2  0.0000000E+00
  3  0.0000000E+00
  4  0.0000000E+00
  5  0.0000000E+00
  6  0.0000000E+00
  7  0.0000000E+00
  8  0.0000000E+00
  9  0.0000000E+00
 10  0.0000000E+00
 11  0.0000000E+00
 12  0.0000000E+00
 13  0.0000000E+00
 14  0.0000000E+00
 15  0.0000000E+00
 16  0.0000000E+00
 17  0.0000000E+00
 18  0.0000000E+00
 19  3.2661582E-02
 20  6.4410510E-02
 21  6.4410447E-02
 22  6.3786724E-01
 23  6.3786878E-01
 24  8.1341241E-01
 25  9.8515585E-01
 26  9.8515862E-01
 27  1.3149656E+00
 28  1.3149696E+00
 29  1.2188935E+00
 30  1.1245027E+00
 31  1.1245083E+00
 32  1.1951437E+00
 33  1.1951505E+00
 34  8.2763152E-01
 35  4.6549040E-01
 36  4.6549272E-01
 37  2.9547173E-01
 38  2.9547346E-01
 39  1.4681937E-01
 40  0.0000000E+00
 41  0.0000000E+00
 42  0.0000000E+00
 43  0.0000000E+00
 44  0.0000000E+00
 45  0.0000000E+00
 46  0.0000000E+00
 47  0.0000000E+00
 48  0.0000000E+00
 49  0.0000000E+00
 50  0.0000000E+00
 51  0.0000000E+00
 52  0.0000000E+00
 53  0.0000000E+00
 54  0.0000000E+00
 55  0.0000000E+00
 56  0.0000000E+00
 57  0.0000000E+00
 58  0.0000000E+00
 59  0.0000000E+00
 60  0.0000000E+00
 61  0.0000000E+00
 62  0.0000000E+00
 63  0.0000000E+00
 64  0.0000000E+00
 65  0.0000000E+00
 66  0.0000000E+00
 67  0.0000000E+00
 68  0.0000000E+00
 69  0.0000000E+00
 70  0.0000000E+00
 71  0.0000000E+00
 72  0.0000000E+00
 73  0.0000000E+00
 74  0.0000000E+00
 75  0.0000000E+00
 76  0.0000000E+00
 77  0.0000000E+00
 78  0.0000000E+00
 79  0.0000000E+00
 80  0.0000000E+00
 81  0.0000000E+00
 82  0.0000000E+00
 83  0.0000000E+00
 84  0.0000000E+00
 85  0.0000000E+00
 86  0.0000000E+00
 87  0.0000000E+00
 88  0.0000000E+00
 89  0.0000000E+00
 90  0.0000000E+00
 91  0.0000000E+00
 92  0.0000000E+00
 93  0.0000000E+00
 94  0.0000000E+00
 95  0.0000000E+00
 96  0.0000000E+00
 97  0.0000000E+00
 98  0.0000000E+00
 99  0.0000000E+00
100  0.0000000E+00
101  0.0000000E+00
# qbrem | MW/m^3
  1  4.7679595E-03
  2  4.7679595E-03
  3  4.7654891E-03
  4  4.7605541E-03
  5  4.7531510E-03
  6  4.7433125E-03
  7  4.7310577E-03
  8  4.7161765E-03
  9  4.6990300E-03
 10  4.6797101E-03
 11  4.6583223E-03
 12  4.6349931E-03
 13  4.6098721E-03
 14  4.5831301E-03
 15  4.5549022E-03
 16  4.5252661E-03
 17  4.4942796E-03
 18  4.4619884E-03
 19  4.4282875E-03
 20  4.3933624E-03
 21  4.3572425E-03
 22  4.3198322E-03
 23  4.2809676E-03
 24  4.2405012E-03
 25  4.1982638E-03
 26  4.1539622E-03
 27  4.1072019E-03
 28  4.0576838E-03
 29  4.0051360E-03
 30  3.9489115E-03
 31  3.8891301E-03
 32  3.8255352E-03
 33  3.7579236E-03
 34  3.6861165E-03
 35  3.6099614E-03
 36  3.5294865E-03
 37  3.4449758E-03
 38  3.3568547E-03
 39  3.2655662E-03
 40  3.1716054E-03
 41  3.0751362E-03
 42  2.9771079E-03
 43  2.8780339E-03
 44  2.7784091E-03
 45  2.6787375E-03
 46  2.5794840E-03
 47  2.4811044E-03
 48  2.3840736E-03
 49  2.2888574E-03
 50  2.1958990E-03
 51  2.1056021E-03
 52  2.0185078E-03
 53  1.9348468E-03
 54  1.8546464E-03
 55  1.7778013E-03
 56  1.7042009E-03
 57  1.6337445E-03
 58  1.5663233E-03
 59  1.5018160E-03
 60  1.4400917E-03
 61  1.3810251E-03
 62  1.3244761E-03
 63  1.2704834E-03
 64  1.2188209E-03
 65  1.1694057E-03
 66  1.1221480E-03
 67  1.0769581E-03
 68  1.0337433E-03
 69  9.9240597E-04
 70  9.5286320E-04
 71  9.1506532E-04
 72  8.7897608E-04
 73  8.4454945E-04
 74  8.1182743E-04
 75  7.8063671E-04
 76  7.5091068E-04
 77  7.2259344E-04
 78  6.9563361E-04
 79  6.6996773E-04
 80  6.4551229E-04
 81  6.2216380E-04
 82  5.9980125E-04
 83  5.7829886E-04
 84  5.5757849E-04
 85  5.3748106E-04
 86  5.1773572E-04
 87  4.9811320E-04
 88  4.7830765E-04
 89  4.5788090E-04
 90  4.3646275E-04
 91  4.1327359E-04
 92  3.8697006E-04
 93  3.5672893E-04
 94  3.2418257E-04
 95  2.9418170E-04
 96  2.6801029E-04
 97  2.3660616E-04
 98  1.9745642E-04
 99  1.5565187E-04
100  1.1561714E-04
101  9.6950599E-05
# qsync | MW/m^3
  1  4.5202007E-05
  2  4.5202007E-05
  3  4.5139910E-05
  4  4.5015950E-05
  5  4.4830565E-05
  6  4.4584576E-05
  7  4.4278822E-05
  8  4.3907868E-05
  9  4.3479868E-05
 10  4.2996577E-05
 11  4.2459691E-05
 12  4.1871019E-05
 13  4.1232474E-05
 14  4.0546099E-05
 15  3.9814040E-05
 16  3.9038488E-05
 17  3.8221886E-05
 18  3.7366474E-05
 19  3.6469599E-05
 20  3.5539105E-05
 21  3.4577624E-05
 22  3.3588105E-05
 23  3.2573730E-05
 24  3.1537812E-05
 25  3.0483660E-05
 26  2.9414711E-05
 27  2.8334452E-05
 28  2.7245881E-05
 29  2.6151853E-05
 30  2.5052259E-05
 31  2.3953679E-05
 32  2.2859225E-05
 33  2.1772117E-05
 34  2.0695525E-05
 35  1.9632686E-05
 36  1.8587000E-05
 37  1.7562083E-05
 38  1.6561544E-05
 39  1.5588779E-05
 40  1.4646804E-05
 41  1.3738508E-05
 42  1.2866693E-05
 43  1.2033199E-05
 44  1.1239465E-05
 45  1.0486460E-05
 46  9.7747317E-06
 47  9.1044574E-06
 48  8.4751020E-06
 49  7.8851259E-06
 50  7.3325963E-06
 51  6.8155183E-06
 52  6.3330142E-06
 53  5.8819170E-06
 54  5.4604529E-06
 55  5.0670461E-06
 56  4.7001232E-06
 57  4.3581752E-06
 58  4.0398194E-06
 59  3.7437964E-06
 60  3.4689134E-06
 61  3.2140499E-06
 62  2.9781301E-06
 63  2.7606663E-06
 64  2.5594811E-06
 65  2.3733367E-06
 66  2.2010619E-06
 67  2.0415535E-06
 68  1.8937725E-06
 69  1.7567289E-06
 70  1.6295030E-06
 71  1.5112685E-06
 72  1.4012567E-06
 73  1.2987868E-06
 74  1.2033836E-06
 75  1.1141911E-06
 76  1.0308477E-06
 77  9.5317093E-07
 78  8.8098717E-07
 79  8.1409435E-07
 80  7.5222400E-07
 81  6.9504697E-07
 82  6.4221128E-07
 83  5.9337241E-07
 84  5.4831091E-07
 85  5.0685034E-07
 86  4.6839506E-07
 87  4.3242750E-07
 88  3.9832864E-07
 89  3.6532510E-07
 90  3.3274373E-07
 91  2.9943410E-07
 92  2.6373548E-07
 93  2.2512367E-07
 94  1.8664008E-07
 95  1.5494970E-07
 96  1.2984153E-07
 97  1.0039415E-07
 98  6.4061392E-08
 99  3.4055278E-08
100  1.5526552E-08
101  9.6263393E-09
# qline | MW/m^3
  1  3.5108632E-04
  2  3.5108632E-04
  3  3.5113384E-04
  4  3.5122869E-04
  5  3.5136825E-04
  6  3.5155675E-04
  7  3.5179441E-04
  8  3.5208854E-04
  9  3.5244314E-04
 10  3.5286148E-04
 11  3.5335225E-04
 12  3.5392429E-04
 13  3.5459120E-04
 14  3.5536857E-04
 15  3.5626811E-04
 16  3.5729742E-04
 17  3.5846178E-04
 18  3.5977099E-04
 19  3.6124201E-04
 20  3.6287107E-04
 21  3.6466509E-04
 22  3.6661947E-04
 23  3.6871812E-04
 24  3.7095038E-04
 25  3.7330296E-04
 26  3.7574355E-04
 27  3.7822710E-04
 28  3.8072320E-04
 29  3.8319561E-04
 30  3.8559293E-04
 31  3.8789303E-04
 32  3.9004648E-04
 33  3.9200898E-04
 34  3.9373440E-04
 35  3.9516680E-04
 36  3.9626420E-04
 37  3.9701207E-04
 38  3.9740693E-04
 39  3.9744124E-04
 40  3.9711862E-04
 41  3.9638867E-04
 42  3.9530810E-04
 43  3.9387994E-04
 44  3.9210834E-04
 45  3.9000587E-04
 46  3.8757873E-04
 47  3.8483756E-04
 48  3.8181254E-04
 49  3.7855614E-04
 50  3.7513771E-04
 51  3.7163000E-04
 52  3.6811802E-04
 53  3.6469982E-04
 54  3.6140565E-04
 55  3.5823507E-04
 56  3.5518871E-04
 57  3.5226840E-04
 58  3.4947146E-04
 59  3.4678663E-04
 60  3.4419502E-04
 61  3.4167455E-04
 62  3.3919234E-04
 63  3.3674177E-04
 64  3.3433130E-04
 65  3.3196746E-04
 66  3.2965408E-04
 67  3.2740017E-04
 68  3.2521207E-04
 69  3.2309699E-04
 70  3.2106895E-04
 71  3.1915170E-04
 72  3.1738056E-04
 73  3.1578452E-04
 74  3.1441278E-04
 75  3.1328498E-04
 76  3.1240977E-04
 77  3.1176960E-04
 78  3.1134579E-04
 79  3.1111162E-04
 80  3.1103703E-04
 81  3.1109064E-04
 82  3.1123348E-04
 83  3.1142126E-04
 84  3.1160266E-04
 85  3.1165170E-04
 86  3.1149361E-04
 87  3.1107547E-04
 88  3.1035026E-04
 89  3.0927548E-04
 90  3.0787378E-04
 91  3.0616934E-04
 92  3.0420171E-04
 93  3.0217724E-04
 94  3.0044880E-04
 95  2.9878883E-04
 96  2.9784723E-04
 97  2.9904162E-04
 98  3.1156820E-04
 99  3.3503437E-04
100  3.6543490E-04
101  3.8736483E-04
# qei | MW/m^3
  1 -9.7750844E-03
  2 -9.7750844E-03
  3 -9.6206330E-03
  4 -9.3226928E-03
  5 -8.8836784E-03
  6 -8.3052908E-03
  7 -7.5900295E-03
  8 -6.7263201E-03
  9 -5.7324617E-03
 10 -4.6108543E-03
 11 -3.3664848E-03
 12 -2.0064134E-03
 13 -5.3699096E-04
 14  1.0409301E-03
 15  2.7256240E-03
 16  4.5142158E-03
 17  6.4015847E-03
 18  8.3738552E-03
 19  1.0417038E-02
 20  1.2513043E-02
 21  1.4643082E-02
 22  1.6787518E-02
 23  1.8925485E-02
 24  2.1034302E-02
 25  2.3089041E-02
 26  2.5063347E-02
 27  2.6929340E-02
 28  2.8656695E-02
 29  3.0226401E-02
 30  3.1593606E-02
 31  3.2768057E-02
 32  3.3734476E-02
 33  3.4484364E-02
 34  3.5004899E-02
 35  3.5283003E-02
 36  3.5309486E-02
 37  3.5080906E-02
 38  3.4600067E-02
 39  3.3870541E-02
 40  3.2897430E-02
 41  3.1670054E-02
 42  3.0222222E-02
 43  2.8562792E-02
 44  2.6710009E-02
 45  2.4686008E-02
 46  2.2516175E-02
 47  2.0228399E-02
 48  1.7846744E-02
 49  1.5385723E-02
 50  1.2852279E-02
 51  1.0254829E-02
 52  7.6071612E-03
 53  4.9151808E-03
 54  2.1887910E-03
 55 -5.5808882E-04
 56 -3.3122188E-03
 57 -6.0586612E-03
 58 -8.7785867E-03
 59 -1.1449586E-02
 60 -1.4045841E-02
 61 -1.6535987E-02
 62 -1.8885310E-02
 63 -2.1032220E-02
 64 -2.2985347E-02
 65 -2.4741851E-02
 66 -2.6331593E-02
 67 -2.7792967E-02
 68 -2.9167026E-02
 69 -3.0496506E-02
 70 -3.1822234E-02
 71 -3.3181616E-02
 72 -3.4615087E-02
 73 -3.6164782E-02
 74 -3.7863615E-02
 75 -3.9709260E-02
 76 -4.1663940E-02
 77 -4.3656104E-02
 78 -4.5634466E-02
 79 -4.7563207E-02
 80 -4.9415915E-02
 81 -5.1172395E-02
 82 -5.2816366E-02
 83 -5.4342130E-02
 84 -5.5757774E-02
 85 -5.7030464E-02
 86 -5.8175638E-02
 87 -5.9197810E-02
 88 -6.0098600E-02
 89 -6.0886518E-02
 90 -6.1468310E-02
 91 -6.1578262E-02
 92 -6.0499531E-02
 93 -5.6485770E-02
 94 -4.6429192E-02
 95 -2.7808932E-02
 96 -7.3856228E-03
 97  5.6329853E-04
 98 -5.8955588E-03
 99 -2.3534572E-02
100 -5.2162506E-02
101 -7.4488583E-02
# qione | MW/m^3
  1  2.4533680E-03
  2  2.4533680E-03
  3  2.3719051E-03
  4  2.2111475E-03
  5  1.9746686E-03
  6  1.6574837E-03
  7  1.2641747E-03
  8  7.8786097E-04
  9  2.3996064E-04
 10 -3.6693280E-04
 11 -1.0220665E-03
 12 -1.7163323E-03
 13 -2.4684213E-03
 14 -3.2845215E-03
 15 -4.1398993E-03
 16 -5.0045028E-03
 17 -5.8682604E-03
 18 -6.7237083E-03
 19 -7.5619343E-03
 20 -8.3639407E-03
 21 -9.1221817E-03
 22 -9.8233364E-03
 23 -1.0463631E-02
 24 -1.1036888E-02
 25 -1.1534322E-02
 26 -1.1945045E-02
 27 -1.2257862E-02
 28 -1.2483760E-02
 29 -1.2646316E-02
 30 -1.2750362E-02
 31 -1.2816419E-02
 32 -1.2854572E-02
 33 -1.2880407E-02
 34 -1.2885399E-02
 35 -1.2843429E-02
 36 -1.2744888E-02
 37 -1.2613623E-02
 38 -1.2488645E-02
 39 -1.2393628E-02
 40 -1.2335187E-02
 41 -1.2322096E-02
 42 -1.2340938E-02
 43 -1.2388361E-02
 44 -1.2461343E-02
 45 -1.2566890E-02
 46 -1.2723795E-02
 47 -1.2958230E-02
 48 -1.3272806E-02
 49 -1.3626294E-02
 50 -1.3967092E-02
 51 -1.4262829E-02
 52 -1.4491726E-02
 53 -1.4661517E-02
 54 -1.4779366E-02
 55 -1.4857787E-02
 56 -1.4905280E-02
 57 -1.4926461E-02
 58 -1.4914791E-02
 59 -1.4853835E-02
 60 -1.4727720E-02
 61 -1.4533117E-02
 62 -1.4286457E-02
 63 -1.4004903E-02
 64 -1.3704612E-02
 65 -1.3398848E-02
 66 -1.3094570E-02
 67 -1.2789268E-02
 68 -1.2479064E-02
 69 -1.2155373E-02
 70 -1.1809060E-02
 71 -1.1440050E-02
 72 -1.1049552E-02
 73 -1.0635009E-02
 74 -1.0179786E-02
 75 -9.6759342E-03
 76 -9.1188702E-03
 77 -8.5252415E-03
 78 -7.9160902E-03
 79 -7.3117861E-03
 80 -6.7249498E-03
 81 -6.1648026E-03
 82 -5.6443080E-03
 83 -5.1722728E-03
 84 -4.7524235E-03
 85 -4.4015050E-03
 86 -4.1263839E-03
 87 -3.9272180E-03
 88 -3.7862454E-03
 89 -3.6631470E-03
 90 -3.5839513E-03
 91 -3.6561714E-03
 92 -3.9616860E-03
 93 -4.3960078E-03
 94 -4.6575093E-03
 95 -4.7244553E-03
 96 -4.7293910E-03
 97 -3.8265550E-03
 98 -9.9408844E-04
 99  1.6836938E-03
100  2.2728185E-03
101  1.8972794E-03
# qioni | MW/m^3
  1  8.8431749E-02
  2  8.8431749E-02
  3  7.3093606E-02
  4  5.6237735E-02
  5  3.9300092E-02
  6  2.2440559E-02
  7  7.5257480E-03
  8 -1.7653369E-04
  9 -2.2894176E-03
 10 -8.5046009E-04
 11  2.9140349E-03
 12  7.3186659E-03
 13  8.7711233E-03
 14  7.1378420E-03
 15  3.2281668E-03
 16 -2.3735302E-03
 17 -8.5361572E-03
 18 -1.2576804E-02
 19 -1.4308598E-02
 20 -1.4190439E-02
 21 -1.2580640E-02
 22 -9.7570053E-03
 23 -5.9028978E-03
 24 -1.2413349E-03
 25  4.0108778E-03
 26  9.7162340E-03
 27  1.5241591E-02
 28  1.8654556E-02
 29  1.9829690E-02
 30  1.9155101E-02
 31  1.6943812E-02
 32  1.3979749E-02
 33  1.2316681E-02
 34  1.2208842E-02
 35  1.3356246E-02
 36  1.5645447E-02
 37  1.8501280E-02
 38  2.0527793E-02
 39  2.1482886E-02
 40  2.1485914E-02
 41  2.0655343E-02
 42  1.9228672E-02
 43  1.7822281E-02
 44  1.6582837E-02
 45  1.5514677E-02
 46  1.4571272E-02
 47  1.3822464E-02
 48  1.3140792E-02
 49  1.2526410E-02
 50  1.1993096E-02
 51  1.1552074E-02
 52  1.1240385E-02
 53  1.1181166E-02
 54  1.1372082E-02
 55  1.1759489E-02
 56  1.2299062E-02
 57  1.2901834E-02
 58  1.3443221E-02
 59  1.3884209E-02
 60  1.4253453E-02
 61  1.4567297E-02
 62  1.4834053E-02
 63  1.5027858E-02
 64  1.5142939E-02
 65  1.5162761E-02
 66  1.5045175E-02
 67  1.4797672E-02
 68  1.4453766E-02
 69  1.4077728E-02
 70  1.3694071E-02
 71  1.3269012E-02
 72  1.2807842E-02
 73  1.2418956E-02
 74  1.2155190E-02
 75  1.2039913E-02
 76  1.2116464E-02
 77  1.2390325E-02
 78  1.2758590E-02
 79  1.3225957E-02
 80  1.3625663E-02
 81  1.3949210E-02
 82  1.4188455E-02
 83  1.4301528E-02
 84  1.4272097E-02
 85  1.4106826E-02
 86  1.3832847E-02
 87  1.3478565E-02
 88  1.3111552E-02
 89  1.2887873E-02
 90  1.3221538E-02
 91  1.4836075E-02
 92  1.9062318E-02
 93  2.5627934E-02
 94  3.0716523E-02
 95  3.0811176E-02
 96  2.4648893E-02
 97  1.5545856E-02
 98  8.0891109E-03
 99  3.8399952E-03
100  7.9681458E-04
101 -6.5212633E-03
# qpar_beam | MW/m^3
  1  7.9372220E+19
  2  7.9372220E+19
  3  8.0060422E+19
  4  8.0788049E+19
  5  8.1480496E+19
  6  8.2115262E+19
  7  8.2553315E+19
  8  8.2443063E+19
  9  8.1874022E+19
 10  8.0990802E+19
 11  7.9886727E+19
 12  7.8636036E+19
 13  7.7281486E+19
 14  7.5843459E+19
 15  7.4323890E+19
 16  7.2715197E+19
 17  7.1010716E+19
 18  6.9178108E+19
 19  6.7233078E+19
 20  6.5193302E+19
 21  6.3075016E+19
 22  6.0923599E+19
 23  5.8845663E+19
 24  5.6869275E+19
 25  5.5004989E+19
 26  5.3266015E+19
 27  5.1662819E+19
 28  5.0183268E+19
 29  4.8800606E+19
 30  4.7507992E+19
 31  4.6280209E+19
 32  4.5109213E+19
 33  4.3976573E+19
 34  4.2889592E+19
 35  4.1877006E+19
 36  4.0956147E+19
 37  4.0099680E+19
 38  3.9251188E+19
 39  3.8370080E+19
 40  3.7427451E+19
 41  3.6402152E+19
 42  3.5292946E+19
 43  3.4112186E+19
 44  3.2859543E+19
 45  3.1532176E+19
 46  3.0121240E+19
 47  2.8630403E+19
 48  2.7102968E+19
 49  2.5585893E+19
 50  2.4116015E+19
 51  2.2726369E+19
 52  2.1463249E+19
 53  2.0349247E+19
 54  1.9360823E+19
 55  1.8440816E+19
 56  1.7534553E+19
 57  1.6606709E+19
 58  1.5661171E+19
 59  1.4736490E+19
 60  1.3879781E+19
 61  1.3127165E+19
 62  1.2481230E+19
 63  1.1935838E+19
 64  1.1443622E+19
 65  1.0961441E+19
 66  1.0447720E+19
 67  9.8737145E+18
 68  9.2040440E+18
 69  8.4250622E+18
 70  7.5489301E+18
 71  6.6015627E+18
 72  5.6014520E+18
 73  4.5815879E+18
 74  3.6037788E+18
 75  2.7582202E+18
 76  2.0769710E+18
 77  1.5139669E+18
 78  1.0514673E+18
 79  7.3358330E+17
 80  5.5386097E+17
 81  4.4174724E+17
 82  3.5577560E+17
 83  3.0578927E+17
 84  2.9152430E+17
 85  3.4627430E+17
 86  4.8001392E+17
 87  6.8997980E+17
 88  9.4119063E+17
 89  1.2736931E+18
 90  1.5979256E+18
 91  1.7495156E+18
 92  1.5906966E+18
 93  2.2406949E+19
 94  6.6260353E+19
 95  1.1560132E+20
 96  1.6927938E+20
 97  2.3210150E+20
 98  3.1002654E+20
 99  4.1374572E+20
100  5.4005108E+20
101  6.8472159E+20
# qmom | MW/m^3
  1 -7.1831610E-01
  2 -7.1831610E-01
  3 -7.8678105E-01
  4 -8.6212694E-01
  5 -9.3856342E-01
  6 -1.0153242E+00
  7 -1.0872645E+00
  8 -1.1399993E+00
  9 -1.1772033E+00
 10 -1.2042006E+00
 11 -1.2243528E+00
 12 -1.2362769E+00
 13 -1.2295489E+00
 14 -1.2059099E+00
 15 -1.1689270E+00
 16 -1.1209831E+00
 17 -1.0668400E+00
 18 -1.0179091E+00
 19 -9.7579879E-01
 20 -9.3926009E-01
 21 -9.0722403E-01
 22 -8.7729376E-01
 23 -8.4271962E-01
 24 -8.0255270E-01
 25 -7.5744158E-01
 26 -7.0793077E-01
 27 -6.5960969E-01
 28 -6.3203893E-01
 29 -6.2785661E-01
 30 -6.4479492E-01
 31 -6.8088382E-01
 32 -7.2820257E-01
 33 -7.6161872E-01
 34 -7.7644214E-01
 35 -7.7421503E-01
 36 -7.5629840E-01
 37 -7.2550689E-01
 38 -6.8922155E-01
 39 -6.4942918E-01
 40 -6.0640820E-01
 41 -5.6042011E-01
 42 -5.1437047E-01
 43 -4.7874334E-01
 44 -4.5540829E-01
 45 -4.4357135E-01
 46 -4.4250979E-01
 47 -4.4911219E-01
 48 -4.5325969E-01
 49 -4.5272811E-01
 50 -4.4778609E-01
 51 -4.3868013E-01
 52 -4.2663743E-01
 53 -4.1572536E-01
 54 -4.0682126E-01
 55 -3.9978403E-01
 56 -3.9448156E-01
 57 -3.8986235E-01
 58 -3.8220764E-01
 59 -3.7075975E-01
 60 -3.5567764E-01
 61 -3.3710632E-01
 62 -3.1641597E-01
 63 -2.9854241E-01
 64 -2.8457236E-01
 65 -2.7436700E-01
 66 -2.6778465E-01
 67 -2.6417649E-01
 68 -2.6144199E-01
 69 -2.5906356E-01
 70 -2.5703755E-01
 71 -2.5535004E-01
 72 -2.5367943E-01
 73 -2.5079748E-01
 74 -2.4642350E-01
 75 -2.4057740E-01
 76 -2.3329598E-01
 77 -2.2431236E-01
 78 -2.1240810E-01
 79 -1.9733832E-01
 80 -1.7918884E-01
 81 -1.5805106E-01
 82 -1.3481363E-01
 83 -1.1275395E-01
 84 -9.2628477E-02
 85 -7.4373261E-02
 86 -5.7921588E-02
 87 -4.3038826E-02
 88 -2.9024665E-02
 89 -1.5714015E-02
 90 -3.0913840E-03
 91  8.8715081E-03
 92  1.9940285E-02
 93  2.9128940E-02
 94  3.6081978E-02
 95  4.0898345E-02
 96  4.4012266E-02
 97  4.5778540E-02
 98  4.6375046E-02
 99  4.5614833E-02
100  4.3356416E-02
101  3.9631699E-02
