#  *original : Sat Oct 23 08:53:30 PDT 2021                           
# *statefile : state180530Z04_3x800.cdf                               
#     *gfile : state180530Z04_3x800.geq 23Oct2021 t~ 3                
#   *cerfile : null                                                   
#      *vgen : null                                                   
#     *tgyro : null                                                   
#
# nexp
101
# nion
3
# shot
180530
# name
D C D
# type
[therm] [therm] [fast]
# masse
 5.4488741E-04
# mass
 2.0005209E+00 1.1930011E+01 2.0005209E+00
# ze
-1.0000000E+00
# z
 1.0000000E+00 6.0000000E+00 1.0000000E+00
# torfluxa | Wb/radian
 5.2344457E-01
# rcentr | m
 1.6825086E+00
# bcentr | T
 1.9950301E+00
# current | MA
-8.8744419E-01
# rho | -
  1  0.0000000E+00
  2  1.0000000E-02
  3  2.0000000E-02
  4  3.0000000E-02
  5  4.0000000E-02
  6  5.0000000E-02
  7  6.0000000E-02
  8  7.0000000E-02
  9  8.0000000E-02
 10  9.0000000E-02
 11  1.0000000E-01
 12  1.1000000E-01
 13  1.2000000E-01
 14  1.3000000E-01
 15  1.4000000E-01
 16  1.5000000E-01
 17  1.6000000E-01
 18  1.7000000E-01
 19  1.8000000E-01
 20  1.9000000E-01
 21  2.0000000E-01
 22  2.1000000E-01
 23  2.2000000E-01
 24  2.3000000E-01
 25  2.4000000E-01
 26  2.5000000E-01
 27  2.6000000E-01
 28  2.7000000E-01
 29  2.8000000E-01
 30  2.9000000E-01
 31  3.0000000E-01
 32  3.1000000E-01
 33  3.2000000E-01
 34  3.3000000E-01
 35  3.4000000E-01
 36  3.5000000E-01
 37  3.6000000E-01
 38  3.7000000E-01
 39  3.8000000E-01
 40  3.9000000E-01
 41  4.0000000E-01
 42  4.1000000E-01
 43  4.2000000E-01
 44  4.3000000E-01
 45  4.4000000E-01
 46  4.5000000E-01
 47  4.6000000E-01
 48  4.7000000E-01
 49  4.8000000E-01
 50  4.9000000E-01
 51  5.0000000E-01
 52  5.1000000E-01
 53  5.2000000E-01
 54  5.3000000E-01
 55  5.4000000E-01
 56  5.5000000E-01
 57  5.6000000E-01
 58  5.7000000E-01
 59  5.8000000E-01
 60  5.9000000E-01
 61  6.0000000E-01
 62  6.1000000E-01
 63  6.2000000E-01
 64  6.3000000E-01
 65  6.4000000E-01
 66  6.5000000E-01
 67  6.6000000E-01
 68  6.7000000E-01
 69  6.8000000E-01
 70  6.9000000E-01
 71  7.0000000E-01
 72  7.1000000E-01
 73  7.2000000E-01
 74  7.3000000E-01
 75  7.4000000E-01
 76  7.5000000E-01
 77  7.6000000E-01
 78  7.7000000E-01
 79  7.8000000E-01
 80  7.9000000E-01
 81  8.0000000E-01
 82  8.1000000E-01
 83  8.2000000E-01
 84  8.3000000E-01
 85  8.4000000E-01
 86  8.5000000E-01
 87  8.6000000E-01
 88  8.7000000E-01
 89  8.8000000E-01
 90  8.9000000E-01
 91  9.0000000E-01
 92  9.1000000E-01
 93  9.2000000E-01
 94  9.3000000E-01
 95  9.4000000E-01
 96  9.5000000E-01
 97  9.6000000E-01
 98  9.7000000E-01
 99  9.8000000E-01
100  9.9000000E-01
101  1.0000000E+00
# rmin | m
  1  0.0000000E+00
  2  6.5369335E-03
  3  1.3075763E-02
  4  1.9616487E-02
  5  2.6159107E-02
  6  3.2703623E-02
  7  3.9250035E-02
  8  4.5798183E-02
  9  5.2344729E-02
 10  5.8891647E-02
 11  6.5439722E-02
 12  7.1985651E-02
 13  7.8531434E-02
 14  8.5075569E-02
 15  9.1619052E-02
 16  9.8161809E-02
 17  1.0470239E-01
 18  1.1124054E-01
 19  1.1777807E-01
 20  1.2431331E-01
 21  1.3084638E-01
 22  1.3737782E-01
 23  1.4390609E-01
 24  1.5043352E-01
 25  1.5695850E-01
 26  1.6347874E-01
 27  1.6999509E-01
 28  1.7650389E-01
 29  1.8300784E-01
 30  1.8950627E-01
 31  1.9599715E-01
 32  2.0248125E-01
 33  2.0895627E-01
 34  2.1542559E-01
 35  2.2188402E-01
 36  2.2833195E-01
 37  2.3477020E-01
 38  2.4119385E-01
 39  2.4760111E-01
 40  2.5399209E-01
 41  2.6036492E-01
 42  2.6671958E-01
 43  2.7305591E-01
 44  2.7937073E-01
 45  2.8566779E-01
 46  2.9194715E-01
 47  2.9820510E-01
 48  3.0444533E-01
 49  3.1066684E-01
 50  3.1687058E-01
 51  3.2305483E-01
 52  3.2922257E-01
 53  3.3537325E-01
 54  3.4150637E-01
 55  3.4762312E-01
 56  3.5371886E-01
 57  3.5979625E-01
 58  3.6585499E-01
 59  3.7189332E-01
 60  3.7791561E-01
 61  3.8391437E-01
 62  3.8989681E-01
 63  3.9585839E-01
 64  4.0180080E-01
 65  4.0772758E-01
 66  4.1363113E-01
 67  4.1951566E-01
 68  4.2538245E-01
 69  4.3122982E-01
 70  4.3706015E-01
 71  4.4286925E-01
 72  4.4866076E-01
 73  4.5443033E-01
 74  4.6018487E-01
 75  4.6592200E-01
 76  4.7163843E-01
 77  4.7733944E-01
 78  4.8301826E-01
 79  4.8868179E-01
 80  4.9432777E-01
 81  4.9995831E-01
 82  5.0556652E-01
 83  5.1115355E-01
 84  5.1672351E-01
 85  5.2228276E-01
 86  5.2782355E-01
 87  5.3333738E-01
 88  5.3883789E-01
 89  5.4432277E-01
 90  5.4978026E-01
 91  5.5521390E-01
 92  5.6063547E-01
 93  5.6604391E-01
 94  5.7142780E-01
 95  5.7681523E-01
 96  5.8218815E-01
 97  5.8757344E-01
 98  5.9294472E-01
 99  5.9826888E-01
100  6.0350649E-01
101  6.0864999E-01
# polflux | Wb/radian
  1 -0.0000000E+00
  2 -1.4869088E-04
  3 -3.2714046E-04
  4 -5.6510746E-04
  5 -8.9235056E-04
  6 -1.3386184E-03
  7 -1.9212813E-03
  8 -2.6212553E-03
  9 -3.4199649E-03
 10 -4.3222235E-03
 11 -5.3313456E-03
 12 -6.4454088E-03
 13 -7.6645842E-03
 14 -8.9880702E-03
 15 -1.0414931E-02
 16 -1.1944388E-02
 17 -1.3576123E-02
 18 -1.5310250E-02
 19 -1.7146681E-02
 20 -1.9084388E-02
 21 -2.1121222E-02
 22 -2.3254307E-02
 23 -2.5481190E-02
 24 -2.7800951E-02
 25 -3.0214207E-02
 26 -3.2722790E-02
 27 -3.5329574E-02
 28 -3.8037021E-02
 29 -4.0845173E-02
 30 -4.3751718E-02
 31 -4.6752148E-02
 32 -4.9839594E-02
 33 -5.3005920E-02
 34 -5.6243369E-02
 35 -5.9544557E-02
 36 -6.2901538E-02
 37 -6.6305572E-02
 38 -6.9748000E-02
 39 -7.3221085E-02
 40 -7.6718241E-02
 41 -8.0233945E-02
 42 -8.3763894E-02
 43 -8.7304485E-02
 44 -9.0852373E-02
 45 -9.4404545E-02
 46 -9.7958301E-02
 47 -1.0151110E-01
 48 -1.0506066E-01
 49 -1.0860501E-01
 50 -1.1214240E-01
 51 -1.1567117E-01
 52 -1.1918974E-01
 53 -1.2269673E-01
 54 -1.2619072E-01
 55 -1.2967009E-01
 56 -1.3313318E-01
 57 -1.3657836E-01
 58 -1.4000418E-01
 59 -1.4340929E-01
 60 -1.4679230E-01
 61 -1.5015171E-01
 62 -1.5348604E-01
 63 -1.5679388E-01
 64 -1.6007396E-01
 65 -1.6332517E-01
 66 -1.6654659E-01
 67 -1.6973746E-01
 68 -1.7289695E-01
 69 -1.7602413E-01
 70 -1.7911834E-01
 71 -1.8217917E-01
 72 -1.8520628E-01
 73 -1.8819913E-01
 74 -1.9115705E-01
 75 -1.9407944E-01
 76 -1.9696599E-01
 77 -1.9981642E-01
 78 -2.0263012E-01
 79 -2.0540616E-01
 80 -2.0814382E-01
 81 -2.1084294E-01
 82 -2.1350351E-01
 83 -2.1612511E-01
 84 -2.1870683E-01
 85 -2.2124778E-01
 86 -2.2374738E-01
 87 -2.2620519E-01
 88 -2.2862063E-01
 89 -2.3099303E-01
 90 -2.3332181E-01
 91 -2.3560657E-01
 92 -2.3784742E-01
 93 -2.4004472E-01
 94 -2.4219887E-01
 95 -2.4431091E-01
 96 -2.4638290E-01
 97 -2.4841589E-01
 98 -2.5040410E-01
 99 -2.5233435E-01
100 -2.5419236E-01
101 -2.5597040E-01
# q | -
  1 -9.7240851E-01
  2 -9.7337017E-01
  3 -9.7446836E-01
  4 -9.7583785E-01
  5 -9.7754388E-01
  6 -9.7953961E-01
  7 -9.8157079E-01
  8 -9.8317714E-01
  9 -9.8454600E-01
 10 -9.8551492E-01
 11 -9.8633239E-01
 12 -9.8697646E-01
 13 -9.8799805E-01
 14 -9.8953129E-01
 15 -9.9146195E-01
 16 -9.9351905E-01
 17 -9.9534525E-01
 18 -9.9684502E-01
 19 -9.9842955E-01
 20 -1.0006611E+00
 21 -1.0039577E+00
 22 -1.0083327E+00
 23 -1.0131283E+00
 24 -1.0175758E+00
 25 -1.0211779E+00
 26 -1.0235180E+00
 27 -1.0245048E+00
 28 -1.0248608E+00
 29 -1.0256642E+00
 30 -1.0275691E+00
 31 -1.0313030E+00
 32 -1.0374047E+00
 33 -1.0458498E+00
 34 -1.0562891E+00
 35 -1.0687093E+00
 36 -1.0833880E+00
 37 -1.1004805E+00
 38 -1.1198265E+00
 39 -1.1411293E+00
 40 -1.1641084E+00
 41 -1.1884711E+00
 42 -1.2139184E+00
 43 -1.2403848E+00
 44 -1.2678810E+00
 45 -1.2963081E+00
 46 -1.3256549E+00
 47 -1.3559294E+00
 48 -1.3870887E+00
 49 -1.4190380E+00
 50 -1.4517949E+00
 51 -1.4853975E+00
 52 -1.5198055E+00
 53 -1.5550310E+00
 54 -1.5912047E+00
 55 -1.6284431E+00
 56 -1.6668176E+00
 57 -1.7063383E+00
 58 -1.7469975E+00
 59 -1.7888485E+00
 60 -1.8320189E+00
 61 -1.8766166E+00
 62 -1.9227195E+00
 63 -1.9703422E+00
 64 -2.0195072E+00
 65 -2.0701714E+00
 66 -2.1223092E+00
 67 -2.1759646E+00
 68 -2.2313007E+00
 69 -2.2884088E+00
 70 -2.3471241E+00
 71 -2.4073695E+00
 72 -2.4692938E+00
 73 -2.5331849E+00
 74 -2.5991663E+00
 75 -2.6671844E+00
 76 -2.7371088E+00
 77 -2.8091760E+00
 78 -2.8839886E+00
 79 -2.9618364E+00
 80 -3.0423421E+00
 81 -3.1251243E+00
 82 -3.2104937E+00
 83 -3.2992906E+00
 84 -3.3921740E+00
 85 -3.4890304E+00
 86 -3.5897457E+00
 87 -3.6946602E+00
 88 -3.8042632E+00
 89 -3.9189605E+00
 90 -4.0388527E+00
 91 -4.1637973E+00
 92 -4.2930245E+00
 93 -4.4267001E+00
 94 -4.5646999E+00
 95 -4.7047543E+00
 96 -4.8450840E+00
 97 -4.9929977E+00
 98 -5.1747492E+00
 99 -5.4075011E+00
100 -5.6995743E+00
101 -6.0142539E+00
# w0 | rad/s
  1  2.6704525E+04
  2 -6.0609694E+04
  3 -1.2464875E+05
  4 -1.4072844E+05
  5 -1.3754880E+05
  6 -1.2801528E+05
  7 -1.2112467E+05
  8 -1.1941321E+05
  9 -1.1900021E+05
 10 -1.1774581E+05
 11 -1.1622957E+05
 12 -1.1469634E+05
 13 -1.1302786E+05
 14 -1.1128789E+05
 15 -1.0949292E+05
 16 -1.0763845E+05
 17 -1.0572727E+05
 18 -1.0375168E+05
 19 -1.0170485E+05
 20 -9.9588338E+04
 21 -9.7438935E+04
 22 -9.5250400E+04
 23 -9.3007112E+04
 24 -9.0840694E+04
 25 -8.8676602E+04
 26 -8.6448601E+04
 27 -8.4306784E+04
 28 -8.2153392E+04
 29 -7.9947440E+04
 30 -7.7815202E+04
 31 -7.5710292E+04
 32 -7.3579491E+04
 33 -7.1510062E+04
 34 -6.9496800E+04
 35 -6.7529232E+04
 36 -6.5618628E+04
 37 -6.3719823E+04
 38 -6.1883825E+04
 39 -6.0115534E+04
 40 -5.8384737E+04
 41 -5.6712282E+04
 42 -5.5096908E+04
 43 -5.3533897E+04
 44 -5.2023289E+04
 45 -5.0564736E+04
 46 -4.9159284E+04
 47 -4.7803859E+04
 48 -4.6494224E+04
 49 -4.5227121E+04
 50 -4.4000787E+04
 51 -4.2813767E+04
 52 -4.1662752E+04
 53 -4.0544368E+04
 54 -3.9457306E+04
 55 -3.8400394E+04
 56 -3.7371788E+04
 57 -3.6368430E+04
 58 -3.5386044E+04
 59 -3.4422186E+04
 60 -3.3475768E+04
 61 -3.2544934E+04
 62 -3.1626896E+04
 63 -3.0718853E+04
 64 -2.9818102E+04
 65 -2.8921597E+04
 66 -2.8027413E+04
 67 -2.7135424E+04
 68 -2.6246265E+04
 69 -2.5358141E+04
 70 -2.4465487E+04
 71 -2.3562302E+04
 72 -2.2643822E+04
 73 -2.1706055E+04
 74 -2.0745358E+04
 75 -1.9758625E+04
 76 -1.8745183E+04
 77 -1.7708949E+04
 78 -1.6656776E+04
 79 -1.5595282E+04
 80 -1.4530855E+04
 81 -1.3471043E+04
 82 -1.2425833E+04
 83 -1.1406455E+04
 84 -1.0420908E+04
 85 -9.4729225E+03
 86 -8.5642417E+03
 87 -7.6948826E+03
 88 -6.8617095E+03
 89 -6.0555291E+03
 90 -5.2481525E+03
 91 -4.3768588E+03
 92 -3.3501456E+03
 93 -2.1073610E+03
 94 -7.1904254E+02
 95  6.1094811E+02
 96  1.6994932E+03
 97  2.5271743E+03
 98  3.1677141E+03
 99  3.6493257E+03
100  3.9689056E+03
101  4.2046427E+03
# rmaj | m
  1  1.8278848E+00
  2  1.8278696E+00
  3  1.8278255E+00
  4  1.8277523E+00
  5  1.8276502E+00
  6  1.8275192E+00
  7  1.8273591E+00
  8  1.8271702E+00
  9  1.8269551E+00
 10  1.8267118E+00
 11  1.8264384E+00
 12  1.8261317E+00
 13  1.8257947E+00
 14  1.8254311E+00
 15  1.8250393E+00
 16  1.8246184E+00
 17  1.8241686E+00
 18  1.8236906E+00
 19  1.8231835E+00
 20  1.8226516E+00
 21  1.8220931E+00
 22  1.8215096E+00
 23  1.8209000E+00
 24  1.8202647E+00
 25  1.8196051E+00
 26  1.8189216E+00
 27  1.8182187E+00
 28  1.8174955E+00
 29  1.8167497E+00
 30  1.8159733E+00
 31  1.8151742E+00
 32  1.8143480E+00
 33  1.8134952E+00
 34  1.8126166E+00
 35  1.8117125E+00
 36  1.8107846E+00
 37  1.8098337E+00
 38  1.8088565E+00
 39  1.8078482E+00
 40  1.8068094E+00
 41  1.8057395E+00
 42  1.8046411E+00
 43  1.8035111E+00
 44  1.8023494E+00
 45  1.8011535E+00
 46  1.7999242E+00
 47  1.7986632E+00
 48  1.7973690E+00
 49  1.7960437E+00
 50  1.7946884E+00
 51  1.7933012E+00
 52  1.7918806E+00
 53  1.7904297E+00
 54  1.7889483E+00
 55  1.7874344E+00
 56  1.7858905E+00
 57  1.7843115E+00
 58  1.7827049E+00
 59  1.7810659E+00
 60  1.7794004E+00
 61  1.7777033E+00
 62  1.7759775E+00
 63  1.7742206E+00
 64  1.7724320E+00
 65  1.7706128E+00
 66  1.7687650E+00
 67  1.7668861E+00
 68  1.7649834E+00
 69  1.7630461E+00
 70  1.7610777E+00
 71  1.7590800E+00
 72  1.7570527E+00
 73  1.7549963E+00
 74  1.7529061E+00
 75  1.7507924E+00
 76  1.7486509E+00
 77  1.7464757E+00
 78  1.7442755E+00
 79  1.7420422E+00
 80  1.7397776E+00
 81  1.7374787E+00
 82  1.7351489E+00
 83  1.7327905E+00
 84  1.7304051E+00
 85  1.7279782E+00
 86  1.7255256E+00
 87  1.7230311E+00
 88  1.7205066E+00
 89  1.7179479E+00
 90  1.7153524E+00
 91  1.7127237E+00
 92  1.7100524E+00
 93  1.7073480E+00
 94  1.7046001E+00
 95  1.7018100E+00
 96  1.6989665E+00
 97  1.6960748E+00
 98  1.6931319E+00
 99  1.6901685E+00
100  1.6872030E+00
101  1.6842344E+00
# zmag | m
  1 -6.2487387E-02
  2 -6.2519226E-02
  3 -6.2551021E-02
  4 -6.2582775E-02
  5 -6.2614486E-02
  6 -6.2646154E-02
  7 -6.2677780E-02
  8 -6.2709753E-02
  9 -6.2750284E-02
 10 -6.2796154E-02
 11 -6.2847422E-02
 12 -6.2908141E-02
 13 -6.2971535E-02
 14 -6.3041328E-02
 15 -6.3114483E-02
 16 -6.3193932E-02
 17 -6.3281917E-02
 18 -6.3375750E-02
 19 -6.3472695E-02
 20 -6.3571482E-02
 21 -6.3674217E-02
 22 -6.3782204E-02
 23 -6.3897396E-02
 24 -6.4014450E-02
 25 -6.4135824E-02
 26 -6.4262741E-02
 27 -6.4394352E-02
 28 -6.4531810E-02
 29 -6.4674166E-02
 30 -6.4815895E-02
 31 -6.4964686E-02
 32 -6.5115800E-02
 33 -6.5269764E-02
 34 -6.5430472E-02
 35 -6.5595308E-02
 36 -6.5768287E-02
 37 -6.5948898E-02
 38 -6.6142863E-02
 39 -6.6344700E-02
 40 -6.6561383E-02
 41 -6.6789455E-02
 42 -6.7030934E-02
 43 -6.7278545E-02
 44 -6.7537791E-02
 45 -6.7805391E-02
 46 -6.8086040E-02
 47 -6.8379613E-02
 48 -6.8682114E-02
 49 -6.8998858E-02
 50 -6.9331101E-02
 51 -6.9678824E-02
 52 -7.0038766E-02
 53 -7.0414641E-02
 54 -7.0806963E-02
 55 -7.1221177E-02
 56 -7.1647955E-02
 57 -7.2097184E-02
 58 -7.2558632E-02
 59 -7.3044667E-02
 60 -7.3550778E-02
 61 -7.4087784E-02
 62 -7.4637709E-02
 63 -7.5223029E-02
 64 -7.5834784E-02
 65 -7.6476394E-02
 66 -7.7153060E-02
 67 -7.7860834E-02
 68 -7.8608883E-02
 69 -7.9388991E-02
 70 -8.0216246E-02
 71 -8.1073288E-02
 72 -8.1988471E-02
 73 -8.2943643E-02
 74 -8.3950353E-02
 75 -8.5013426E-02
 76 -8.6135368E-02
 77 -8.7337198E-02
 78 -8.8592893E-02
 79 -8.9926608E-02
 80 -9.1343817E-02
 81 -9.2843057E-02
 82 -9.4447922E-02
 83 -9.6160498E-02
 84 -9.7981021E-02
 85 -9.9932477E-02
 86 -1.0203874E-01
 87 -1.0429819E-01
 88 -1.0675360E-01
 89 -1.0940241E-01
 90 -1.1229533E-01
 91 -1.1542229E-01
 92 -1.1884823E-01
 93 -1.2257668E-01
 94 -1.2668262E-01
 95 -1.3117196E-01
 96 -1.3602519E-01
 97 -1.4114532E-01
 98 -1.4673978E-01
 99 -1.5331145E-01
100 -1.6157012E-01
101 -1.7216086E-01
# kappa | -
  1  1.3484323E+00
  2  1.3480373E+00
  3  1.3476428E+00
  4  1.3472488E+00
  5  1.3468554E+00
  6  1.3464625E+00
  7  1.3460701E+00
  8  1.3456822E+00
  9  1.3453834E+00
 10  1.3451152E+00
 11  1.3448447E+00
 12  1.3446540E+00
 13  1.3444490E+00
 14  1.3442808E+00
 15  1.3440988E+00
 16  1.3438709E+00
 17  1.3436593E+00
 18  1.3434091E+00
 19  1.3431433E+00
 20  1.3428914E+00
 21  1.3426555E+00
 22  1.3424164E+00
 23  1.3421512E+00
 24  1.3418521E+00
 25  1.3415680E+00
 26  1.3412841E+00
 27  1.3410520E+00
 28  1.3408585E+00
 29  1.3407174E+00
 30  1.3406391E+00
 31  1.3406140E+00
 32  1.3406443E+00
 33  1.3407017E+00
 34  1.3407817E+00
 35  1.3409064E+00
 36  1.3410986E+00
 37  1.3413716E+00
 38  1.3417503E+00
 39  1.3422443E+00
 40  1.3428990E+00
 41  1.3437185E+00
 42  1.3446938E+00
 43  1.3458181E+00
 44  1.3470681E+00
 45  1.3484423E+00
 46  1.3499135E+00
 47  1.3514526E+00
 48  1.3530610E+00
 49  1.3547247E+00
 50  1.3564509E+00
 51  1.3582256E+00
 52  1.3600567E+00
 53  1.3619473E+00
 54  1.3639084E+00
 55  1.3659165E+00
 56  1.3679946E+00
 57  1.3701223E+00
 58  1.3723015E+00
 59  1.3745595E+00
 60  1.3768509E+00
 61  1.3792438E+00
 62  1.3816896E+00
 63  1.3842034E+00
 64  1.3868041E+00
 65  1.3894600E+00
 66  1.3921972E+00
 67  1.3950214E+00
 68  1.3979094E+00
 69  1.4008822E+00
 70  1.4039195E+00
 71  1.4070610E+00
 72  1.4102857E+00
 73  1.4136125E+00
 74  1.4170004E+00
 75  1.4204935E+00
 76  1.4241003E+00
 77  1.4278223E+00
 78  1.4316541E+00
 79  1.4355967E+00
 80  1.4396661E+00
 81  1.4438650E+00
 82  1.4482360E+00
 83  1.4527601E+00
 84  1.4574759E+00
 85  1.4623492E+00
 86  1.4674475E+00
 87  1.4727887E+00
 88  1.4783981E+00
 89  1.4842482E+00
 90  1.4904900E+00
 91  1.4970675E+00
 92  1.5040221E+00
 93  1.5113164E+00
 94  1.5190692E+00
 95  1.5271906E+00
 96  1.5356927E+00
 97  1.5443172E+00
 98  1.5534041E+00
 99  1.5638477E+00
100  1.5768364E+00
101  1.5933928E+00
# delta | -
  1  0.0000000E+00
  2 -9.1228434E-05
  3 -1.9321572E-04
  4 -3.0596185E-04
  5 -4.2946683E-04
  6 -5.6373065E-04
  7 -7.0875332E-04
  8 -8.6481179E-04
  9 -1.0377546E-03
 10 -1.2224683E-03
 11 -1.4220206E-03
 12 -1.6981630E-03
 13 -1.9726500E-03
 14 -2.2413004E-03
 15 -2.5328261E-03
 16 -2.8444324E-03
 17 -3.2202586E-03
 18 -3.5674277E-03
 19 -3.9565506E-03
 20 -4.3251474E-03
 21 -4.7199398E-03
 22 -5.1160117E-03
 23 -5.5232072E-03
 24 -5.9486799E-03
 25 -6.3818686E-03
 26 -6.8802587E-03
 27 -7.3469188E-03
 28 -7.8646181E-03
 29 -8.3560571E-03
 30 -8.9929034E-03
 31 -9.5411668E-03
 32 -1.0228062E-02
 33 -1.0903032E-02
 34 -1.1603271E-02
 35 -1.2324334E-02
 36 -1.3050748E-02
 37 -1.3753705E-02
 38 -1.4441641E-02
 39 -1.5171723E-02
 40 -1.5855665E-02
 41 -1.6581321E-02
 42 -1.7296738E-02
 43 -1.8050307E-02
 44 -1.8814718E-02
 45 -1.9664104E-02
 46 -2.0535968E-02
 47 -2.1440908E-02
 48 -2.2390882E-02
 49 -2.3358779E-02
 50 -2.4350874E-02
 51 -2.5356159E-02
 52 -2.6416538E-02
 53 -2.7525453E-02
 54 -2.8662882E-02
 55 -2.9868264E-02
 56 -3.1167673E-02
 57 -3.2494398E-02
 58 -3.3866521E-02
 59 -3.5313589E-02
 60 -3.6835378E-02
 61 -3.8360826E-02
 62 -3.9981564E-02
 63 -4.1614401E-02
 64 -4.3362153E-02
 65 -4.5144794E-02
 66 -4.7013493E-02
 67 -4.8943371E-02
 68 -5.0894722E-02
 69 -5.2944268E-02
 70 -5.5064136E-02
 71 -5.7244766E-02
 72 -5.9510655E-02
 73 -6.1825619E-02
 74 -6.4242990E-02
 75 -6.6706507E-02
 76 -6.9243498E-02
 77 -7.1895347E-02
 78 -7.4593563E-02
 79 -7.7393683E-02
 80 -8.0217866E-02
 81 -8.3214926E-02
 82 -8.6248878E-02
 83 -8.9367853E-02
 84 -9.2596804E-02
 85 -9.5880462E-02
 86 -9.9204861E-02
 87 -1.0262951E-01
 88 -1.0616392E-01
 89 -1.0971352E-01
 90 -1.1334322E-01
 91 -1.1694215E-01
 92 -1.2068755E-01
 93 -1.2438996E-01
 94 -1.2811792E-01
 95 -1.3185337E-01
 96 -1.3560513E-01
 97 -1.3929494E-01
 98 -1.4293302E-01
 99 -1.4639350E-01
100 -1.4928865E-01
101 -1.5163537E-01
# zeta | -
  1 -0.0000000E+00
  2  4.0364266E-05
  3  6.1147192E-05
  4  6.2348776E-05
  5  4.3969019E-05
  6  6.0079205E-06
  7 -5.1534519E-05
  8 -1.2835718E-04
  9 -2.1810187E-04
 10 -3.3568486E-04
 11 -4.9865198E-04
 12 -6.9286834E-04
 13 -9.1616191E-04
 14 -1.1796337E-03
 15 -1.4858068E-03
 16 -1.7939894E-03
 17 -2.1404565E-03
 18 -2.4492240E-03
 19 -2.8161031E-03
 20 -3.2271001E-03
 21 -3.6847617E-03
 22 -4.1827747E-03
 23 -4.6397932E-03
 24 -5.1169422E-03
 25 -5.6349644E-03
 26 -6.1157011E-03
 27 -6.6517238E-03
 28 -7.1431250E-03
 29 -7.6760104E-03
 30 -8.2554218E-03
 31 -8.8319329E-03
 32 -9.4305978E-03
 33 -9.9787865E-03
 34 -1.0547194E-02
 35 -1.1082068E-02
 36 -1.1636144E-02
 37 -1.2258658E-02
 38 -1.2913660E-02
 39 -1.3606537E-02
 40 -1.4415940E-02
 41 -1.5332614E-02
 42 -1.6353982E-02
 43 -1.7475120E-02
 44 -1.8629854E-02
 45 -1.9872548E-02
 46 -2.1177076E-02
 47 -2.2450460E-02
 48 -2.3752839E-02
 49 -2.5051105E-02
 50 -2.6373836E-02
 51 -2.7685180E-02
 52 -2.9033984E-02
 53 -3.0420470E-02
 54 -3.1861913E-02
 55 -3.3339535E-02
 56 -3.4837396E-02
 57 -3.6361498E-02
 58 -3.7909508E-02
 59 -3.9502669E-02
 60 -4.1126585E-02
 61 -4.2799749E-02
 62 -4.4527247E-02
 63 -4.6288270E-02
 64 -4.8126968E-02
 65 -5.0026652E-02
 66 -5.1957033E-02
 67 -5.3960380E-02
 68 -5.6014529E-02
 69 -5.8136299E-02
 70 -6.0311736E-02
 71 -6.2565450E-02
 72 -6.4889967E-02
 73 -6.7274050E-02
 74 -6.9712026E-02
 75 -7.2244829E-02
 76 -7.4849306E-02
 77 -7.7557757E-02
 78 -8.0320121E-02
 79 -8.3180132E-02
 80 -8.6138693E-02
 81 -8.9199213E-02
 82 -9.2364960E-02
 83 -9.5606414E-02
 84 -9.8993017E-02
 85 -1.0251880E-01
 86 -1.0620207E-01
 87 -1.0999460E-01
 88 -1.1400039E-01
 89 -1.1814858E-01
 90 -1.2252163E-01
 91 -1.2706852E-01
 92 -1.3187525E-01
 93 -1.3686312E-01
 94 -1.4207016E-01
 95 -1.4751959E-01
 96 -1.5312383E-01
 97 -1.5875951E-01
 98 -1.6454787E-01
 99 -1.7102574E-01
100 -1.7884481E-01
101 -1.8853838E-01
# shape_cos0 | -
  1 -5.4520965E-02
  2 -5.4517102E-02
  3 -5.4505852E-02
  4 -5.4487215E-02
  5 -5.4461190E-02
  6 -5.4427778E-02
  7 -5.4386979E-02
  8 -5.4341606E-02
  9 -5.4351059E-02
 10 -5.4376686E-02
 11 -5.4397954E-02
 12 -5.4463874E-02
 13 -5.4472595E-02
 14 -5.4503471E-02
 15 -5.4506858E-02
 16 -5.4481753E-02
 17 -5.4453596E-02
 18 -5.4418044E-02
 19 -5.4358243E-02
 20 -5.4312127E-02
 21 -5.4243602E-02
 22 -5.4187478E-02
 23 -5.4116343E-02
 24 -5.4051039E-02
 25 -5.3982578E-02
 26 -5.3912337E-02
 27 -5.3865984E-02
 28 -5.3817157E-02
 29 -5.3787347E-02
 30 -5.3782437E-02
 31 -5.3777547E-02
 32 -5.3802273E-02
 33 -5.3815873E-02
 34 -5.3852172E-02
 35 -5.3879542E-02
 36 -5.3911081E-02
 37 -5.3960835E-02
 38 -5.4017702E-02
 39 -5.4086202E-02
 40 -5.4189821E-02
 41 -5.4303037E-02
 42 -5.4433882E-02
 43 -5.4577505E-02
 44 -5.4740302E-02
 45 -5.4913716E-02
 46 -5.5123223E-02
 47 -5.5345753E-02
 48 -5.5600624E-02
 49 -5.5870314E-02
 50 -5.6164067E-02
 51 -5.6487832E-02
 52 -5.6814318E-02
 53 -5.7151485E-02
 54 -5.7487849E-02
 55 -5.7826197E-02
 56 -5.8194231E-02
 57 -5.8574552E-02
 58 -5.8941599E-02
 59 -5.9381437E-02
 60 -5.9787311E-02
 61 -6.0218866E-02
 62 -6.0684323E-02
 63 -6.1166299E-02
 64 -6.1653839E-02
 65 -6.2192422E-02
 66 -6.2714428E-02
 67 -6.3267396E-02
 68 -6.3855652E-02
 69 -6.4447200E-02
 70 -6.5056265E-02
 71 -6.5699196E-02
 72 -6.6375374E-02
 73 -6.7057086E-02
 74 -6.7781256E-02
 75 -6.8515936E-02
 76 -6.9277095E-02
 77 -7.0081646E-02
 78 -7.0898877E-02
 79 -7.1741837E-02
 80 -7.2641227E-02
 81 -7.3555016E-02
 82 -7.4512273E-02
 83 -7.5507195E-02
 84 -7.6559130E-02
 85 -7.7624326E-02
 86 -7.8757682E-02
 87 -7.9952895E-02
 88 -8.1197601E-02
 89 -8.2488394E-02
 90 -8.3837995E-02
 91 -8.5253789E-02
 92 -8.6720338E-02
 93 -8.8257700E-02
 94 -8.9832458E-02
 95 -9.1469922E-02
 96 -9.3098048E-02
 97 -9.4759901E-02
 98 -9.6436889E-02
 99 -9.8176943E-02
100 -1.0010261E-01
101 -1.0222614E-01
# shape_cos1 | -
  1  0.0000000E+00
  2 -4.3900233E-04
  3 -8.5606659E-04
  4 -1.2511928E-03
  5 -1.6243809E-03
  6 -1.9756310E-03
  7 -2.3049430E-03
  8 -2.6150158E-03
  9 -2.9628393E-03
 10 -3.3160417E-03
 11 -3.6681235E-03
 12 -4.1144386E-03
 13 -4.4973958E-03
 14 -4.9280431E-03
 15 -5.3149386E-03
 16 -5.7270528E-03
 17 -6.2256884E-03
 18 -6.6990430E-03
 19 -7.1559864E-03
 20 -7.5729062E-03
 21 -7.9765562E-03
 22 -8.3831280E-03
 23 -8.8062180E-03
 24 -9.1987847E-03
 25 -9.5856773E-03
 26 -9.9946162E-03
 27 -1.0372855E-02
 28 -1.0779440E-02
 29 -1.1197599E-02
 30 -1.1566212E-02
 31 -1.1941339E-02
 32 -1.2314780E-02
 33 -1.2655047E-02
 34 -1.3027898E-02
 35 -1.3388665E-02
 36 -1.3778345E-02
 37 -1.4192828E-02
 38 -1.4662734E-02
 39 -1.5152689E-02
 40 -1.5698208E-02
 41 -1.6273237E-02
 42 -1.6868856E-02
 43 -1.7443188E-02
 44 -1.8018294E-02
 45 -1.8595432E-02
 46 -1.9178312E-02
 47 -1.9781069E-02
 48 -2.0384165E-02
 49 -2.1004768E-02
 50 -2.1654892E-02
 51 -2.2303025E-02
 52 -2.2978055E-02
 53 -2.3692494E-02
 54 -2.4438809E-02
 55 -2.5209301E-02
 56 -2.5992562E-02
 57 -2.6829153E-02
 58 -2.7699823E-02
 59 -2.8591758E-02
 60 -2.9525362E-02
 61 -3.0526155E-02
 62 -3.1526558E-02
 63 -3.2619052E-02
 64 -3.3722199E-02
 65 -3.4918916E-02
 66 -3.6158810E-02
 67 -3.7453081E-02
 68 -3.8830425E-02
 69 -4.0241784E-02
 70 -4.1751575E-02
 71 -4.3293841E-02
 72 -4.4932855E-02
 73 -4.6644797E-02
 74 -4.8456086E-02
 75 -5.0345171E-02
 76 -5.2331764E-02
 77 -5.4490279E-02
 78 -5.6698401E-02
 79 -5.9045720E-02
 80 -6.1505278E-02
 81 -6.4126354E-02
 82 -6.6899978E-02
 83 -6.9852179E-02
 84 -7.2993993E-02
 85 -7.6314122E-02
 86 -7.9880156E-02
 87 -8.3686231E-02
 88 -8.7772369E-02
 89 -9.2176994E-02
 90 -9.6965671E-02
 91 -1.0207510E-01
 92 -1.0760342E-01
 93 -1.1359692E-01
 94 -1.2013817E-01
 95 -1.2724901E-01
 96 -1.3480978E-01
 97 -1.4262863E-01
 98 -1.5108765E-01
 99 -1.6101173E-01
100 -1.7352150E-01
101 -1.8957555E-01
# shape_cos2 | -
  1  0.0000000E+00
  2  1.2215373E-05
  3  2.1934304E-05
  4  2.9156794E-05
  5  3.3882843E-05
  6  3.6112450E-05
  7  3.5845616E-05
  8  3.3821827E-05
  9  4.5655549E-05
 10  5.4941102E-05
 11  4.6211973E-05
 12  2.8063547E-05
 13 -4.4202098E-06
 14 -1.0436172E-05
 15 -1.7038127E-05
 16 -1.5517010E-05
 17  1.1042051E-05
 18  8.3629163E-05
 19  1.0127534E-04
 20  2.2131525E-04
 21  2.5922091E-04
 22  3.9135660E-04
 23  4.5296995E-04
 24  5.7611856E-04
 25  6.4654709E-04
 26  7.4062782E-04
 27  8.2593262E-04
 28  9.1432251E-04
 29  9.9138698E-04
 30  1.0901662E-03
 31  1.2023581E-03
 32  1.3241976E-03
 33  1.4108999E-03
 34  1.5936186E-03
 35  1.7654609E-03
 36  1.9464727E-03
 37  2.1960586E-03
 38  2.4218806E-03
 39  2.6889995E-03
 40  2.9468272E-03
 41  3.2068876E-03
 42  3.4899369E-03
 43  3.7508121E-03
 44  4.0583092E-03
 45  4.3167893E-03
 46  4.7068513E-03
 47  5.0648709E-03
 48  5.5228268E-03
 49  5.9663604E-03
 50  6.4807390E-03
 51  7.0470529E-03
 52  7.6169075E-03
 53  8.1893122E-03
 54  8.8166039E-03
 55  9.4359111E-03
 56  1.0088517E-02
 57  1.0819404E-02
 58  1.1506900E-02
 59  1.2307342E-02
 60  1.3099114E-02
 61  1.3961085E-02
 62  1.4831857E-02
 63  1.5791734E-02
 64  1.6750109E-02
 65  1.7831270E-02
 66  1.8905567E-02
 67  2.0057234E-02
 68  2.1273478E-02
 69  2.2533221E-02
 70  2.3791040E-02
 71  2.5208669E-02
 72  2.6669861E-02
 73  2.8175422E-02
 74  2.9757019E-02
 75  3.1413076E-02
 76  3.3130901E-02
 77  3.4963518E-02
 78  3.6834924E-02
 79  3.8804083E-02
 80  4.0884199E-02
 81  4.3009329E-02
 82  4.5297999E-02
 83  4.7642660E-02
 84  5.0133590E-02
 85  5.2681151E-02
 86  5.5411051E-02
 87  5.8273004E-02
 88  6.1252704E-02
 89  6.4393056E-02
 90  6.7636767E-02
 91  7.1092786E-02
 92  7.4671319E-02
 93  7.8438472E-02
 94  8.2349614E-02
 95  8.6461332E-02
 96  9.0612865E-02
 97  9.4895651E-02
 98  9.9285267E-02
 99  1.0389128E-01
100  1.0903270E-01
101  1.1475770E-01
# shape_cos3 | -
  1  0.0000000E+00
  2  5.2935409E-05
  3  8.7644970E-05
  4  1.0412868E-04
  5  1.0238655E-04
  6  8.2418563E-05
  7  4.4224732E-05
  8 -9.3224076E-06
  9 -1.7568309E-05
 10 -1.7838414E-05
 11 -2.6128600E-05
 12  2.1252809E-05
 13 -1.6968209E-06
 14 -2.7768257E-05
 15 -5.4482684E-05
 16 -6.7504262E-05
 17 -8.6852088E-05
 18 -8.8014960E-05
 19 -1.3072017E-04
 20 -1.9313987E-04
 21 -2.4816368E-04
 22 -2.9693987E-04
 23 -3.2506778E-04
 24 -3.8116967E-04
 25 -4.3102959E-04
 26 -4.8361602E-04
 27 -5.0972749E-04
 28 -5.4961714E-04
 29 -5.9996787E-04
 30 -6.7667488E-04
 31 -7.2491900E-04
 32 -8.0895366E-04
 33 -8.8934617E-04
 34 -9.7927954E-04
 35 -1.0691190E-03
 36 -1.1537478E-03
 37 -1.2490934E-03
 38 -1.3250051E-03
 39 -1.4225235E-03
 40 -1.5055812E-03
 41 -1.5974029E-03
 42 -1.6774588E-03
 43 -1.7856919E-03
 44 -1.8852454E-03
 45 -2.0164934E-03
 46 -2.1370617E-03
 47 -2.2628747E-03
 48 -2.4137090E-03
 49 -2.5574849E-03
 50 -2.6984816E-03
 51 -2.8071401E-03
 52 -2.9438527E-03
 53 -3.0917395E-03
 54 -3.2428231E-03
 55 -3.3487946E-03
 56 -3.4797732E-03
 57 -3.6016407E-03
 58 -3.7837106E-03
 59 -3.9224057E-03
 60 -4.0821980E-03
 61 -4.2155611E-03
 62 -4.3934858E-03
 63 -4.5536355E-03
 64 -4.6886270E-03
 65 -4.8653055E-03
 66 -5.0062881E-03
 67 -5.1581947E-03
 68 -5.3028551E-03
 69 -5.4499261E-03
 70 -5.5812964E-03
 71 -5.7484829E-03
 72 -5.8559490E-03
 73 -5.9986134E-03
 74 -6.1470008E-03
 75 -6.2746544E-03
 76 -6.3991933E-03
 77 -6.4990836E-03
 78 -6.6093706E-03
 79 -6.7130230E-03
 80 -6.7801439E-03
 81 -6.8893620E-03
 82 -6.9417711E-03
 83 -6.9819128E-03
 84 -7.0627391E-03
 85 -7.0995913E-03
 86 -7.1010181E-03
 87 -7.1073179E-03
 88 -7.0414804E-03
 89 -7.0054849E-03
 90 -6.9244788E-03
 91 -6.8448675E-03
 92 -6.6911764E-03
 93 -6.5831996E-03
 94 -6.4216477E-03
 95 -6.3059007E-03
 96 -6.1947857E-03
 97 -6.2299863E-03
 98 -6.2877764E-03
 99 -6.1368895E-03
100 -5.5739055E-03
101 -4.6174123E-03
# shape_sin3 | -
  1  0.0000000E+00
  2  1.0020036E-05
  3  1.4996231E-05
  4  1.4928586E-05
  5  9.8171002E-06
  6 -3.3822626E-07
  7 -1.5537393E-05
  8 -3.3863544E-05
  9 -1.4841694E-05
 10  5.3680676E-06
 11 -7.2847199E-07
 12  1.2573169E-05
 13  3.3394234E-05
 14  1.0040219E-04
 15  1.3916418E-04
 16  1.6204037E-04
 17  2.5318236E-04
 18  3.3178686E-04
 19  3.7576109E-04
 20  4.2687948E-04
 21  4.3505338E-04
 22  4.4098039E-04
 23  4.4922376E-04
 24  4.7291217E-04
 25  5.1172311E-04
 26  5.8952313E-04
 27  6.8371913E-04
 28  8.3685815E-04
 29  9.9175230E-04
 30  1.1871818E-03
 31  1.3337303E-03
 32  1.5358325E-03
 33  1.6792072E-03
 34  1.8158068E-03
 35  1.9431596E-03
 36  2.0651924E-03
 37  2.1822234E-03
 38  2.2946725E-03
 39  2.4310679E-03
 40  2.5339251E-03
 41  2.6793551E-03
 42  2.8435831E-03
 43  3.0343869E-03
 44  3.2476572E-03
 45  3.5250408E-03
 46  3.8168389E-03
 47  4.1326977E-03
 48  4.4520449E-03
 49  4.7611611E-03
 50  5.0747368E-03
 51  5.3621070E-03
 52  5.6362062E-03
 53  5.9166290E-03
 54  6.1832275E-03
 55  6.4559148E-03
 56  6.7856929E-03
 57  7.0528345E-03
 58  7.3351503E-03
 59  7.6073750E-03
 60  7.9251922E-03
 61  8.1666664E-03
 62  8.4541461E-03
 63  8.6931830E-03
 64  8.9811509E-03
 65  9.2300732E-03
 66  9.5106418E-03
 67  9.7602455E-03
 68  1.0004661E-02
 69  1.0236258E-02
 70  1.0456091E-02
 71  1.0672104E-02
 72  1.0897384E-02
 73  1.1088328E-02
 74  1.1256622E-02
 75  1.1428834E-02
 76  1.1583418E-02
 77  1.1720564E-02
 78  1.1845838E-02
 79  1.1971363E-02
 80  1.2034648E-02
 81  1.2146250E-02
 82  1.2196883E-02
 83  1.2233906E-02
 84  1.2305709E-02
 85  1.2293226E-02
 86  1.2290820E-02
 87  1.2246727E-02
 88  1.2260976E-02
 89  1.2215111E-02
 90  1.2152109E-02
 91  1.2010223E-02
 92  1.1936267E-02
 93  1.1813133E-02
 94  1.1686899E-02
 95  1.1581964E-02
 96  1.1459039E-02
 97  1.1269821E-02
 98  1.1025492E-02
 99  1.0847181E-02
100  1.0672666E-02
101  1.0794224E-02
# ne | 10^19/m^3
  1  5.3421156E+00
  2  5.3414092E+00
  3  5.3403548E+00
  4  5.3386026E+00
  5  5.3361536E+00
  6  5.3330118E+00
  7  5.3291466E+00
  8  5.3245657E+00
  9  5.3193143E+00
 10  5.3134070E+00
 11  5.3068580E+00
 12  5.2996746E+00
 13  5.2918695E+00
 14  5.2834515E+00
 15  5.2744151E+00
 16  5.2647436E+00
 17  5.2544076E+00
 18  5.2433118E+00
 19  5.2313859E+00
 20  5.2185834E+00
 21  5.2047919E+00
 22  5.1898868E+00
 23  5.1737321E+00
 24  5.1561837E+00
 25  5.1370986E+00
 26  5.1163347E+00
 27  5.0937458E+00
 28  5.0691758E+00
 29  5.0423128E+00
 30  5.0129526E+00
 31  4.9810126E+00
 32  4.9463628E+00
 33  4.9090165E+00
 34  4.8690641E+00
 35  4.8266290E+00
 36  4.7818600E+00
 37  4.7349338E+00
 38  4.6860429E+00
 39  4.6354032E+00
 40  4.5832008E+00
 41  4.5297336E+00
 42  4.4753773E+00
 43  4.4204335E+00
 44  4.3652027E+00
 45  4.3099460E+00
 46  4.2548677E+00
 47  4.2001331E+00
 48  4.1458965E+00
 49  4.0923078E+00
 50  4.0395053E+00
 51  3.9876313E+00
 52  3.9367053E+00
 53  3.8866527E+00
 54  3.8374331E+00
 55  3.7890133E+00
 56  3.7413884E+00
 57  3.6945664E+00
 58  3.6485237E+00
 59  3.6031890E+00
 60  3.5585098E+00
 61  3.5145126E+00
 62  3.4712946E+00
 63  3.4289061E+00
 64  3.3873430E+00
 65  3.3466242E+00
 66  3.3067631E+00
 67  3.2677469E+00
 68  3.2295178E+00
 69  3.1919777E+00
 70  3.1550011E+00
 71  3.1184439E+00
 72  3.0821454E+00
 73  3.0459523E+00
 74  3.0099537E+00
 75  2.9744378E+00
 76  2.9396532E+00
 77  2.9057090E+00
 78  2.8724986E+00
 79  2.8398140E+00
 80  2.8074750E+00
 81  2.7753788E+00
 82  2.7434766E+00
 83  2.7116928E+00
 84  2.6799741E+00
 85  2.6482652E+00
 86  2.6163324E+00
 87  2.5840187E+00
 88  2.5515270E+00
 89  2.5191126E+00
 90  2.4866326E+00
 91  2.4531597E+00
 92  2.4162608E+00
 93  2.3707066E+00
 94  2.3066312E+00
 95  2.2039860E+00
 96  2.0470145E+00
 97  1.8697503E+00
 98  1.7326489E+00
 99  1.6485074E+00
100  1.6036107E+00
101  1.5772606E+00
# ni | 10^19/m^3
  1  3.3610620E+00  1.2654771E-01  1.2323522E+00
  2  3.3392417E+00  1.2653819E-01  1.2535242E+00
  3  3.3158411E+00  1.2652398E-01  1.2772147E+00
  4  3.2902445E+00  1.2650026E-01  1.3014969E+00
  5  3.2636028E+00  1.2646739E-01  1.3259955E+00
  6  3.2374208E+00  1.2642522E-01  1.3480836E+00
  7  3.2165810E+00  1.2637310E-01  1.3605702E+00
  8  3.2037850E+00  1.2631153E-01  1.3652527E+00
  9  3.1967299E+00  1.2624085E-01  1.3650254E+00
 10  3.1929257E+00  1.2616129E-01  1.3620009E+00
 11  3.1915061E+00  1.2607351E-01  1.3558200E+00
 12  3.1950846E+00  1.2597780E-01  1.3416273E+00
 13  3.2058455E+00  1.2587418E-01  1.3199314E+00
 14  3.2227826E+00  1.2576249E-01  1.2922561E+00
 15  3.2446019E+00  1.2564238E-01  1.2596614E+00
 16  3.2698172E+00  1.2551364E-01  1.2240268E+00
 17  3.2952014E+00  1.2537507E-01  1.1898846E+00
 18  3.3180252E+00  1.2522482E-01  1.1579916E+00
 19  3.3380631E+00  1.2506125E-01  1.1279196E+00
 20  3.3556930E+00  1.2488248E-01  1.0992714E+00
 21  3.3712983E+00  1.2468613E-01  1.0714819E+00
 22  3.3857677E+00  1.2446878E-01  1.0431304E+00
 23  3.3998180E+00  1.2422670E-01  1.0139763E+00
 24  3.4134118E+00  1.2395602E-01  9.8409430E-01
 25  3.4263634E+00  1.2365300E-01  9.5353944E-01
 26  3.4383509E+00  1.2331448E-01  9.2265396E-01
 27  3.4485244E+00  1.2293668E-01  8.9254764E-01
 28  3.4561147E+00  1.2251499E-01  8.6339262E-01
 29  3.4608292E+00  1.2204174E-01  8.3507234E-01
 30  3.4626036E+00  1.2151182E-01  8.0748318E-01
 31  3.4615952E+00  1.2092252E-01  7.8028060E-01
 32  3.4584026E+00  1.2027014E-01  7.5239721E-01
 33  3.4536729E+00  1.1955446E-01  7.2363568E-01
 34  3.4475582E+00  1.1877693E-01  6.9405295E-01
 35  3.4401154E+00  1.1793992E-01  6.6369546E-01
 36  3.4312565E+00  1.1704665E-01  6.3295216E-01
 37  3.4202698E+00  1.1610096E-01  6.0316408E-01
 38  3.4065308E+00  1.1510711E-01  5.7457430E-01
 39  3.3901690E+00  1.1406978E-01  5.4705681E-01
 40  3.3714655E+00  1.1299318E-01  5.2049509E-01
 41  3.3507408E+00  1.1188407E-01  4.9488053E-01
 42  3.3282249E+00  1.1075116E-01  4.7040989E-01
 43  3.3040858E+00  1.0960164E-01  4.4706547E-01
 44  3.2786385E+00  1.0844264E-01  4.2475163E-01
 45  3.2521984E+00  1.0728030E-01  4.0338063E-01
 46  3.2248960E+00  1.0611937E-01  3.8313053E-01
 47  3.1963396E+00  1.0496389E-01  3.6488917E-01
 48  3.1661590E+00  1.0381752E-01  3.4877499E-01
 49  3.1344822E+00  1.0268361E-01  3.3467233E-01
 50  3.1015377E+00  1.0156557E-01  3.2247539E-01
 51  3.0677439E+00  1.0046690E-01  3.1169579E-01
 52  3.0341620E+00  9.9388150E-02  3.0073273E-01
 53  3.0017158E+00  9.8327335E-02  2.8921259E-01
 54  2.9705490E+00  9.7283144E-02  2.7715746E-01
 55  2.9406127E+00  9.6254779E-02  2.6458639E-01
 56  2.9118474E+00  9.5241874E-02  2.5159261E-01
 57  2.8840523E+00  9.4244669E-02  2.3849947E-01
 58  2.8570069E+00  9.3262767E-02  2.2538088E-01
 59  2.8306166E+00  9.2294214E-02  2.1223341E-01
 60  2.8048426E+00  9.1337224E-02  1.9905370E-01
 61  2.7796414E+00  9.0392820E-02  1.8597400E-01
 62  2.7547626E+00  8.9463503E-02  1.7352796E-01
 63  2.7299312E+00  8.8550040E-02  1.6182135E-01
 64  2.7051056E+00  8.7652669E-02  1.5082103E-01
 65  2.6803330E+00  8.6772003E-02  1.4049667E-01
 66  2.6556952E+00  8.5908222E-02  1.3074068E-01
 67  2.6314043E+00  8.5061054E-02  1.2121223E-01
 68  2.6076263E+00  8.4229153E-02  1.1182069E-01
 69  2.5843288E+00  8.3409989E-02  1.0255665E-01
 70  2.5614164E+00  8.2600039E-02  9.3411633E-02
 71  2.5387158E+00  8.1795733E-02  8.4495485E-02
 72  2.5158066E+00  8.0993202E-02  7.6263456E-02
 73  2.4922879E+00  8.0187974E-02  6.8809144E-02
 74  2.4682005E+00  7.9382248E-02  6.2109879E-02
 75  2.4438076E+00  7.8583865E-02  5.6144170E-02
 76  2.4193683E+00  7.7799589E-02  5.0831148E-02
 77  2.3951420E+00  7.7032363E-02  4.5914657E-02
 78  2.3712038E+00  7.6279214E-02  4.1323659E-02
 79  2.3474208E+00  7.5534796E-02  3.7044698E-02
 80  2.3236523E+00  7.4794504E-02  3.3066162E-02
 81  2.2998316E+00  7.4055637E-02  2.9360291E-02
 82  2.2759759E+00  7.3316844E-02  2.5838898E-02
 83  2.2520775E+00  7.2576281E-02  2.2476518E-02
 84  2.2281045E+00  7.1832987E-02  1.9267068E-02
 85  2.2040147E+00  7.1085720E-02  1.6205389E-02
 86  2.1795890E+00  7.0329100E-02  1.3331955E-02
 87  2.1545823E+00  6.9560304E-02  1.0817226E-02
 88  2.1290514E+00  6.8786403E-02  8.6969254E-03
 89  2.1031763E+00  6.8017767E-02  6.9623096E-03
 90  2.0768019E+00  6.7257848E-02  5.6051611E-03
 91  2.0490872E+00  6.6496902E-02  4.5769985E-03
 92  2.0179287E+00  6.5698211E-02  3.7084052E-03
 93  1.9787900E+00  6.4764054E-02  2.9556691E-03
 94  1.9231891E+00  6.3467706E-02  2.3162283E-03
 95  1.8344158E+00  6.1253068E-02  1.7875289E-03
 96  1.7000519E+00  5.7564148E-02  1.3672616E-03
 97  1.5493770E+00  5.3193762E-02  1.0536817E-03
 98  1.4330002E+00  4.9783176E-02  8.4561333E-04
 99  1.3613828E+00  4.7721819E-02  7.4210765E-04
100  1.3230810E+00  4.6631174E-02  7.4338723E-04
101  1.3005890E+00  4.5987819E-02  7.4338723E-04
# te | keV
  1  4.3228676E+00
  2  4.3206347E+00
  3  4.3172944E+00
  4  4.3117412E+00
  5  4.3039819E+00
  6  4.2940263E+00
  7  4.2817631E+00
  8  4.2672072E+00
  9  4.2504963E+00
 10  4.2316440E+00
 11  4.2106708E+00
 12  4.1876003E+00
 13  4.1624523E+00
 14  4.1352492E+00
 15  4.1060126E+00
 16  4.0747586E+00
 17  4.0415118E+00
 18  4.0061918E+00
 19  3.9688251E+00
 20  3.9295519E+00
 21  3.8884086E+00
 22  3.8454314E+00
 23  3.8006509E+00
 24  3.7540969E+00
 25  3.7057970E+00
 26  3.6557747E+00
 27  3.6040546E+00
 28  3.5506594E+00
 29  3.4955230E+00
 30  3.4386717E+00
 31  3.3802208E+00
 32  3.3202232E+00
 33  3.2587772E+00
 34  3.1960089E+00
 35  3.1320573E+00
 36  3.0670719E+00
 37  3.0012089E+00
 38  2.9346298E+00
 39  2.8675035E+00
 40  2.8000061E+00
 41  2.7323476E+00
 42  2.6647452E+00
 43  2.5973984E+00
 44  2.5304998E+00
 45  2.4642140E+00
 46  2.3986688E+00
 47  2.3339653E+00
 48  2.2701973E+00
 49  2.2074648E+00
 50  2.1458647E+00
 51  2.0855501E+00
 52  2.0265895E+00
 53  1.9689654E+00
 54  1.9127277E+00
 55  1.8579162E+00
 56  1.8045499E+00
 57  1.7526362E+00
 58  1.7021707E+00
 59  1.6531390E+00
 60  1.6055060E+00
 61  1.5592041E+00
 62  1.5142210E+00
 63  1.4704732E+00
 64  1.4278168E+00
 65  1.3861856E+00
 66  1.3455111E+00
 67  1.3057295E+00
 68  1.2667825E+00
 69  1.2286165E+00
 70  1.1911792E+00
 71  1.1544192E+00
 72  1.1182834E+00
 73  1.0827557E+00
 74  1.0478225E+00
 75  1.0134650E+00
 76  9.7969103E-01
 77  9.4649653E-01
 78  9.1386631E-01
 79  8.8178694E-01
 80  8.5026243E-01
 81  8.1931978E-01
 82  7.8899648E-01
 83  7.5930571E-01
 84  7.3028545E-01
 85  7.0191356E-01
 86  6.7408178E-01
 87  6.4672937E-01
 88  6.1983295E-01
 89  5.9332225E-01
 90  5.6695793E-01
 91  5.4013025E-01
 92  5.1148848E-01
 93  4.7864772E-01
 94  4.3820951E-01
 95  3.8433308E-01
 96  3.1140890E-01
 97  2.3369253E-01
 98  1.7625261E-01
 99  1.4020205E-01
100  1.1855672E-01
101  1.0462319E-01
# ti | keV
  1  6.2489244E+00  7.3290531E+00  2.9678341E+01
  2  6.2416680E+00  7.3196185E+00  2.9649340E+01
  3  6.2307964E+00  7.3057933E+00  2.9592679E+01
  4  6.2127232E+00  7.2832362E+00  2.9519317E+01
  5  6.1875149E+00  7.2520218E+00  2.9437406E+01
  6  6.1552654E+00  7.2122032E+00  2.9357285E+01
  7  6.1157249E+00  7.1633504E+00  2.9293606E+01
  8  6.0690655E+00  7.1055950E+00  2.9251251E+01
  9  6.0158623E+00  7.0397181E+00  2.9233179E+01
 10  5.9563333E+00  6.9658204E+00  2.9236789E+01
 11  5.8907380E+00  6.8235793E+00  2.9257899E+01
 12  5.8193611E+00  6.6610481E+00  2.9291473E+01
 13  5.7425012E+00  6.5404837E+00  2.9334531E+01
 14  5.6604712E+00  6.4133492E+00  2.9382730E+01
 15  5.5735967E+00  6.2804166E+00  2.9424395E+01
 16  5.4822178E+00  6.1454834E+00  2.9446689E+01
 17  5.3866870E+00  6.0104197E+00  2.9438693E+01
 18  5.2871938E+00  5.8763894E+00  2.9387296E+01
 19  5.1841572E+00  5.7434676E+00  2.9282430E+01
 20  5.0781782E+00  5.6114018E+00  2.9129310E+01
 21  4.9696441E+00  5.4791515E+00  2.8936503E+01
 22  4.8589310E+00  5.3445565E+00  2.8711333E+01
 23  4.7463978E+00  5.2061129E+00  2.8462555E+01
 24  4.6324098E+00  5.0647479E+00  2.8198692E+01
 25  4.5173453E+00  4.9214661E+00  2.7925525E+01
 26  4.4015856E+00  4.7772872E+00  2.7647463E+01
 27  4.2855033E+00  4.6346624E+00  2.7367137E+01
 28  4.1694616E+00  4.4954960E+00  2.7089223E+01
 29  4.0538614E+00  4.3602295E+00  2.6819221E+01
 30  3.9390724E+00  4.2287538E+00  2.6563582E+01
 31  3.8253910E+00  4.1002713E+00  2.6329746E+01
 32  3.7131042E+00  3.9725471E+00  2.6127487E+01
 33  3.6024786E+00  3.8438840E+00  2.5964064E+01
 34  3.4937635E+00  3.7147972E+00  2.5842218E+01
 35  3.3871882E+00  3.5861077E+00  2.5750004E+01
 36  3.2829587E+00  3.4590286E+00  2.5671144E+01
 37  3.1812631E+00  3.3366886E+00  2.5587232E+01
 38  3.0822676E+00  3.2215780E+00  2.5481784E+01
 39  2.9861167E+00  3.1137279E+00  2.5343962E+01
 40  2.8931149E+00  3.0127828E+00  2.5182434E+01
 41  2.8033858E+00  2.9178845E+00  2.5011732E+01
 42  2.7168493E+00  2.8269433E+00  2.4849424E+01
 43  2.6335696E+00  2.7383776E+00  2.4710073E+01
 44  2.5536013E+00  2.6521802E+00  2.4602911E+01
 45  2.4769463E+00  2.5684923E+00  2.4520073E+01
 46  2.4035282E+00  2.4874342E+00  2.4449933E+01
 47  2.3332242E+00  2.4098085E+00  2.4382200E+01
 48  2.2658958E+00  2.3362709E+00  2.4305451E+01
 49  2.2014050E+00  2.2667768E+00  2.4210042E+01
 50  2.1396090E+00  2.2010534E+00  2.4095420E+01
 51  2.0804893E+00  2.1388220E+00  2.3961519E+01
 52  2.0238860E+00  2.0793999E+00  2.3803300E+01
 53  1.9695094E+00  2.0220381E+00  2.3621084E+01
 54  1.9172128E+00  1.9665145E+00  2.3416853E+01
 55  1.8668497E+00  1.9127111E+00  2.3192641E+01
 56  1.8182729E+00  1.8605681E+00  2.2951325E+01
 57  1.7713383E+00  1.8101788E+00  2.2698712E+01
 58  1.7259073E+00  1.7616160E+00  2.2438178E+01
 59  1.6818572E+00  1.7147721E+00  2.2172505E+01
 60  1.6391137E+00  1.6695508E+00  2.1905439E+01
 61  1.5976473E+00  1.6258780E+00  2.1639143E+01
 62  1.5575128E+00  1.5836500E+00  2.1368849E+01
 63  1.5186986E+00  1.5427076E+00  2.1093711E+01
 64  1.4811335E+00  1.5029512E+00  2.0814445E+01
 65  1.4448081E+00  1.4643762E+00  2.0531491E+01
 66  1.4096876E+00  1.4269784E+00  2.0248274E+01
 67  1.3757372E+00  1.3908354E+00  1.9976902E+01
 68  1.3429248E+00  1.3560161E+00  1.9722241E+01
 69  1.3111848E+00  1.3224610E+00  1.9485586E+01
 70  1.2803754E+00  1.2900131E+00  1.9264082E+01
 71  1.2502855E+00  1.2584486E+00  1.9052228E+01
 72  1.2206365E+00  1.2274805E+00  1.8837675E+01
 73  1.1911327E+00  1.1968096E+00  1.8612011E+01
 74  1.1615495E+00  1.1662103E+00  1.8369112E+01
 75  1.1317048E+00  1.1354938E+00  1.8106124E+01
 76  1.1013992E+00  1.1044417E+00  1.7824151E+01
 77  1.0704293E+00  1.0728020E+00  1.7535365E+01
 78  1.0386333E+00  1.0403722E+00  1.7244974E+01
 79  1.0058992E+00  1.0070398E+00  1.6959830E+01
 80  9.7215410E-01  9.7273980E-01  1.6703469E+01
 81  9.3735238E-01  9.3743841E-01  1.6502872E+01
 82  9.0145188E-01  9.0112296E-01  1.6382737E+01
 83  8.6446429E-01  8.6382849E-01  1.6369101E+01
 84  8.2636792E-01  8.2553592E-01  1.6478596E+01
 85  7.8726074E-01  7.8633621E-01  1.6687829E+01
 86  7.4728904E-01  7.4636113E-01  1.6961486E+01
 87  7.0647375E-01  7.0561728E-01  1.7252566E+01
 88  6.6475871E-01  6.6403584E-01  1.7520849E+01
 89  6.2174310E-01  6.2120782E-01  1.7741539E+01
 90  5.7625810E-01  5.7595934E-01  1.7939188E+01
 91  5.2583935E-01  5.2583157E-01  1.8150740E+01
 92  4.6710431E-01  4.6742341E-01  1.8414964E+01
 93  3.9873798E-01  3.9939376E-01  1.8767633E+01
 94  3.2915235E-01  3.3008873E-01  1.9226303E+01
 95  2.7844142E-01  2.7941514E-01  1.9743639E+01
 96  2.5047170E-01  2.5105197E-01  2.0264576E+01
 97  2.2573928E-01  2.2561601E-01  2.0754779E+01
 98  1.9518070E-01  1.9456144E-01  2.1226727E+01
 99  1.6396221E-01  1.6326825E-01  2.1795153E+01
100  1.4190532E-01  1.4127026E-01  2.2749660E+01
101  1.2782032E-01  1.2782032E-01  2.2749660E+01
# ptot | Pa
  1  1.3073429E+05
  2  1.3139946E+05
  3  1.3207828E+05
  4  1.3266132E+05
  5  1.3315900E+05
  6  1.3348560E+05
  7  1.3338301E+05
  8  1.3297725E+05
  9  1.3239353E+05
 10  1.3170201E+05
 11  1.3085694E+05
 12  1.2965399E+05
 13  1.2814140E+05
 14  1.2635955E+05
 15  1.2432054E+05
 16  1.2207510E+05
 17  1.1979182E+05
 18  1.1746337E+05
 19  1.1505873E+05
 20  1.1258381E+05
 21  1.1003849E+05
 22  1.0738342E+05
 23  1.0463420E+05
 24  1.0181370E+05
 25  9.8937219E+04
 26  9.6028880E+04
 27  9.3139405E+04
 28  9.0280178E+04
 29  8.7452187E+04
 30  8.4660349E+04
 31  8.1902120E+04
 32  7.9148271E+04
 33  7.6403398E+04
 34  7.3673890E+04
 35  7.0948712E+04
 36  6.8227820E+04
 37  6.5548243E+04
 38  6.2907295E+04
 39  6.0298309E+04
 40  5.7734090E+04
 41  5.5234254E+04
 42  5.2824609E+04
 43  5.0517138E+04
 44  4.8315585E+04
 45  4.6210974E+04
 46  4.4201855E+04
 47  4.2314263E+04
 48  4.0544472E+04
 49  3.8883356E+04
 50  3.7327577E+04
 51  3.5860556E+04
 52  3.4421135E+04
 53  3.2996713E+04
 54  3.1589481E+04
 55  3.0200895E+04
 56  2.8835403E+04
 57  2.7506318E+04
 58  2.6216046E+04
 59  2.4963955E+04
 60  2.3749890E+04
 61  2.2577897E+04
 62  2.1463811E+04
 63  2.0408649E+04
 64  1.9408962E+04
 65  1.8462333E+04
 66  1.7564421E+04
 67  1.6705359E+04
 68  1.5881597E+04
 69  1.5090793E+04
 70  1.4329533E+04
 71  1.3597471E+04
 72  1.2903356E+04
 73  1.2245939E+04
 74  1.1622692E+04
 75  1.1032496E+04
 76  1.0472771E+04
 77  9.9364501E+03
 78  9.4205985E+03
 79  8.9236718E+03
 80  8.4452555E+03
 81  7.9846510E+03
 82  7.5392913E+03
 83  7.1079898E+03
 84  6.6893681E+03
 85  6.2810412E+03
 86  5.8816315E+03
 87  5.4939029E+03
 88  5.1187623E+03
 89  4.7553502E+03
 90  4.3993845E+03
 91  4.0383800E+03
 92  3.6489121E+03
 93  3.2125072E+03
 94  2.7385884E+03
 95  2.2594687E+03
 96  1.7710973E+03
 97  1.3147016E+03
 98  9.8167503E+02
 99  7.6632950E+02
100  6.4306637E+02
101  5.6725019E+02
# johm | MA/m^2
  1  3.3529054E+00
  2  3.3529054E+00
  3  1.7832329E+00
  4  1.4408234E+00
  5  1.2787604E+00
  6  1.1806003E+00
  7  1.1145992E+00
  8  1.0682864E+00
  9  1.0358014E+00
 10  1.0138234E+00
 11  1.0005263E+00
 12  9.9736244E-01
 13  9.9591397E-01
 14  9.9175186E-01
 15  9.8320573E-01
 16  9.6940350E-01
 17  9.5251358E-01
 18  9.3571690E-01
 19  9.2060206E-01
 20  9.0480546E-01
 21  8.8287543E-01
 22  8.5682208E-01
 23  8.1341317E-01
 24  7.7065792E-01
 25  7.4418306E-01
 26  7.1555690E-01
 27  6.9985159E-01
 28  6.8327623E-01
 29  6.6800127E-01
 30  6.5299618E-01
 31  6.3653961E-01
 32  6.1909355E-01
 33  6.0054959E-01
 34  5.7891955E-01
 35  5.5571176E-01
 36  5.3041379E-01
 37  5.0559698E-01
 38  4.8231332E-01
 39  4.5958025E-01
 40  4.3808912E-01
 41  4.1771267E-01
 42  3.9816867E-01
 43  3.7927457E-01
 44  3.6099279E-01
 45  3.4336550E-01
 46  3.2635130E-01
 47  3.0998400E-01
 48  2.9446735E-01
 49  2.7994051E-01
 50  2.6655363E-01
 51  2.5448716E-01
 52  2.4379963E-01
 53  2.3444725E-01
 54  2.2635176E-01
 55  2.1936949E-01
 56  2.1333232E-01
 57  2.0803908E-01
 58  2.0326487E-01
 59  1.9883336E-01
 60  1.9452930E-01
 61  1.9006570E-01
 62  1.8522360E-01
 63  1.7998531E-01
 64  1.7434321E-01
 65  1.6832833E-01
 66  1.6213160E-01
 67  1.5598655E-01
 68  1.4992253E-01
 69  1.4395883E-01
 70  1.3811557E-01
 71  1.3239468E-01
 72  1.2671117E-01
 73  1.2104772E-01
 74  1.1541277E-01
 75  1.0981312E-01
 76  1.0424957E-01
 77  9.8774921E-02
 78  9.3449566E-02
 79  8.8281750E-02
 80  8.3297051E-02
 81  7.8567825E-02
 82  7.4116365E-02
 83  6.9898326E-02
 84  6.5905821E-02
 85  6.2110126E-02
 86  5.8465634E-02
 87  5.4946432E-02
 88  5.1564089E-02
 89  4.8307751E-02
 90  4.5134470E-02
 91  4.1958854E-02
 92  3.8637252E-02
 93  3.4890757E-02
 94  3.0464235E-02
 95  2.5326538E-02
 96  1.9528950E-02
 97  1.4414079E-02
 98  1.1019010E-02
 99  8.4259332E-03
100  6.9552171E-03
101  0.0000000E+00
# jbs | MA/m^2
  1  2.0334164E-01
  2  2.0334164E-01
  3  1.4863162E-01
  4  1.4653830E-01
  5  1.4896444E-01
  6  1.5107968E-01
  7  1.5181058E-01
  8  1.5084183E-01
  9  1.4805691E-01
 10  1.4342668E-01
 11  1.3702295E-01
 12  1.0907721E-01
 13  8.8867817E-02
 14  7.6708947E-02
 15  7.2094642E-02
 16  7.9990528E-02
 17  9.7310344E-02
 18  1.1420281E-01
 19  1.2838312E-01
 20  1.4077980E-01
 21  1.5051933E-01
 22  1.5835437E-01
 23  1.6594538E-01
 24  1.7343474E-01
 25  1.8081828E-01
 26  1.8927306E-01
 27  1.9834338E-01
 28  2.0722421E-01
 29  2.1578666E-01
 30  2.2323627E-01
 31  2.2915393E-01
 32  2.3378767E-01
 33  2.3776113E-01
 34  2.4079626E-01
 35  2.4355788E-01
 36  2.4650759E-01
 37  2.4968402E-01
 38  2.5211426E-01
 39  2.5318998E-01
 40  2.5313901E-01
 41  2.5196616E-01
 42  2.4975167E-01
 43  2.4645970E-01
 44  2.4227937E-01
 45  2.3764497E-01
 46  2.3323419E-01
 47  2.2899707E-01
 48  2.2441140E-01
 49  2.1942504E-01
 50  2.1372993E-01
 51  2.0714713E-01
 52  2.0018246E-01
 53  1.9331871E-01
 54  1.8673275E-01
 55  1.8043021E-01
 56  1.7452064E-01
 57  1.6904204E-01
 58  1.6391305E-01
 59  1.5906705E-01
 60  1.5443303E-01
 61  1.4993080E-01
 62  1.4576333E-01
 63  1.4196634E-01
 64  1.3829403E-01
 65  1.3474411E-01
 66  1.3128028E-01
 67  1.2795260E-01
 68  1.2489856E-01
 69  1.2221397E-01
 70  1.1999717E-01
 71  1.1846234E-01
 72  1.1752607E-01
 73  1.1669267E-01
 74  1.1569429E-01
 75  1.1454227E-01
 76  1.1335653E-01
 77  1.1236975E-01
 78  1.1171659E-01
 79  1.1129505E-01
 80  1.1095825E-01
 81  1.1064572E-01
 82  1.1038042E-01
 83  1.1011075E-01
 84  1.0982878E-01
 85  1.0979113E-01
 86  1.0996794E-01
 87  1.1008056E-01
 88  1.1049552E-01
 89  1.1253704E-01
 90  1.1861767E-01
 91  1.3183102E-01
 92  1.5335223E-01
 93  1.7633778E-01
 94  1.9264648E-01
 95  2.0527973E-01
 96  1.8231239E-01
 97  1.1873754E-01
 98  7.1528802E-02
 99  4.0516359E-02
100  1.2236392E-02
101  0.0000000E+00
# jbstor | MA/m^2
  1  1.7073757E+00
  2  1.7073757E+00
  3  1.7031811E+00
  4  1.6970493E+00
  5  1.6913439E+00
  6  1.6872364E+00
  7  1.6848326E+00
  8  1.6828933E+00
  9  1.6814099E+00
 10  1.6823076E+00
 11  1.6856162E+00
 12  1.6875884E+00
 13  1.6854401E+00
 14  1.6811822E+00
 15  1.6770731E+00
 16  1.6755316E+00
 17  1.6790971E+00
 18  1.6843155E+00
 19  1.6839599E+00
 20  1.6744331E+00
 21  1.6557876E+00
 22  1.6350033E+00
 23  1.6240968E+00
 24  1.6273390E+00
 25  1.6410013E+00
 26  1.6655452E+00
 27  1.6953481E+00
 28  1.7113899E+00
 29  1.7060435E+00
 30  1.6826502E+00
 31  1.6368216E+00
 32  1.5731681E+00
 33  1.5081871E+00
 34  1.4479550E+00
 35  1.3835047E+00
 36  1.3101132E+00
 37  1.2335514E+00
 38  1.1631440E+00
 39  1.1015272E+00
 40  1.0461083E+00
 41  9.9908353E-01
 42  9.5963261E-01
 43  9.2358337E-01
 44  8.8946634E-01
 45  8.5694050E-01
 46  8.2448316E-01
 47  7.9303780E-01
 48  7.6484940E-01
 49  7.3960784E-01
 50  7.1528687E-01
 51  6.9203071E-01
 52  6.7076784E-01
 53  6.4994905E-01
 54  6.2832555E-01
 55  6.0647978E-01
 56  5.8446537E-01
 57  5.6262346E-01
 58  5.4154213E-01
 59  5.2076478E-01
 60  5.0057297E-01
 61  4.8104441E-01
 62  4.6187834E-01
 63  4.4244784E-01
 64  4.2319334E-01
 65  4.0521628E-01
 66  3.8943067E-01
 67  3.7458780E-01
 68  3.5987124E-01
 69  3.4735585E-01
 70  3.3707928E-01
 71  3.2642019E-01
 72  3.1293862E-01
 73  2.9735473E-01
 74  2.8319317E-01
 75  2.7308761E-01
 76  2.6618740E-01
 77  2.5773430E-01
 78  2.4542009E-01
 79  2.3335423E-01
 80  2.2515198E-01
 81  2.1908203E-01
 82  2.1153866E-01
 83  2.0214061E-01
 84  1.9538744E-01
 85  1.9179141E-01
 86  1.8778393E-01
 87  1.8140708E-01
 88  1.7426598E-01
 89  1.6937813E-01
 90  1.6956149E-01
 91  1.7737233E-01
 92  1.7821134E-01
 93  1.7222741E-01
 94  1.6634201E-01
 95  1.6057020E-01
 96  1.5481050E-01
 97  1.4917248E-01
 98  1.4369754E-01
 99  1.3886679E-01
100  1.3471046E-01
101 -3.2560064E+01
# z_eff | -
  1  1.7126420E+00
  2  1.7126830E+00
  3  1.7129796E+00
  4  1.7131357E+00
  5  1.7132986E+00
  6  1.7132556E+00
  7  1.7125787E+00
  8  1.7121120E+00
  9  1.7119548E+00
 10  1.7120339E+00
 11  1.7121190E+00
 12  1.7117867E+00
 13  1.7115402E+00
 14  1.7114737E+00
 15  1.7115431E+00
 16  1.7118279E+00
 17  1.7125791E+00
 18  1.7134419E+00
 19  1.7143044E+00
 20  1.7151654E+00
 21  1.7160111E+00
 22  1.7167569E+00
 23  1.7175137E+00
 24  1.7183102E+00
 25  1.7191437E+00
 26  1.7200451E+00
 27  1.7210895E+00
 28  1.7221827E+00
 29  1.7232973E+00
 30  1.7244353E+00
 31  1.7255701E+00
 32  1.7266273E+00
 33  1.7276921E+00
 34  1.7287882E+00
 35  1.7299129E+00
 36  1.7311021E+00
 37  1.7324568E+00
 38  1.7338640E+00
 39  1.7352833E+00
 40  1.7367153E+00
 41  1.7381702E+00
 42  1.7396693E+00
 43  1.7411890E+00
 44  1.7427198E+00
 45  1.7442608E+00
 46  1.7458413E+00
 47  1.7475467E+00
 48  1.7492875E+00
 49  1.7510326E+00
 50  1.7527824E+00
 51  1.7544872E+00
 52  1.7560035E+00
 53  1.7574795E+00
 54  1.7589622E+00
 55  1.7604507E+00
 56  1.7619522E+00
 57  1.7634978E+00
 58  1.7650556E+00
 59  1.7666133E+00
 60  1.7681661E+00
 61  1.7697353E+00
 62  1.7713785E+00
 63  1.7730302E+00
 64  1.7746720E+00
 65  1.7763040E+00
 66  1.7779114E+00
 67  1.7794568E+00
 68  1.7809769E+00
 69  1.7824827E+00
 70  1.7839707E+00
 71  1.7854603E+00
 72  1.7870102E+00
 73  1.7885586E+00
 74  1.7900844E+00
 75  1.7915893E+00
 76  1.7930634E+00
 77  1.7944748E+00
 78  1.7958509E+00
 79  1.7972015E+00
 80  1.7985274E+00
 81  1.7998245E+00
 82  1.8010801E+00
 83  1.8023060E+00
 84  1.8035096E+00
 85  1.8046931E+00
 86  1.8058747E+00
 87  1.8070962E+00
 88  1.8083520E+00
 89  1.8096762E+00
 90  1.8111600E+00
 91  1.8129895E+00
 92  1.8155212E+00
 93  1.8193949E+00
 94  1.8253212E+00
 95  1.8336386E+00
 96  1.8435280E+00
 97  1.8534058E+00
 98  1.8619122E+00
 99  1.8684237E+00
100  1.8723663E+00
101  1.8747022E+00
# vtor | m/s
  1  0.0000000E+00 -2.2472506E+05  0.0000000E+00
  2  0.0000000E+00 -2.2523036E+05  0.0000000E+00
  3  0.0000000E+00 -2.2544955E+05  0.0000000E+00
  4  0.0000000E+00 -2.2538220E+05  0.0000000E+00
  5  0.0000000E+00 -2.2502891E+05  0.0000000E+00
  6  0.0000000E+00 -2.2439163E+05  0.0000000E+00
  7  0.0000000E+00 -2.2347345E+05  0.0000000E+00
  8  0.0000000E+00 -2.2227919E+05  0.0000000E+00
  9  0.0000000E+00 -2.2081541E+05  0.0000000E+00
 10  0.0000000E+00 -2.1909047E+05  0.0000000E+00
 11  0.0000000E+00 -2.1711471E+05  0.0000000E+00
 12  0.0000000E+00 -2.1488952E+05  0.0000000E+00
 13  0.0000000E+00 -2.1243020E+05  0.0000000E+00
 14  0.0000000E+00 -2.0976338E+05  0.0000000E+00
 15  0.0000000E+00 -2.0690421E+05  0.0000000E+00
 16  0.0000000E+00 -2.0386789E+05  0.0000000E+00
 17  0.0000000E+00 -2.0067074E+05  0.0000000E+00
 18  0.0000000E+00 -1.9733057E+05  0.0000000E+00
 19  0.0000000E+00 -1.9386595E+05  0.0000000E+00
 20  0.0000000E+00 -1.9029545E+05  0.0000000E+00
 21  0.0000000E+00 -1.8663789E+05  0.0000000E+00
 22  0.0000000E+00 -1.8291139E+05  0.0000000E+00
 23  0.0000000E+00 -1.7913041E+05  0.0000000E+00
 24  0.0000000E+00 -1.7530969E+05  0.0000000E+00
 25  0.0000000E+00 -1.7146343E+05  0.0000000E+00
 26  0.0000000E+00 -1.6760363E+05  0.0000000E+00
 27  0.0000000E+00 -1.6374242E+05  0.0000000E+00
 28  0.0000000E+00 -1.5989040E+05  0.0000000E+00
 29  0.0000000E+00 -1.5605787E+05  0.0000000E+00
 30  0.0000000E+00 -1.5225376E+05  0.0000000E+00
 31  0.0000000E+00 -1.4848752E+05  0.0000000E+00
 32  0.0000000E+00 -1.4476706E+05  0.0000000E+00
 33  0.0000000E+00 -1.4109972E+05  0.0000000E+00
 34  0.0000000E+00 -1.3749773E+05  0.0000000E+00
 35  0.0000000E+00 -1.3396738E+05  0.0000000E+00
 36  0.0000000E+00 -1.3050935E+05  0.0000000E+00
 37  0.0000000E+00 -1.2712801E+05  0.0000000E+00
 38  0.0000000E+00 -1.2382677E+05  0.0000000E+00
 39  0.0000000E+00 -1.2060839E+05  0.0000000E+00
 40  0.0000000E+00 -1.1747564E+05  0.0000000E+00
 41  0.0000000E+00 -1.1443055E+05  0.0000000E+00
 42  0.0000000E+00 -1.1147488E+05  0.0000000E+00
 43  0.0000000E+00 -1.0860975E+05  0.0000000E+00
 44  0.0000000E+00 -1.0583593E+05  0.0000000E+00
 45  0.0000000E+00 -1.0315797E+05  0.0000000E+00
 46  0.0000000E+00 -1.0057187E+05  0.0000000E+00
 47  0.0000000E+00 -9.8067156E+04  0.0000000E+00
 48  0.0000000E+00 -9.5639635E+04  0.0000000E+00
 49  0.0000000E+00 -9.3284925E+04  0.0000000E+00
 50  0.0000000E+00 -9.0998627E+04  0.0000000E+00
 51  0.0000000E+00 -8.8776083E+04  0.0000000E+00
 52  0.0000000E+00 -8.6612810E+04  0.0000000E+00
 53  0.0000000E+00 -8.4504394E+04  0.0000000E+00
 54  0.0000000E+00 -8.2446264E+04  0.0000000E+00
 55  0.0000000E+00 -8.0433967E+04  0.0000000E+00
 56  0.0000000E+00 -7.8465429E+04  0.0000000E+00
 57  0.0000000E+00 -7.6535807E+04  0.0000000E+00
 58  0.0000000E+00 -7.4638423E+04  0.0000000E+00
 59  0.0000000E+00 -7.2768494E+04  0.0000000E+00
 60  0.0000000E+00 -7.0920885E+04  0.0000000E+00
 61  0.0000000E+00 -6.9089600E+04  0.0000000E+00
 62  0.0000000E+00 -6.7269867E+04  0.0000000E+00
 63  0.0000000E+00 -6.5456669E+04  0.0000000E+00
 64  0.0000000E+00 -6.3645846E+04  0.0000000E+00
 65  0.0000000E+00 -6.1834367E+04  0.0000000E+00
 66  0.0000000E+00 -6.0019780E+04  0.0000000E+00
 67  0.0000000E+00 -5.8200780E+04  0.0000000E+00
 68  0.0000000E+00 -5.6375638E+04  0.0000000E+00
 69  0.0000000E+00 -5.4537515E+04  0.0000000E+00
 70  0.0000000E+00 -5.2676136E+04  0.0000000E+00
 71  0.0000000E+00 -5.0779493E+04  0.0000000E+00
 72  0.0000000E+00 -4.8835528E+04  0.0000000E+00
 73  0.0000000E+00 -4.6834520E+04  0.0000000E+00
 74  0.0000000E+00 -4.4770357E+04  0.0000000E+00
 75  0.0000000E+00 -4.2640971E+04  0.0000000E+00
 76  0.0000000E+00 -4.0448935E+04  0.0000000E+00
 77  0.0000000E+00 -3.8201634E+04  0.0000000E+00
 78  0.0000000E+00 -3.5911167E+04  0.0000000E+00
 79  0.0000000E+00 -3.3596270E+04  0.0000000E+00
 80  0.0000000E+00 -3.1279687E+04  0.0000000E+00
 81  0.0000000E+00 -2.8980857E+04  0.0000000E+00
 82  0.0000000E+00 -2.6718577E+04  0.0000000E+00
 83  0.0000000E+00 -2.4512038E+04  0.0000000E+00
 84  0.0000000E+00 -2.2375958E+04  0.0000000E+00
 85  0.0000000E+00 -2.0320246E+04  0.0000000E+00
 86  0.0000000E+00 -1.8348830E+04  0.0000000E+00
 87  0.0000000E+00 -1.6457932E+04  0.0000000E+00
 88  0.0000000E+00 -1.4635052E+04  0.0000000E+00
 89  0.0000000E+00 -1.2845683E+04  0.0000000E+00
 90  0.0000000E+00 -1.0990173E+04  0.0000000E+00
 91  0.0000000E+00 -8.8843068E+03  0.0000000E+00
 92  0.0000000E+00 -6.3172486E+03  0.0000000E+00
 93  0.0000000E+00 -3.2623247E+03  0.0000000E+00
 94  0.0000000E+00 -6.7030679E+01  0.0000000E+00
 95  0.0000000E+00  2.7460882E+03  0.0000000E+00
 96  0.0000000E+00  4.9228144E+03  0.0000000E+00
 97  0.0000000E+00  6.6201118E+03  0.0000000E+00
 98  0.0000000E+00  7.9941383E+03  0.0000000E+00
 99  0.0000000E+00  9.0589189E+03  0.0000000E+00
100  0.0000000E+00  9.5237615E+03  0.0000000E+00
101  0.0000000E+00  9.7609445E+03  0.0000000E+00
# qohme | MW/m^3
  1  7.1101654E-03
  2  7.1101654E-03
  3  6.9318805E-03
  4  6.7269602E-03
  5  6.5420456E-03
  6  6.3874367E-03
  7  6.2696896E-03
  8  6.1862510E-03
  9  6.1459052E-03
 10  6.1648758E-03
 11  6.2548352E-03
 12  6.4244715E-03
 13  6.5982309E-03
 14  6.8150662E-03
 15  7.0113841E-03
 16  7.1603316E-03
 17  7.2869584E-03
 18  7.4360414E-03
 19  7.6020379E-03
 20  7.8013413E-03
 21  7.9836372E-03
 22  8.1816570E-03
 23  8.1064861E-03
 24  8.2760864E-03
 25  8.3931695E-03
 26  8.2732850E-03
 27  9.2428532E-03
 28  9.3406954E-03
 29  9.5311896E-03
 30  9.7233989E-03
 31  9.8323739E-03
 32  9.0368178E-03
 33  9.0761547E-03
 34  8.6806318E-03
 35  8.2156913E-03
 36  8.0477248E-03
 37  6.9940309E-03
 38  6.7811184E-03
 39  6.3100369E-03
 40  5.8536024E-03
 41  5.6624553E-03
 42  5.4763854E-03
 43  5.2898702E-03
 44  5.0956887E-03
 45  4.8960488E-03
 46  4.6960392E-03
 47  4.4987212E-03
 48  4.3052467E-03
 49  4.1185848E-03
 50  3.9421448E-03
 51  3.7778337E-03
 52  3.6320164E-03
 53  3.5123318E-03
 54  3.4202955E-03
 55  3.3550210E-03
 56  3.3131871E-03
 57  3.2913673E-03
 58  3.2860325E-03
 59  3.2913320E-03
 60  3.3009649E-03
 61  3.3078317E-03
 62  3.3015467E-03
 63  3.2783628E-03
 64  3.2396792E-03
 65  3.1836985E-03
 66  3.1124431E-03
 67  3.0314145E-03
 68  2.9482347E-03
 69  2.8656396E-03
 70  2.7860140E-03
 71  2.7115328E-03
 72  2.6436666E-03
 73  2.5776816E-03
 74  2.5086726E-03
 75  2.4348152E-03
 76  2.3565283E-03
 77  2.2745044E-03
 78  2.1916978E-03
 79  2.1115451E-03
 80  2.0347913E-03
 81  1.9614467E-03
 82  1.8924203E-03
 83  1.8278433E-03
 84  1.7662646E-03
 85  1.7080608E-03
 86  1.6552730E-03
 87  1.6059123E-03
 88  1.5565926E-03
 89  1.5114411E-03
 90  1.4827022E-03
 91  1.4913456E-03
 92  1.5628246E-03
 93  1.7040008E-03
 94  1.8478693E-03
 95  1.9252528E-03
 96  2.0034430E-03
 97  1.8417317E-03
 98  1.2790679E-03
 99  8.0551718E-04
100  4.6532439E-04
101  2.0484078E-04
# qbeame | MW/m^3
  1  5.0591022E-01
  2  5.0591022E-01
  3  4.9778664E-01
  4  4.8899266E-01
  5  4.8016587E-01
  6  4.7131139E-01
  7  4.6278736E-01
  8  4.5572671E-01
  9  4.4974878E-01
 10  4.4452268E-01
 11  4.3999400E-01
 12  4.3538504E-01
 13  4.2814353E-01
 14  4.1827281E-01
 15  4.0630931E-01
 16  3.9262920E-01
 17  3.7850234E-01
 18  3.6769047E-01
 19  3.6052316E-01
 20  3.5639980E-01
 21  3.5482669E-01
 22  3.5462937E-01
 23  3.5254427E-01
 24  3.4808296E-01
 25  3.4153427E-01
 26  3.3313682E-01
 27  3.2386553E-01
 28  3.1678059E-01
 29  3.1236899E-01
 30  3.1035832E-01
 31  3.1051281E-01
 32  3.1150311E-01
 33  3.0887812E-01
 34  3.0188995E-01
 35  2.9089962E-01
 36  2.7622343E-01
 37  2.5956900E-01
 38  2.4663686E-01
 39  2.3850693E-01
 40  2.3482682E-01
 41  2.3528108E-01
 42  2.3837602E-01
 43  2.3915902E-01
 44  2.3660346E-01
 45  2.3090176E-01
 46  2.2222518E-01
 47  2.1167125E-01
 48  2.0301240E-01
 49  1.9704580E-01
 50  1.9363115E-01
 51  1.9264051E-01
 52  1.9325820E-01
 53  1.9266492E-01
 54  1.9024056E-01
 55  1.8606821E-01
 56  1.8022352E-01
 57  1.7314715E-01
 58  1.6635932E-01
 59  1.6020823E-01
 60  1.5466711E-01
 61  1.4971176E-01
 62  1.4502184E-01
 63  1.3941441E-01
 64  1.3262939E-01
 65  1.2470247E-01
 66  1.1566687E-01
 67  1.0591860E-01
 68  9.6916359E-02
 69  8.8988753E-02
 70  8.2098709E-02
 71  7.6211836E-02
 72  7.1205824E-02
 73  6.6694658E-02
 74  6.2574104E-02
 75  5.8832878E-02
 76  5.5460347E-02
 77  5.2358663E-02
 78  4.9174214E-02
 79  4.5821979E-02
 80  4.2300734E-02
 81  3.8610029E-02
 82  3.4811503E-02
 83  3.1136705E-02
 84  2.7638683E-02
 85  2.4310671E-02
 86  2.1146860E-02
 87  1.8168721E-02
 88  1.5472430E-02
 89  1.3076950E-02
 90  1.0975291E-02
 91  9.1609450E-03
 92  7.6416031E-03
 93  6.4643891E-03
 94  5.6358360E-03
 95  5.1492798E-03
 96  4.9983850E-03
 97  5.1774151E-03
 98  5.6827007E-03
 99  6.5160329E-03
100  7.6870084E-03
101  9.2192333E-03
# qbeami | MW/m^3
  1  2.2447629E+00
  2  2.2447629E+00
  3  2.1793372E+00
  4  2.1079593E+00
  5  2.0359541E+00
  6  1.9636228E+00
  7  1.8925533E+00
  8  1.8275631E+00
  9  1.7671027E+00
 10  1.7097891E+00
 11  1.6553213E+00
 12  1.6043006E+00
 13  1.5594119E+00
 14  1.5199123E+00
 15  1.4844688E+00
 16  1.4520667E+00
 17  1.4215516E+00
 18  1.3909594E+00
 19  1.3600082E+00
 20  1.3286786E+00
 21  1.2968864E+00
 22  1.2644199E+00
 23  1.2303967E+00
 24  1.1947841E+00
 25  1.1577479E+00
 26  1.1194201E+00
 27  1.0811178E+00
 28  1.0474143E+00
 29  1.0189279E+00
 30  9.9511362E-01
 31  9.7549803E-01
 32  9.5661795E-01
 33  9.2651335E-01
 34  8.8326300E-01
 35  8.2794141E-01
 36  7.6148935E-01
 37  6.8930352E-01
 38  6.2954887E-01
 39  5.8561919E-01
 40  5.5634405E-01
 41  5.4068064E-01
 42  5.3456552E-01
 43  5.2501992E-01
 44  5.0922485E-01
 45  4.8753011E-01
 46  4.6024791E-01
 47  4.2941331E-01
 48  4.0203260E-01
 49  3.7958384E-01
 50  3.6180369E-01
 51  3.4845110E-01
 52  3.3829764E-01
 53  3.2723042E-01
 54  3.1431150E-01
 55  2.9962068E-01
 56  2.8322965E-01
 57  2.6574808E-01
 58  2.4937218E-01
 59  2.3458152E-01
 60  2.2130847E-01
 61  2.0949072E-01
 62  1.9871491E-01
 63  1.8754162E-01
 64  1.7563399E-01
 65  1.6300942E-01
 66  1.4968447E-01
 67  1.3595436E-01
 68  1.2292820E-01
 69  1.1085019E-01
 70  9.9685025E-02
 71  8.9400019E-02
 72  8.0043050E-02
 73  7.1892804E-02
 74  6.4989652E-02
 75  5.9298246E-02
 76  5.4785114E-02
 77  5.1178061E-02
 78  4.7501051E-02
 79  4.3518299E-02
 80  3.9231876E-02
 81  3.4644764E-02
 82  2.9900108E-02
 83  2.5541262E-02
 84  2.1692019E-02
 85  1.8338245E-02
 86  1.5467268E-02
 87  1.3028976E-02
 88  1.0857491E-02
 89  8.9082795E-03
 90  7.1761624E-03
 91  5.6563190E-03
 92  4.3428741E-03
 93  3.2250463E-03
 94  2.2971059E-03
 95  1.5549748E-03
 96  9.9478381E-04
 97  6.1309219E-04
 98  4.0698812E-04
 99  3.7409355E-04
100  5.1321807E-04
101  8.2642854E-04
# qrfe | MW/m^3
  1  0.0000000E+00
  2  0.0000000E+00
  3  0.0000000E+00
  4  0.0000000E+00
  5  0.0000000E+00
  6  0.0000000E+00
  7  0.0000000E+00
  8  0.0000000E+00
  9  0.0000000E+00
 10  0.0000000E+00
 11  0.0000000E+00
 12  0.0000000E+00
 13  0.0000000E+00
 14  0.0000000E+00
 15  0.0000000E+00
 16  0.0000000E+00
 17  0.0000000E+00
 18  0.0000000E+00
 19  0.0000000E+00
 20  0.0000000E+00
 21  7.2066669E-14
 22  6.4227645E-02
 23  6.4228024E-02
 24  3.3234141E-01
 25  5.9476464E-01
 26  5.9476626E-01
 27  1.1846475E+00
 28  1.1846514E+00
 29  1.3112418E+00
 30  1.4356672E+00
 31  1.4356725E+00
 32  1.0250475E+00
 33  1.0250511E+00
 34  8.6497276E-01
 35  7.0716567E-01
 36  7.0716733E-01
 37  2.8772855E-01
 38  2.8772897E-01
 39  1.4300589E-01
 40  0.0000000E+00
 41  0.0000000E+00
 42  0.0000000E+00
 43  0.0000000E+00
 44  0.0000000E+00
 45  0.0000000E+00
 46  0.0000000E+00
 47  0.0000000E+00
 48  0.0000000E+00
 49  0.0000000E+00
 50  0.0000000E+00
 51  0.0000000E+00
 52  0.0000000E+00
 53  0.0000000E+00
 54  0.0000000E+00
 55  0.0000000E+00
 56  0.0000000E+00
 57  0.0000000E+00
 58  0.0000000E+00
 59  0.0000000E+00
 60  0.0000000E+00
 61  0.0000000E+00
 62  0.0000000E+00
 63  0.0000000E+00
 64  0.0000000E+00
 65  0.0000000E+00
 66  0.0000000E+00
 67  0.0000000E+00
 68  0.0000000E+00
 69  0.0000000E+00
 70  0.0000000E+00
 71  0.0000000E+00
 72  0.0000000E+00
 73  0.0000000E+00
 74  0.0000000E+00
 75  0.0000000E+00
 76  0.0000000E+00
 77  0.0000000E+00
 78  0.0000000E+00
 79  0.0000000E+00
 80  0.0000000E+00
 81  0.0000000E+00
 82  0.0000000E+00
 83  0.0000000E+00
 84  0.0000000E+00
 85  0.0000000E+00
 86  0.0000000E+00
 87  0.0000000E+00
 88  0.0000000E+00
 89  0.0000000E+00
 90  0.0000000E+00
 91  0.0000000E+00
 92  0.0000000E+00
 93  0.0000000E+00
 94  0.0000000E+00
 95  0.0000000E+00
 96  0.0000000E+00
 97  0.0000000E+00
 98  0.0000000E+00
 99  0.0000000E+00
100  0.0000000E+00
101  0.0000000E+00
# qbrem | MW/m^3
  1  5.8991383E-03
  2  5.8991383E-03
  3  5.8961976E-03
  4  5.8903480E-03
  5  5.8815898E-03
  6  5.8699558E-03
  7  5.8554429E-03
  8  5.8377865E-03
  9  5.8173337E-03
 10  5.7941149E-03
 11  5.7682022E-03
 12  5.7396465E-03
 13  5.7084896E-03
 14  5.6747859E-03
 15  5.6385710E-03
 16  5.5998410E-03
 17  5.5585937E-03
 18  5.5147642E-03
 19  5.4679680E-03
 20  5.4183882E-03
 21  5.3658769E-03
 22  5.3102555E-03
 23  5.2513181E-03
 24  5.1888474E-03
 25  5.1226326E-03
 26  5.0524864E-03
 27  4.9782428E-03
 28  4.8997164E-03
 29  4.8167217E-03
 30  4.7284253E-03
 31  4.6352328E-03
 32  4.5369413E-03
 33  4.4337511E-03
 34  4.3261036E-03
 35  4.2145314E-03
 36  4.0996038E-03
 37  3.9819385E-03
 38  3.8621733E-03
 39  3.7409428E-03
 40  3.6189129E-03
 41  3.4965763E-03
 42  3.3749095E-03
 43  3.2545634E-03
 44  3.1361622E-03
 45  3.0202434E-03
 46  2.9071870E-03
 47  2.7972456E-03
 48  2.6906107E-03
 49  2.5874526E-03
 50  2.4879143E-03
 51  2.3921060E-03
 52  2.3002023E-03
 53  2.2119022E-03
 54  2.1270652E-03
 55  2.0455711E-03
 56  1.9673008E-03
 57  1.8921700E-03
 58  1.8200862E-03
 59  1.7508977E-03
 60  1.6844194E-03
 61  1.6205302E-03
 62  1.5591816E-03
 63  1.5004282E-03
 64  1.4440514E-03
 65  1.3899620E-03
 66  1.3380673E-03
 67  1.2882658E-03
 68  1.2404336E-03
 69  1.1944183E-03
 70  1.1500513E-03
 71  1.1071602E-03
 72  1.0655835E-03
 73  1.0251525E-03
 74  9.8577151E-04
 75  9.4759947E-04
 76  9.1077092E-04
 77  8.7538564E-04
 78  8.4137368E-04
 79  8.0856580E-04
 80  7.7679673E-04
 81  7.4596545E-04
 82  7.1602753E-04
 83  6.8695948E-04
 84  6.5868240E-04
 85  6.3122314E-04
 86  6.0444730E-04
 87  5.7816501E-04
 88  5.5239506E-04
 89  5.2731056E-04
 90  5.0292142E-04
 91  4.7893198E-04
 92  4.5449696E-04
 93  4.2777230E-04
 94  3.9550573E-04
 95  3.5291353E-04
 96  2.9126186E-04
 97  2.1443724E-04
 98  1.5460406E-04
 99  1.2195971E-04
100  1.0173468E-04
101  9.2744274E-05
# qsync | MW/m^3
  1  5.0366463E-05
  2  5.0366463E-05
  3  5.0303282E-05
  4  5.0177561E-05
  5  4.9989707E-05
  6  4.9740429E-05
  7  4.9430542E-05
  8  4.9054353E-05
  9  4.8619993E-05
 10  4.8128863E-05
 11  4.7582514E-05
 12  4.6982844E-05
 13  4.6331727E-05
 14  4.5631157E-05
 15  4.4883258E-05
 16  4.4090040E-05
 17  4.3253480E-05
 18  4.2376046E-05
 19  4.1454306E-05
 20  4.0496369E-05
 21  3.9504597E-05
 22  3.8481614E-05
 23  3.7429817E-05
 24  3.6351560E-05
 25  3.5249292E-05
 26  3.4125411E-05
 27  3.2982337E-05
 28  3.1822658E-05
 29  3.0648743E-05
 30  2.9458944E-05
 31  2.8260227E-05
 32  2.7055240E-05
 33  2.5848114E-05
 34  2.4643849E-05
 35  2.3447558E-05
 36  2.2264217E-05
 37  2.1098624E-05
 38  1.9955274E-05
 39  1.8838336E-05
 40  1.7751666E-05
 41  1.6698557E-05
 42  1.5683189E-05
 43  1.4708217E-05
 44  1.3775891E-05
 45  1.2887716E-05
 46  1.2044224E-05
 47  1.1245200E-05
 48  1.0490007E-05
 49  9.7778923E-06
 50  9.1080364E-06
 51  8.4793276E-06
 52  7.8916780E-06
 53  7.3419653E-06
 54  6.8284020E-06
 55  6.3493165E-06
 56  5.9028751E-06
 57  5.4872656E-06
 58  5.1006727E-06
 59  4.7412580E-06
 60  4.4072065E-06
 61  4.0966701E-06
 62  3.8077870E-06
 63  3.5396393E-06
 64  3.2897565E-06
 65  3.0567615E-06
 66  2.8393550E-06
 67  2.6363349E-06
 68  2.4466119E-06
 69  2.2691838E-06
 70  2.1031290E-06
 71  1.9475996E-06
 72  1.8018217E-06
 73  1.6650667E-06
 74  1.5369470E-06
 75  1.4169546E-06
 76  1.3047824E-06
 77  1.2000854E-06
 78  1.1024261E-06
 79  1.0113412E-06
 80  9.2641916E-07
 81  8.4734161E-07
 82  7.7385658E-07
 83  7.0571473E-07
 84  6.4256009E-07
 85  5.8425155E-07
 86  5.3024082E-07
 87  4.8011359E-07
 88  4.3362437E-07
 89  3.9061517E-07
 90  3.5074159E-07
 91  3.1338220E-07
 92  2.7736619E-07
 93  2.4071787E-07
 94  2.0103015E-07
 95  1.5655328E-07
 96  1.0543758E-07
 97  5.5383716E-08
 98  2.6525932E-08
 99  1.4870275E-08
100  8.9706453E-09
101  6.7637718E-09
# qline | MW/m^3
  1  6.8041746E-04
  2  6.8041746E-04
  3  6.8046548E-04
  4  6.8056240E-04
  5  6.8070728E-04
  6  6.8090466E-04
  7  6.8114942E-04
  8  6.8145373E-04
  9  6.8181322E-04
 10  6.8222784E-04
 11  6.8270578E-04
 12  6.8325095E-04
 13  6.8386545E-04
 14  6.8455283E-04
 15  6.8531418E-04
 16  6.8614708E-04
 17  6.8705255E-04
 18  6.8801356E-04
 19  6.8902673E-04
 20  6.9006439E-04
 21  6.9110573E-04
 22  6.9211889E-04
 23  6.9306861E-04
 24  6.9391698E-04
 25  6.9462392E-04
 26  6.9515198E-04
 27  6.9546781E-04
 28  6.9552549E-04
 29  6.9527834E-04
 30  6.9461984E-04
 31  6.9354119E-04
 32  6.9197652E-04
 33  6.8990624E-04
 34  6.8733684E-04
 35  6.8428443E-04
 36  6.8077164E-04
 37  6.7682884E-04
 38  6.7249236E-04
 39  6.6780049E-04
 40  6.6279934E-04
 41  6.5750971E-04
 42  6.5203034E-04
 43  6.4642465E-04
 44  6.4075667E-04
 45  6.3508782E-04
 46  6.2946496E-04
 47  6.2392366E-04
 48  6.1849730E-04
 49  6.1321652E-04
 50  6.0810707E-04
 51  6.0319870E-04
 52  5.9849926E-04
 53  5.9399055E-04
 54  5.8964880E-04
 55  5.8545220E-04
 56  5.8138523E-04
 57  5.7744322E-04
 58  5.7362320E-04
 59  5.6990530E-04
 60  5.6625681E-04
 61  5.6267432E-04
 62  5.5919681E-04
 63  5.5584108E-04
 64  5.5264134E-04
 65  5.4961843E-04
 66  5.4679141E-04
 67  5.4417783E-04
 68  5.4178242E-04
 69  5.3959427E-04
 70  5.3758919E-04
 71  5.3573481E-04
 72  5.3400127E-04
 73  5.3234945E-04
 74  5.3072604E-04
 75  5.2925712E-04
 76  5.2803528E-04
 77  5.2715250E-04
 78  5.2661472E-04
 79  5.2636879E-04
 80  5.2634964E-04
 81  5.2650762E-04
 82  5.2681175E-04
 83  5.2724185E-04
 84  5.2776898E-04
 85  5.2837050E-04
 86  5.2905298E-04
 87  5.2973710E-04
 88  5.3047459E-04
 89  5.3145580E-04
 90  5.3286845E-04
 91  5.3485432E-04
 92  5.3756633E-04
 93  5.4113085E-04
 94  5.4521742E-04
 95  5.4808636E-04
 96  5.4518308E-04
 97  5.4476416E-04
 98  5.6016660E-04
 99  5.8586577E-04
100  6.2584291E-04
101  6.5597744E-04
# qei | MW/m^3
  1 -9.8666139E-02
  2 -9.8666139E-02
  3 -9.7944744E-02
  4 -9.6953005E-02
  5 -9.5742367E-02
  6 -9.4326801E-02
  7 -9.2774286E-02
  8 -9.1234550E-02
  9 -8.9687257E-02
 10 -8.8066317E-02
 11 -8.6327730E-02
 12 -8.4483316E-02
 13 -8.2638264E-02
 14 -8.0778113E-02
 15 -7.8867749E-02
 16 -7.6883375E-02
 17 -7.4788906E-02
 18 -7.2503758E-02
 19 -7.0021114E-02
 20 -6.7370222E-02
 21 -6.4570201E-02
 22 -6.1642172E-02
 23 -5.8617998E-02
 24 -5.5510553E-02
 25 -5.2330411E-02
 26 -4.9091597E-02
 27 -4.5807233E-02
 28 -4.2484383E-02
 29 -3.9145036E-02
 30 -3.5831100E-02
 31 -3.2556623E-02
 32 -2.9348804E-02
 33 -2.6237172E-02
 34 -2.3240989E-02
 35 -2.0376603E-02
 36 -1.7658626E-02
 37 -1.5098844E-02
 38 -1.2706063E-02
 39 -1.0492013E-02
 40 -8.4677693E-03
 41 -6.6705235E-03
 42 -5.0762041E-03
 43 -3.6859020E-03
 44 -2.4997538E-03
 45 -1.5173050E-03
 46 -7.3318414E-04
 47 -1.3820038E-04
 48  2.7822585E-04
 49  5.2817464E-04
 50  6.2558920E-04
 51  5.8532192E-04
 52  4.1058273E-04
 53  1.2978621E-04
 54 -2.4326210E-04
 55 -6.9298409E-04
 56 -1.2055593E-03
 57 -1.7672279E-03
 58 -2.3647301E-03
 59 -2.9855204E-03
 60 -3.6198562E-03
 61 -4.2696306E-03
 62 -4.9432093E-03
 63 -5.6494034E-03
 64 -6.3997591E-03
 65 -7.2063601E-03
 66 -8.0783654E-03
 67 -9.0242438E-03
 68 -1.0054491E-02
 69 -1.1178319E-02
 70 -1.2396113E-02
 71 -1.3694390E-02
 72 -1.5050163E-02
 73 -1.6422318E-02
 74 -1.7761906E-02
 75 -1.9048395E-02
 76 -2.0247580E-02
 77 -2.1317451E-02
 78 -2.2217412E-02
 79 -2.2909216E-02
 80 -2.3354394E-02
 81 -2.3511777E-02
 82 -2.3335273E-02
 83 -2.2771477E-02
 84 -2.1797212E-02
 85 -2.0321438E-02
 86 -1.8398215E-02
 87 -1.5995332E-02
 88 -1.3088033E-02
 89 -9.5844529E-03
 90 -5.2848840E-03
 91  2.9241174E-04
 92  8.0268532E-03
 93  1.8863715E-02
 94  3.2372206E-02
 95  4.2685689E-02
 96  3.7076425E-02
 97  1.4502061E-02
 98 -9.4336060E-03
 99 -2.0288850E-02
100 -2.4210728E-02
101 -2.7311354E-02
# qione | MW/m^3
  1 -6.5295708E-03
  2 -6.5295708E-03
  3 -6.5312078E-03
  4 -6.5364832E-03
  5 -6.5422757E-03
  6 -6.5521643E-03
  7 -6.5647399E-03
  8 -6.5749212E-03
  9 -6.5851438E-03
 10 -6.5929210E-03
 11 -6.6043222E-03
 12 -6.6147620E-03
 13 -6.6176925E-03
 14 -6.6116987E-03
 15 -6.5902355E-03
 16 -6.5389777E-03
 17 -6.4494026E-03
 18 -6.3333153E-03
 19 -6.1722062E-03
 20 -5.9561902E-03
 21 -5.6700465E-03
 22 -5.3109401E-03
 23 -4.8748811E-03
 24 -4.3624091E-03
 25 -3.7880940E-03
 26 -3.1757502E-03
 27 -2.5452162E-03
 28 -1.9126875E-03
 29 -1.3087797E-03
 30 -7.7488137E-04
 31 -3.5757014E-04
 32 -1.0212862E-04
 33  5.0978375E-06
 34 -2.3278066E-07
 35 -8.5265361E-05
 36 -2.2556310E-04
 37 -4.0090251E-04
 38 -5.9057383E-04
 39 -7.7278719E-04
 40 -9.4575727E-04
 41 -1.1049764E-03
 42 -1.2505772E-03
 43 -1.3727716E-03
 44 -1.4672942E-03
 45 -1.5369431E-03
 46 -1.5954355E-03
 47 -1.6552485E-03
 48 -1.7188258E-03
 49 -1.7805239E-03
 50 -1.8270536E-03
 51 -1.8379444E-03
 52 -1.8290153E-03
 53 -1.8347879E-03
 54 -1.8617736E-03
 55 -1.9145090E-03
 56 -1.9920783E-03
 57 -2.0969695E-03
 58 -2.2274878E-03
 59 -2.3751487E-03
 60 -2.5290980E-03
 61 -2.6786535E-03
 62 -2.8157491E-03
 63 -2.9352435E-03
 64 -3.0344512E-03
 65 -3.1111799E-03
 66 -3.1606183E-03
 67 -3.1819517E-03
 68 -3.1770160E-03
 69 -3.1500819E-03
 70 -3.1050820E-03
 71 -3.0428403E-03
 72 -2.9629325E-03
 73 -2.8580207E-03
 74 -2.7105269E-03
 75 -2.5283275E-03
 76 -2.3125314E-03
 77 -2.0644636E-03
 78 -1.7819558E-03
 79 -1.4659292E-03
 80 -1.1278390E-03
 81 -7.8982245E-04
 82 -4.7883905E-04
 83 -2.2166692E-04
 84 -3.3477925E-05
 85  4.5758828E-05
 86 -1.0619283E-05
 87 -2.0123832E-04
 88 -4.9606027E-04
 89 -8.5355716E-04
 90 -1.2417813E-03
 91 -1.6434154E-03
 92 -2.0389307E-03
 93 -2.3518234E-03
 94 -2.3664616E-03
 95 -1.7199229E-03
 96  4.1524372E-04
 97  3.4552554E-03
 98  4.6558044E-03
 99  3.9850692E-03
100  2.2910204E-03
101  1.2565987E-03
# qioni | MW/m^3
  1 -2.5855005E-01
  2 -2.5855005E-01
  3 -2.1744220E-01
  4 -1.7181898E-01
  5 -1.2523303E-01
  6 -7.8355189E-02
  7 -3.6935269E-02
  8 -1.6607491E-02
  9 -1.2737143E-02
 10 -1.9226815E-02
 11 -3.2538303E-02
 12 -4.8297126E-02
 13 -5.8064760E-02
 14 -6.1802683E-02
 15 -6.0948179E-02
 16 -5.6605568E-02
 17 -4.9831176E-02
 18 -4.2033299E-02
 19 -3.3559415E-02
 20 -2.4567324E-02
 21 -1.5203586E-02
 22 -5.9398331E-03
 23  1.9372027E-03
 24  8.3767090E-03
 25  1.3556518E-02
 26  1.7697382E-02
 27  2.1160812E-02
 28  2.4669000E-02
 29  2.8306429E-02
 30  3.1921195E-02
 31  3.5349608E-02
 32  3.8380828E-02
 33  4.0639722E-02
 34  4.2147875E-02
 35  4.2894851E-02
 36  4.3205597E-02
 37  4.3189882E-02
 38  4.3308367E-02
 39  4.3672835E-02
 40  4.4251566E-02
 41  4.5013679E-02
 42  4.5793549E-02
 43  4.6023703E-02
 44  4.5603925E-02
 45  4.4589228E-02
 46  4.2898212E-02
 47  4.0989320E-02
 48  3.9104487E-02
 49  3.7368295E-02
 50  3.5814415E-02
 51  3.4488205E-02
 52  3.3366085E-02
 53  3.2318113E-02
 54  3.1310055E-02
 55  3.0343273E-02
 56  2.9413673E-02
 57  2.8403368E-02
 58  2.7324455E-02
 59  2.6085310E-02
 60  2.4742969E-02
 61  2.3346429E-02
 62  2.2017582E-02
 63  2.1131769E-02
 64  2.0739711E-02
 65  2.0794158E-02
 66  2.1247046E-02
 67  2.1999098E-02
 68  2.2763028E-02
 69  2.3478119E-02
 70  2.4221207E-02
 71  2.5002105E-02
 72  2.5853878E-02
 73  2.6782180E-02
 74  2.7767985E-02
 75  2.8735423E-02
 76  2.9624018E-02
 77  3.0405594E-02
 78  3.1130293E-02
 79  3.1721682E-02
 80  3.2050046E-02
 81  3.2122802E-02
 82  3.1980903E-02
 83  3.1443833E-02
 84  3.0560771E-02
 85  2.9400780E-02
 86  2.8022811E-02
 87  2.6548674E-02
 88  2.5143933E-02
 89  2.3966650E-02
 90  2.3408706E-02
 91  2.4639084E-02
 92  2.8550702E-02
 93  3.5127116E-02
 94  4.0026286E-02
 95  3.8068505E-02
 96  2.9884185E-02
 97  2.1651856E-02
 98  1.7406808E-02
 99  1.2691562E-02
100  8.1010033E-03
101 -3.7195509E-03
# qpar_beam | MW/m^3
  1  1.4896336E+20
  2  1.4896336E+20
  3  1.4933148E+20
  4  1.4977937E+20
  5  1.5024775E+20
  6  1.5071730E+20
  7  1.5099426E+20
  8  1.5055874E+20
  9  1.4953217E+20
 10  1.4813394E+20
 11  1.4651514E+20
 12  1.4478731E+20
 13  1.4300134E+20
 14  1.4117208E+20
 15  1.3931887E+20
 16  1.3743924E+20
 17  1.3545800E+20
 18  1.3318485E+20
 19  1.3064823E+20
 20  1.2789263E+20
 21  1.2494925E+20
 22  1.2193476E+20
 23  1.1918697E+20
 24  1.1675953E+20
 25  1.1460916E+20
 26  1.1269086E+20
 27  1.1092651E+20
 28  1.0914731E+20
 29  1.0730739E+20
 30  1.0537281E+20
 31  1.0329509E+20
 32  1.0105428E+20
 33  9.8724923E+19
 34  9.6338890E+19
 35  9.3910175E+19
 36  9.1447421E+19
 37  8.8952142E+19
 38  8.6422379E+19
 39  8.3872524E+19
 40  8.1301799E+19
 41  7.8714742E+19
 42  7.6131357E+19
 43  7.3617960E+19
 44  7.1197476E+19
 45  6.8869803E+19
 46  6.6616361E+19
 47  6.4417174E+19
 48  6.2253654E+19
 49  6.0123365E+19
 50  5.8044081E+19
 51  5.6043866E+19
 52  5.4128935E+19
 53  5.2294831E+19
 54  5.0561527E+19
 55  4.8948186E+19
 56  4.7457625E+19
 57  4.6065966E+19
 58  4.4734027E+19
 59  4.3439865E+19
 60  4.2181379E+19
 61  4.0966475E+19
 62  3.9794787E+19
 63  3.8680351E+19
 64  3.7616074E+19
 65  3.6605249E+19
 66  3.5656502E+19
 67  3.4779535E+19
 68  3.3982316E+19
 69  3.3261341E+19
 70  3.2611383E+19
 71  3.2042607E+19
 72  3.1567690E+19
 73  3.1212007E+19
 74  3.1035188E+19
 75  3.1008563E+19
 76  3.1111315E+19
 77  3.1280228E+19
 78  3.1498499E+19
 79  3.1820015E+19
 80  3.2227802E+19
 81  3.2639832E+19
 82  3.3011123E+19
 83  3.3361897E+19
 84  3.3720552E+19
 85  3.4076674E+19
 86  3.4340961E+19
 87  3.4535493E+19
 88  3.4767130E+19
 89  3.5228638E+19
 90  3.6052097E+19
 91  3.7542195E+19
 92  3.9890575E+19
 93  5.1357745E+19
 94  7.2507467E+19
 95  9.7558364E+19
 96  1.2883812E+20
 97  1.7064325E+20
 98  2.2150265E+20
 99  2.8642058E+20
100  3.6794164E+20
101  4.7495441E+20
# qmom | MW/m^3
  1 -2.7780669E+00
  2 -2.7780669E+00
  3 -2.5672183E+00
  4 -2.3358876E+00
  5 -2.1016567E+00
  6 -1.8658796E+00
  7 -1.6559602E+00
  8 -1.5521428E+00
  9 -1.5319285E+00
 10 -1.5662268E+00
 11 -1.6386875E+00
 12 -1.7250037E+00
 13 -1.7695128E+00
 14 -1.7699325E+00
 15 -1.7356518E+00
 16 -1.6734247E+00
 17 -1.5949288E+00
 18 -1.5277585E+00
 19 -1.4759460E+00
 20 -1.4369161E+00
 21 -1.4085412E+00
 22 -1.3909768E+00
 23 -1.3894267E+00
 24 -1.4034743E+00
 25 -1.4312173E+00
 26 -1.4710707E+00
 27 -1.5139278E+00
 28 -1.5293510E+00
 29 -1.5129643E+00
 30 -1.4679036E+00
 31 -1.3968317E+00
 32 -1.3088921E+00
 33 -1.2319940E+00
 34 -1.1716005E+00
 35 -1.1263191E+00
 36 -1.0949278E+00
 37 -1.0764541E+00
 38 -1.0702520E+00
 39 -1.0755286E+00
 40 -1.0914319E+00
 41 -1.1171961E+00
 42 -1.1436678E+00
 43 -1.1375202E+00
 44 -1.0926679E+00
 45 -1.0114206E+00
 46 -8.9583505E-01
 47 -7.5937408E-01
 48 -6.4859012E-01
 49 -5.7321986E-01
 50 -5.3139678E-01
 51 -5.2142810E-01
 52 -5.3415780E-01
 53 -5.3861374E-01
 54 -5.2782755E-01
 55 -5.0249388E-01
 56 -4.6323963E-01
 57 -4.1471941E-01
 58 -3.7345598E-01
 59 -3.4312896E-01
 60 -3.2331537E-01
 61 -3.1363579E-01
 62 -3.1386861E-01
 63 -3.2421047E-01
 64 -3.4442022E-01
 65 -3.7414500E-01
 66 -4.1304518E-01
 67 -4.5537049E-01
 68 -4.7951897E-01
 69 -4.8073520E-01
 70 -4.5970862E-01
 71 -4.1709784E-01
 72 -3.5820091E-01
 73 -3.0201706E-01
 74 -2.5306580E-01
 75 -2.1112048E-01
 76 -1.7598570E-01
 77 -1.4701972E-01
 78 -1.2218170E-01
 79 -1.0085248E-01
 80 -8.2908468E-02
 81 -6.8254292E-02
 82 -5.5823949E-02
 83 -4.1703908E-02
 84 -2.4988328E-02
 85 -5.7352927E-03
 86  1.5998876E-02
 87  3.9077746E-02
 88  5.9194493E-02
 89  7.5354109E-02
 90  8.7638396E-02
 91  9.6126973E-02
 92  1.0140212E-01
 93  1.0550481E-01
 94  1.0889976E-01
 95  1.1153857E-01
 96  1.1353778E-01
 97  1.1531757E-01
 98  1.1679911E-01
 99  1.1707240E-01
100  1.1596082E-01
101  1.1380025E-01
