#  *original : Sat Oct 23 08:42:47 PDT 2021                           
# *statefile : state180520Z12_2x500.cdf                               
#     *gfile : state180520Z12_2x500.geq 23Oct2021 t~ 2                
#   *cerfile : null                                                   
#      *vgen : null                                                   
#     *tgyro : null                                                   
#
# nexp
101
# nion
3
# shot
180520
# name
D C D
# type
[therm] [therm] [fast]
# masse
 5.4488741E-04
# mass
 2.0005209E+00 1.1930011E+01 2.0005209E+00
# ze
-1.0000000E+00
# z
 1.0000000E+00 6.0000000E+00 1.0000000E+00
# torfluxa | Wb/radian
 4.7747777E-01
# rcentr | m
 1.6850659E+00
# bcentr | T
 1.9864001E+00
# current | MA
-8.8537475E-01
# rho | -
  1  0.0000000E+00
  2  1.0000000E-02
  3  2.0000000E-02
  4  3.0000000E-02
  5  4.0000000E-02
  6  5.0000000E-02
  7  6.0000000E-02
  8  7.0000000E-02
  9  8.0000000E-02
 10  9.0000000E-02
 11  1.0000000E-01
 12  1.1000000E-01
 13  1.2000000E-01
 14  1.3000000E-01
 15  1.4000000E-01
 16  1.5000000E-01
 17  1.6000000E-01
 18  1.7000000E-01
 19  1.8000000E-01
 20  1.9000000E-01
 21  2.0000000E-01
 22  2.1000000E-01
 23  2.2000000E-01
 24  2.3000000E-01
 25  2.4000000E-01
 26  2.5000000E-01
 27  2.6000000E-01
 28  2.7000000E-01
 29  2.8000000E-01
 30  2.9000000E-01
 31  3.0000000E-01
 32  3.1000000E-01
 33  3.2000000E-01
 34  3.3000000E-01
 35  3.4000000E-01
 36  3.5000000E-01
 37  3.6000000E-01
 38  3.7000000E-01
 39  3.8000000E-01
 40  3.9000000E-01
 41  4.0000000E-01
 42  4.1000000E-01
 43  4.2000000E-01
 44  4.3000000E-01
 45  4.4000000E-01
 46  4.5000000E-01
 47  4.6000000E-01
 48  4.7000000E-01
 49  4.8000000E-01
 50  4.9000000E-01
 51  5.0000000E-01
 52  5.1000000E-01
 53  5.2000000E-01
 54  5.3000000E-01
 55  5.4000000E-01
 56  5.5000000E-01
 57  5.6000000E-01
 58  5.7000000E-01
 59  5.8000000E-01
 60  5.9000000E-01
 61  6.0000000E-01
 62  6.1000000E-01
 63  6.2000000E-01
 64  6.3000000E-01
 65  6.4000000E-01
 66  6.5000000E-01
 67  6.6000000E-01
 68  6.7000000E-01
 69  6.8000000E-01
 70  6.9000000E-01
 71  7.0000000E-01
 72  7.1000000E-01
 73  7.2000000E-01
 74  7.3000000E-01
 75  7.4000000E-01
 76  7.5000000E-01
 77  7.6000000E-01
 78  7.7000000E-01
 79  7.8000000E-01
 80  7.9000000E-01
 81  8.0000000E-01
 82  8.1000000E-01
 83  8.2000000E-01
 84  8.3000000E-01
 85  8.4000000E-01
 86  8.5000000E-01
 87  8.6000000E-01
 88  8.7000000E-01
 89  8.8000000E-01
 90  8.9000000E-01
 91  9.0000000E-01
 92  9.1000000E-01
 93  9.2000000E-01
 94  9.3000000E-01
 95  9.4000000E-01
 96  9.5000000E-01
 97  9.6000000E-01
 98  9.7000000E-01
 99  9.8000000E-01
100  9.9000000E-01
101  1.0000000E+00
# rmin | m
  1  0.0000000E+00
  2  6.3285364E-03
  3  1.2658920E-02
  4  1.8991152E-02
  5  2.5325231E-02
  6  3.1661157E-02
  7  3.7998932E-02
  8  4.4338553E-02
  9  5.0671320E-02
 10  5.7000305E-02
 11  6.3328870E-02
 12  6.9654523E-02
 13  7.5977725E-02
 14  8.2298316E-02
 15  8.8616063E-02
 16  9.4931505E-02
 17  1.0124576E-01
 18  1.0755730E-01
 19  1.1386629E-01
 20  1.2017371E-01
 21  1.2647776E-01
 22  1.3277922E-01
 23  1.3907937E-01
 24  1.4537575E-01
 25  1.5166827E-01
 26  1.5795665E-01
 27  1.6424045E-01
 28  1.7052069E-01
 29  1.7679394E-01
 30  1.8306114E-01
 31  1.8932238E-01
 32  1.9557632E-01
 33  2.0182375E-01
 34  2.0806499E-01
 35  2.1429859E-01
 36  2.2052458E-01
 37  2.2674247E-01
 38  2.3295173E-01
 39  2.3915333E-01
 40  2.4534524E-01
 41  2.5152672E-01
 42  2.5770109E-01
 43  2.6386268E-01
 44  2.7001436E-01
 45  2.7615590E-01
 46  2.8228329E-01
 47  2.8839826E-01
 48  2.9450165E-01
 49  3.0059101E-01
 50  3.0666681E-01
 51  3.1272546E-01
 52  3.1877141E-01
 53  3.2479638E-01
 54  3.3081011E-01
 55  3.3680469E-01
 56  3.4278253E-01
 57  3.4874381E-01
 58  3.5468491E-01
 59  3.6061093E-01
 60  3.6652042E-01
 61  3.7241116E-01
 62  3.7828394E-01
 63  3.8413890E-01
 64  3.8997684E-01
 65  3.9579852E-01
 66  4.0160019E-01
 67  4.0738474E-01
 68  4.1315268E-01
 69  4.1890400E-01
 70  4.2463853E-01
 71  4.3035400E-01
 72  4.3605412E-01
 73  4.4173675E-01
 74  4.4739699E-01
 75  4.5304829E-01
 76  4.5868040E-01
 77  4.6429378E-01
 78  4.6988970E-01
 79  4.7547118E-01
 80  4.8103278E-01
 81  4.8657948E-01
 82  4.9210734E-01
 83  4.9761322E-01
 84  5.0310466E-01
 85  5.0857259E-01
 86  5.1402318E-01
 87  5.1944784E-01
 88  5.2484837E-01
 89  5.3022449E-01
 90  5.3557331E-01
 91  5.4089091E-01
 92  5.4616646E-01
 93  5.5140814E-01
 94  5.5661554E-01
 95  5.6178977E-01
 96  5.6694882E-01
 97  5.7209629E-01
 98  5.7722603E-01
 99  5.8232341E-01
100  5.8736108E-01
101  5.9237631E-01
# polflux | Wb/radian
  1 -0.0000000E+00
  2 -1.4276996E-04
  3 -3.1253978E-04
  4 -5.3630931E-04
  5 -8.4107841E-04
  6 -1.2538468E-03
  7 -1.7925760E-03
  8 -2.4413720E-03
  9 -3.1809225E-03
 10 -4.0137706E-03
 11 -4.9444692E-03
 12 -5.9709496E-03
 13 -7.0934570E-03
 14 -8.3121468E-03
 15 -9.6268307E-03
 16 -1.1037199E-02
 17 -1.2542961E-02
 18 -1.4144080E-02
 19 -1.5840656E-02
 20 -1.7632641E-02
 21 -1.9519718E-02
 22 -2.1501250E-02
 23 -2.3576403E-02
 24 -2.5744221E-02
 25 -2.8003663E-02
 26 -3.0353417E-02
 27 -3.2791692E-02
 28 -3.5316152E-02
 29 -3.7923826E-02
 30 -4.0610926E-02
 31 -4.3372876E-02
 32 -4.6204515E-02
 33 -4.9100403E-02
 34 -5.2054926E-02
 35 -5.5062484E-02
 36 -5.8117737E-02
 37 -6.1215664E-02
 38 -6.4351544E-02
 39 -6.7520921E-02
 40 -7.0719792E-02
 41 -7.3944674E-02
 42 -7.7192369E-02
 43 -8.0459754E-02
 44 -8.3743803E-02
 45 -8.7041698E-02
 46 -9.0350889E-02
 47 -9.3668968E-02
 48 -9.6993431E-02
 49 -1.0032180E-01
 50 -1.0365178E-01
 51 -1.0698132E-01
 52 -1.1030845E-01
 53 -1.1363116E-01
 54 -1.1694743E-01
 55 -1.2025552E-01
 56 -1.2355407E-01
 57 -1.2684181E-01
 58 -1.3011740E-01
 59 -1.3337956E-01
 60 -1.3662715E-01
 61 -1.3985914E-01
 62 -1.4307455E-01
 63 -1.4627248E-01
 64 -1.4945210E-01
 65 -1.5261256E-01
 66 -1.5575294E-01
 67 -1.5887234E-01
 68 -1.6196999E-01
 69 -1.6504524E-01
 70 -1.6809736E-01
 71 -1.7112548E-01
 72 -1.7412872E-01
 73 -1.7710635E-01
 74 -1.8005779E-01
 75 -1.8298246E-01
 76 -1.8587972E-01
 77 -1.8874890E-01
 78 -1.9158931E-01
 79 -1.9440034E-01
 80 -1.9718140E-01
 81 -1.9993189E-01
 82 -2.0265118E-01
 83 -2.0533849E-01
 84 -2.0799291E-01
 85 -2.1061359E-01
 86 -2.1319987E-01
 87 -2.1575099E-01
 88 -2.1826577E-01
 89 -2.2074270E-01
 90 -2.2318042E-01
 91 -2.2557819E-01
 92 -2.2793590E-01
 93 -2.3025381E-01
 94 -2.3253254E-01
 95 -2.3477357E-01
 96 -2.3697993E-01
 97 -2.3915417E-01
 98 -2.4129482E-01
 99 -2.4339563E-01
100 -2.4544609E-01
101 -2.4744776E-01
# q | -
  1 -9.4238983E-01
  2 -9.4498989E-01
  3 -9.4791687E-01
  4 -9.5150134E-01
  5 -9.5588301E-01
  6 -9.6089750E-01
  7 -9.6585017E-01
  8 -9.6942176E-01
  9 -9.7229031E-01
 10 -9.7405357E-01
 11 -9.7609756E-01
 12 -9.7770867E-01
 13 -9.7897438E-01
 14 -9.8006304E-01
 15 -9.8117291E-01
 16 -9.8240554E-01
 17 -9.8360163E-01
 18 -9.8460332E-01
 19 -9.8545016E-01
 20 -9.8629971E-01
 21 -9.8731714E-01
 22 -9.8861109E-01
 23 -9.9020971E-01
 24 -9.9212892E-01
 25 -9.9436762E-01
 26 -9.9708031E-01
 27 -1.0004184E+00
 28 -1.0045689E+00
 29 -1.0097166E+00
 30 -1.0161317E+00
 31 -1.0239909E+00
 32 -1.0333776E+00
 33 -1.0443083E+00
 34 -1.0567852E+00
 35 -1.0707490E+00
 36 -1.0860820E+00
 37 -1.1026833E+00
 38 -1.1204943E+00
 39 -1.1394337E+00
 40 -1.1593398E+00
 41 -1.1801122E+00
 42 -1.2017256E+00
 43 -1.2242128E+00
 44 -1.2475696E+00
 45 -1.2717411E+00
 46 -1.2966865E+00
 47 -1.3224491E+00
 48 -1.3491101E+00
 49 -1.3766942E+00
 50 -1.4051439E+00
 51 -1.4344356E+00
 52 -1.4646096E+00
 53 -1.4957851E+00
 54 -1.5279482E+00
 55 -1.5609732E+00
 56 -1.5947919E+00
 57 -1.6294595E+00
 58 -1.6650611E+00
 59 -1.7015706E+00
 60 -1.7389697E+00
 61 -1.7772801E+00
 62 -1.8165013E+00
 63 -1.8566487E+00
 64 -1.8977348E+00
 65 -1.9398503E+00
 66 -1.9830941E+00
 67 -2.0274601E+00
 68 -2.0729033E+00
 69 -2.1194625E+00
 70 -2.1672784E+00
 71 -2.2165197E+00
 72 -2.2671755E+00
 73 -2.3192163E+00
 74 -2.3726067E+00
 75 -2.4274733E+00
 76 -2.4839545E+00
 77 -2.5421423E+00
 78 -2.6020897E+00
 79 -2.6638645E+00
 80 -2.7275395E+00
 81 -2.7932317E+00
 82 -2.8611662E+00
 83 -2.9316295E+00
 84 -3.0048998E+00
 85 -3.0809179E+00
 86 -3.1597513E+00
 87 -3.2419027E+00
 88 -3.3283009E+00
 89 -3.4194417E+00
 90 -3.5150849E+00
 91 -3.6145348E+00
 92 -3.7171628E+00
 93 -3.8227724E+00
 94 -3.9304782E+00
 95 -4.0379340E+00
 96 -4.1422610E+00
 97 -4.2477697E+00
 98 -4.3641846E+00
 99 -4.5035646E+00
100 -4.6729209E+00
101 -4.8117111E+00
# w0 | rad/s
  1  1.8649195E+04
  2 -4.1723539E+04
  3 -8.6043260E+04
  4 -9.7842515E+04
  5 -9.6279618E+04
  6 -8.9973115E+04
  7 -8.5125703E+04
  8 -8.4019250E+04
  9 -8.4139943E+04
 10 -8.3738207E+04
 11 -8.3090783E+04
 12 -8.2455622E+04
 13 -8.1729394E+04
 14 -8.0947740E+04
 15 -8.0126045E+04
 16 -7.9271411E+04
 17 -7.8398104E+04
 18 -7.7506742E+04
 19 -7.6596611E+04
 20 -7.5672337E+04
 21 -7.4736822E+04
 22 -7.3792216E+04
 23 -7.2841238E+04
 24 -7.1883954E+04
 25 -7.0920533E+04
 26 -6.9952634E+04
 27 -6.8978310E+04
 28 -6.7992320E+04
 29 -6.6992542E+04
 30 -6.5979863E+04
 31 -6.4954214E+04
 32 -6.3912933E+04
 33 -6.2854617E+04
 34 -6.1781632E+04
 35 -6.0695645E+04
 36 -5.9599832E+04
 37 -5.8499186E+04
 38 -5.7398187E+04
 39 -5.6299588E+04
 40 -5.5203417E+04
 41 -5.4110316E+04
 42 -5.3024301E+04
 43 -5.1949297E+04
 44 -5.0887277E+04
 45 -4.9837794E+04
 46 -4.8801067E+04
 47 -4.7781200E+04
 48 -4.6782863E+04
 49 -4.5807192E+04
 50 -4.4853286E+04
 51 -4.3921892E+04
 52 -4.3016637E+04
 53 -4.2142569E+04
 54 -4.1299980E+04
 55 -4.0484561E+04
 56 -3.9694487E+04
 57 -3.8931154E+04
 58 -3.8194139E+04
 59 -3.7481057E+04
 60 -3.6790020E+04
 61 -3.6119524E+04
 62 -3.5467721E+04
 63 -3.4832372E+04
 64 -3.4212125E+04
 65 -3.3607068E+04
 66 -3.3016079E+04
 67 -3.2436694E+04
 68 -3.1867285E+04
 69 -3.1307974E+04
 70 -3.0761363E+04
 71 -3.0228531E+04
 72 -2.9708069E+04
 73 -2.9198102E+04
 74 -2.8698372E+04
 75 -2.8210800E+04
 76 -2.7736762E+04
 77 -2.7275780E+04
 78 -2.6826716E+04
 79 -2.6389554E+04
 80 -2.5964153E+04
 81 -2.5550262E+04
 82 -2.5148357E+04
 83 -2.4758757E+04
 84 -2.4380049E+04
 85 -2.4008137E+04
 86 -2.3639225E+04
 87 -2.3271478E+04
 88 -2.2902065E+04
 89 -2.2519495E+04
 90 -2.2093931E+04
 91 -2.1562296E+04
 92 -2.0803035E+04
 93 -1.9642582E+04
 94 -1.7939340E+04
 95 -1.5702012E+04
 96 -1.3150941E+04
 97 -1.0653689E+04
 98 -8.5363827E+03
 99 -6.9153153E+03
100 -5.6788653E+03
101 -4.5922990E+03
# rmaj | m
  1  1.7838416E+00
  2  1.7838325E+00
  3  1.7838074E+00
  4  1.7837662E+00
  5  1.7837089E+00
  6  1.7836356E+00
  7  1.7835461E+00
  8  1.7834406E+00
  9  1.7833217E+00
 10  1.7831886E+00
 11  1.7830400E+00
 12  1.7828743E+00
 13  1.7826914E+00
 14  1.7824936E+00
 15  1.7822810E+00
 16  1.7820517E+00
 17  1.7818039E+00
 18  1.7815401E+00
 19  1.7812598E+00
 20  1.7809641E+00
 21  1.7806513E+00
 22  1.7803207E+00
 23  1.7799721E+00
 24  1.7796070E+00
 25  1.7792241E+00
 26  1.7788241E+00
 27  1.7784034E+00
 28  1.7779638E+00
 29  1.7775071E+00
 30  1.7770311E+00
 31  1.7765355E+00
 32  1.7760181E+00
 33  1.7754782E+00
 34  1.7749183E+00
 35  1.7743375E+00
 36  1.7737375E+00
 37  1.7731184E+00
 38  1.7724789E+00
 39  1.7718197E+00
 40  1.7711400E+00
 41  1.7704414E+00
 42  1.7697213E+00
 43  1.7689823E+00
 44  1.7682221E+00
 45  1.7674408E+00
 46  1.7666371E+00
 47  1.7658132E+00
 48  1.7649680E+00
 49  1.7641006E+00
 50  1.7632110E+00
 51  1.7622966E+00
 52  1.7613636E+00
 53  1.7604096E+00
 54  1.7594310E+00
 55  1.7584333E+00
 56  1.7574081E+00
 57  1.7563637E+00
 58  1.7552987E+00
 59  1.7542083E+00
 60  1.7531008E+00
 61  1.7519690E+00
 62  1.7508156E+00
 63  1.7496370E+00
 64  1.7484391E+00
 65  1.7472193E+00
 66  1.7459751E+00
 67  1.7447091E+00
 68  1.7434183E+00
 69  1.7421030E+00
 70  1.7407673E+00
 71  1.7394037E+00
 72  1.7380159E+00
 73  1.7366024E+00
 74  1.7351622E+00
 75  1.7336952E+00
 76  1.7322054E+00
 77  1.7306865E+00
 78  1.7291437E+00
 79  1.7275705E+00
 80  1.7259709E+00
 81  1.7243482E+00
 82  1.7226988E+00
 83  1.7210196E+00
 84  1.7193193E+00
 85  1.7175853E+00
 86  1.7158323E+00
 87  1.7140539E+00
 88  1.7122440E+00
 89  1.7104181E+00
 90  1.7085625E+00
 91  1.7066892E+00
 92  1.7047972E+00
 93  1.7028814E+00
 94  1.7009368E+00
 95  1.6989632E+00
 96  1.6969437E+00
 97  1.6948800E+00
 98  1.6927671E+00
 99  1.6906146E+00
100  1.6884370E+00
101  1.6862042E+00
# zmag | m
  1 -7.7530062E-02
  2 -7.7561944E-02
  3 -7.7593718E-02
  4 -7.7625385E-02
  5 -7.7656944E-02
  6 -7.7688394E-02
  7 -7.7719738E-02
  8 -7.7750973E-02
  9 -7.7787941E-02
 10 -7.7829305E-02
 11 -7.7875099E-02
 12 -7.7926153E-02
 13 -7.7982516E-02
 14 -7.8044633E-02
 15 -7.8113092E-02
 16 -7.8187925E-02
 17 -7.8267945E-02
 18 -7.8353463E-02
 19 -7.8443365E-02
 20 -7.8537273E-02
 21 -7.8635763E-02
 22 -7.8738266E-02
 23 -7.8844538E-02
 24 -7.8957642E-02
 25 -7.9077686E-02
 26 -7.9207414E-02
 27 -7.9342187E-02
 28 -7.9486458E-02
 29 -7.9636194E-02
 30 -7.9792208E-02
 31 -7.9954063E-02
 32 -8.0118185E-02
 33 -8.0291289E-02
 34 -8.0466988E-02
 35 -8.0652991E-02
 36 -8.0848425E-02
 37 -8.1054498E-02
 38 -8.1272186E-02
 39 -8.1501912E-02
 40 -8.1742952E-02
 41 -8.1994659E-02
 42 -8.2258504E-02
 43 -8.2528316E-02
 44 -8.2809605E-02
 45 -8.3102198E-02
 46 -8.3403897E-02
 47 -8.3717656E-02
 48 -8.4047382E-02
 49 -8.4386556E-02
 50 -8.4741321E-02
 51 -8.5114483E-02
 52 -8.5503203E-02
 53 -8.5911518E-02
 54 -8.6338328E-02
 55 -8.6783431E-02
 56 -8.7253757E-02
 57 -8.7742495E-02
 58 -8.8258916E-02
 59 -8.8791117E-02
 60 -8.9355460E-02
 61 -8.9948126E-02
 62 -9.0565978E-02
 63 -9.1219925E-02
 64 -9.1902416E-02
 65 -9.2619182E-02
 66 -9.3375283E-02
 67 -9.4165818E-02
 68 -9.4994811E-02
 69 -9.5870100E-02
 70 -9.6789496E-02
 71 -9.7762724E-02
 72 -9.8776250E-02
 73 -9.9857347E-02
 74 -1.0098327E-01
 75 -1.0217975E-01
 76 -1.0344184E-01
 77 -1.0477679E-01
 78 -1.0618098E-01
 79 -1.0767790E-01
 80 -1.0925352E-01
 81 -1.1094101E-01
 82 -1.1272881E-01
 83 -1.1464020E-01
 84 -1.1667460E-01
 85 -1.1885385E-01
 86 -1.2119930E-01
 87 -1.2372372E-01
 88 -1.2646340E-01
 89 -1.2942945E-01
 90 -1.3267406E-01
 91 -1.3623275E-01
 92 -1.4014711E-01
 93 -1.4444740E-01
 94 -1.4923999E-01
 95 -1.5450062E-01
 96 -1.6024452E-01
 97 -1.6638321E-01
 98 -1.7302906E-01
 99 -1.8043767E-01
100 -1.8893109E-01
101 -1.9901491E-01
# kappa | -
  1  1.2551280E+00
  2  1.2548072E+00
  3  1.2544874E+00
  4  1.2541688E+00
  5  1.2538512E+00
  6  1.2535347E+00
  7  1.2532193E+00
  8  1.2529049E+00
  9  1.2528044E+00
 10  1.2528416E+00
 11  1.2529308E+00
 12  1.2530961E+00
 13  1.2533164E+00
 14  1.2535897E+00
 15  1.2539091E+00
 16  1.2542446E+00
 17  1.2545552E+00
 18  1.2548812E+00
 19  1.2552456E+00
 20  1.2556154E+00
 21  1.2560248E+00
 22  1.2564468E+00
 23  1.2568898E+00
 24  1.2573467E+00
 25  1.2578173E+00
 26  1.2583295E+00
 27  1.2588756E+00
 28  1.2594466E+00
 29  1.2600751E+00
 30  1.2607485E+00
 31  1.2614586E+00
 32  1.2622018E+00
 33  1.2629707E+00
 34  1.2637590E+00
 35  1.2645715E+00
 36  1.2654165E+00
 37  1.2662894E+00
 38  1.2671994E+00
 39  1.2681407E+00
 40  1.2691660E+00
 41  1.2702148E+00
 42  1.2713427E+00
 43  1.2725127E+00
 44  1.2737383E+00
 45  1.2750162E+00
 46  1.2763413E+00
 47  1.2777118E+00
 48  1.2791230E+00
 49  1.2805848E+00
 50  1.2820975E+00
 51  1.2836875E+00
 52  1.2853116E+00
 53  1.2870595E+00
 54  1.2888343E+00
 55  1.2907116E+00
 56  1.2926486E+00
 57  1.2946689E+00
 58  1.2967613E+00
 59  1.2989246E+00
 60  1.3011602E+00
 61  1.3034775E+00
 62  1.3058654E+00
 63  1.3083332E+00
 64  1.3108765E+00
 65  1.3134806E+00
 66  1.3161733E+00
 67  1.3189342E+00
 68  1.3217678E+00
 69  1.3246839E+00
 70  1.3276713E+00
 71  1.3307410E+00
 72  1.3338850E+00
 73  1.3371286E+00
 74  1.3404365E+00
 75  1.3438476E+00
 76  1.3473318E+00
 77  1.3509344E+00
 78  1.3546450E+00
 79  1.3584512E+00
 80  1.3623752E+00
 81  1.3664375E+00
 82  1.3706428E+00
 83  1.3750206E+00
 84  1.3795261E+00
 85  1.3842607E+00
 86  1.3892139E+00
 87  1.3944231E+00
 88  1.3999505E+00
 89  1.4058027E+00
 90  1.4120443E+00
 91  1.4187362E+00
 92  1.4259561E+00
 93  1.4337440E+00
 94  1.4421859E+00
 95  1.4512198E+00
 96  1.4608121E+00
 97  1.4707327E+00
 98  1.4811427E+00
 99  1.4924627E+00
100  1.5053324E+00
101  1.5204593E+00
# delta | -
  1  0.0000000E+00
  2 -2.2307879E-04
  3 -4.5321773E-04
  4 -6.9041681E-04
  5 -9.3467601E-04
  6 -1.1859953E-03
  7 -1.4443747E-03
  8 -1.7098141E-03
  9 -1.9907435E-03
 10 -2.2837299E-03
 11 -2.5840809E-03
 12 -2.8996594E-03
 13 -3.2426856E-03
 14 -3.5783485E-03
 15 -3.9088543E-03
 16 -4.2590947E-03
 17 -4.6329544E-03
 18 -4.9893983E-03
 19 -5.3506426E-03
 20 -5.6944840E-03
 21 -6.0391110E-03
 22 -6.4079196E-03
 23 -6.7279372E-03
 24 -7.0688272E-03
 25 -7.4504223E-03
 26 -7.7474295E-03
 27 -8.1073577E-03
 28 -8.5131942E-03
 29 -8.8759585E-03
 30 -9.2711539E-03
 31 -9.7052236E-03
 32 -1.0123205E-02
 33 -1.0590534E-02
 34 -1.1070952E-02
 35 -1.1561158E-02
 36 -1.2064611E-02
 37 -1.2533380E-02
 38 -1.2994787E-02
 39 -1.3445193E-02
 40 -1.3882587E-02
 41 -1.4337612E-02
 42 -1.4789562E-02
 43 -1.5283776E-02
 44 -1.5801007E-02
 45 -1.6298711E-02
 46 -1.6857315E-02
 47 -1.7443591E-02
 48 -1.8049859E-02
 49 -1.8669827E-02
 50 -1.9315812E-02
 51 -2.0022251E-02
 52 -2.0703132E-02
 53 -2.1420298E-02
 54 -2.2171330E-02
 55 -2.2920848E-02
 56 -2.3733447E-02
 57 -2.4545115E-02
 58 -2.5418305E-02
 59 -2.6286767E-02
 60 -2.7204071E-02
 61 -2.8140199E-02
 62 -2.9086992E-02
 63 -3.0076046E-02
 64 -3.1073746E-02
 65 -3.2095787E-02
 66 -3.3156134E-02
 67 -3.4249444E-02
 68 -3.5389795E-02
 69 -3.6510530E-02
 70 -3.7718762E-02
 71 -3.8888933E-02
 72 -4.0153923E-02
 73 -4.1420588E-02
 74 -4.2710005E-02
 75 -4.4037176E-02
 76 -4.5399093E-02
 77 -4.6780146E-02
 78 -4.8155408E-02
 79 -4.9600005E-02
 80 -5.1083580E-02
 81 -5.2576536E-02
 82 -5.4089009E-02
 83 -5.5637012E-02
 84 -5.7146916E-02
 85 -5.8768316E-02
 86 -6.0366799E-02
 87 -6.1966060E-02
 88 -6.3585247E-02
 89 -6.5167280E-02
 90 -6.6771111E-02
 91 -6.8353558E-02
 92 -6.9934239E-02
 93 -7.1479814E-02
 94 -7.2930606E-02
 95 -7.4257251E-02
 96 -7.5580214E-02
 97 -7.6787361E-02
 98 -7.7875955E-02
 99 -7.8727710E-02
100 -7.9317447E-02
101 -7.9442695E-02
# zeta | -
  1 -0.0000000E+00
  2  6.8592340E-05
  3  1.0801385E-04
  4  1.1826452E-04
  5  9.9344367E-05
  6  5.1253378E-05
  7 -2.6008442E-05
  8 -1.3244110E-04
  9 -2.0746464E-04
 10 -2.7137887E-04
 11 -3.4413702E-04
 12 -4.4754452E-04
 13 -5.8145898E-04
 14 -7.5961515E-04
 15 -9.7582966E-04
 16 -1.2097722E-03
 17 -1.4456644E-03
 18 -1.6812553E-03
 19 -1.9671787E-03
 20 -2.2819265E-03
 21 -2.6214427E-03
 22 -2.9722727E-03
 23 -3.3797034E-03
 24 -3.7633866E-03
 25 -4.1274684E-03
 26 -4.5150684E-03
 27 -4.9133632E-03
 28 -5.3363867E-03
 29 -5.7670483E-03
 30 -6.2175275E-03
 31 -6.6863154E-03
 32 -7.1518868E-03
 33 -7.6276632E-03
 34 -8.1185298E-03
 35 -8.6083976E-03
 36 -9.1180730E-03
 37 -9.6388857E-03
 38 -1.0182374E-02
 39 -1.0762799E-02
 40 -1.1431887E-02
 41 -1.2094140E-02
 42 -1.2883756E-02
 43 -1.3669740E-02
 44 -1.4515099E-02
 45 -1.5420940E-02
 46 -1.6321318E-02
 47 -1.7241481E-02
 48 -1.8194382E-02
 49 -1.9163795E-02
 50 -2.0163965E-02
 51 -2.1192373E-02
 52 -2.2237830E-02
 53 -2.3342081E-02
 54 -2.4484769E-02
 55 -2.5682815E-02
 56 -2.6906900E-02
 57 -2.8197690E-02
 58 -2.9495558E-02
 59 -3.0865798E-02
 60 -3.2287222E-02
 61 -3.3759349E-02
 62 -3.5274473E-02
 63 -3.6844346E-02
 64 -3.8478325E-02
 65 -4.0159725E-02
 66 -4.1889086E-02
 67 -4.3674464E-02
 68 -4.5517442E-02
 69 -4.7432164E-02
 70 -4.9405631E-02
 71 -5.1427429E-02
 72 -5.3525157E-02
 73 -5.5699429E-02
 74 -5.7875535E-02
 75 -6.0204766E-02
 76 -6.2553297E-02
 77 -6.4997111E-02
 78 -6.7519308E-02
 79 -7.0123889E-02
 80 -7.2795283E-02
 81 -7.5583206E-02
 82 -7.8466954E-02
 83 -8.1444087E-02
 84 -8.4513099E-02
 85 -8.7719362E-02
 86 -9.1085555E-02
 87 -9.4579746E-02
 88 -9.8269765E-02
 89 -1.0214719E-01
 90 -1.0623741E-01
 91 -1.1057049E-01
 92 -1.1512111E-01
 93 -1.1996800E-01
 94 -1.2511969E-01
 95 -1.3052221E-01
 96 -1.3618256E-01
 97 -1.4189287E-01
 98 -1.4770836E-01
 99 -1.5383162E-01
100 -1.6058692E-01
101 -1.6848729E-01
# shape_cos0 | -
  1 -3.5631483E-02
  2 -3.5626086E-02
  3 -3.5611071E-02
  4 -3.5586439E-02
  5 -3.5552190E-02
  6 -3.5508323E-02
  7 -3.5454840E-02
  8 -3.5391739E-02
  9 -3.5391322E-02
 10 -3.5429723E-02
 11 -3.5484265E-02
 12 -3.5551599E-02
 13 -3.5631949E-02
 14 -3.5705204E-02
 15 -3.5757689E-02
 16 -3.5782961E-02
 17 -3.5778559E-02
 18 -3.5812241E-02
 19 -3.5800199E-02
 20 -3.5795618E-02
 21 -3.5786662E-02
 22 -3.5766223E-02
 23 -3.5764799E-02
 24 -3.5746348E-02
 25 -3.5724093E-02
 26 -3.5705007E-02
 27 -3.5699601E-02
 28 -3.5709004E-02
 29 -3.5717833E-02
 30 -3.5743142E-02
 31 -3.5779690E-02
 32 -3.5815494E-02
 33 -3.5850315E-02
 34 -3.5877482E-02
 35 -3.5898470E-02
 36 -3.5909148E-02
 37 -3.5906277E-02
 38 -3.5922310E-02
 39 -3.5925607E-02
 40 -3.5955380E-02
 41 -3.5980882E-02
 42 -3.6001922E-02
 43 -3.6031198E-02
 44 -3.6062551E-02
 45 -3.6094987E-02
 46 -3.6127203E-02
 47 -3.6160228E-02
 48 -3.6172796E-02
 49 -3.6209292E-02
 50 -3.6242385E-02
 51 -3.6281579E-02
 52 -3.6313482E-02
 53 -3.6364815E-02
 54 -3.6389230E-02
 55 -3.6465167E-02
 56 -3.6511247E-02
 57 -3.6573725E-02
 58 -3.6635637E-02
 59 -3.6704727E-02
 60 -3.6769813E-02
 61 -3.6847111E-02
 62 -3.6924840E-02
 63 -3.7030690E-02
 64 -3.7118491E-02
 65 -3.7213390E-02
 66 -3.7288236E-02
 67 -3.7397538E-02
 68 -3.7497499E-02
 69 -3.7600139E-02
 70 -3.7687496E-02
 71 -3.7810131E-02
 72 -3.7902241E-02
 73 -3.8035923E-02
 74 -3.8126171E-02
 75 -3.8274686E-02
 76 -3.8378701E-02
 77 -3.8509880E-02
 78 -3.8661308E-02
 79 -3.8800236E-02
 80 -3.8939881E-02
 81 -3.9096506E-02
 82 -3.9253950E-02
 83 -3.9436970E-02
 84 -3.9602584E-02
 85 -3.9783879E-02
 86 -3.9982384E-02
 87 -4.0195062E-02
 88 -4.0411796E-02
 89 -4.0665209E-02
 90 -4.0932296E-02
 91 -4.1217918E-02
 92 -4.1519323E-02
 93 -4.1835874E-02
 94 -4.2193956E-02
 95 -4.2575472E-02
 96 -4.2964865E-02
 97 -4.3344892E-02
 98 -4.3761769E-02
 99 -4.4200304E-02
100 -4.4710681E-02
101 -4.5377810E-02
# shape_cos1 | -
  1  0.0000000E+00
  2 -5.6763797E-04
  3 -1.1753091E-03
  4 -1.8230133E-03
  5 -2.5107506E-03
  6 -3.2385210E-03
  7 -4.0063246E-03
  8 -4.8141612E-03
  9 -5.5457126E-03
 10 -6.2418897E-03
 11 -6.9470974E-03
 12 -7.6821602E-03
 13 -8.4569267E-03
 14 -9.2646432E-03
 15 -1.0100583E-02
 16 -1.0983891E-02
 17 -1.1845291E-02
 18 -1.2745242E-02
 19 -1.3639985E-02
 20 -1.4497028E-02
 21 -1.5340970E-02
 22 -1.6171794E-02
 23 -1.6970619E-02
 24 -1.7785519E-02
 25 -1.8618094E-02
 26 -1.9478420E-02
 27 -2.0314335E-02
 28 -2.1179004E-02
 29 -2.2025650E-02
 30 -2.2872009E-02
 31 -2.3714105E-02
 32 -2.4551244E-02
 33 -2.5392976E-02
 34 -2.6212676E-02
 35 -2.7066396E-02
 36 -2.7950954E-02
 37 -2.8876740E-02
 38 -2.9849312E-02
 39 -3.0862284E-02
 40 -3.1937444E-02
 41 -3.2995774E-02
 42 -3.4123959E-02
 43 -3.5223502E-02
 44 -3.6349336E-02
 45 -3.7457841E-02
 46 -3.8585720E-02
 47 -3.9750220E-02
 48 -4.0942038E-02
 49 -4.2141303E-02
 50 -4.3360097E-02
 51 -4.4602656E-02
 52 -4.5906915E-02
 53 -4.7243415E-02
 54 -4.8590735E-02
 55 -5.0007744E-02
 56 -5.1461102E-02
 57 -5.2943631E-02
 58 -5.4502421E-02
 59 -5.6052703E-02
 60 -5.7695917E-02
 61 -5.9385731E-02
 62 -6.1107444E-02
 63 -6.2929840E-02
 64 -6.4771197E-02
 65 -6.6673597E-02
 66 -6.8672357E-02
 67 -7.0689644E-02
 68 -7.2787658E-02
 69 -7.4981817E-02
 70 -7.7223348E-02
 71 -7.9556853E-02
 72 -8.1937486E-02
 73 -8.4480042E-02
 74 -8.7043925E-02
 75 -8.9718067E-02
 76 -9.2532340E-02
 77 -9.5425663E-02
 78 -9.8442791E-02
 79 -1.0159093E-01
 80 -1.0485420E-01
 81 -1.0830420E-01
 82 -1.1188435E-01
 83 -1.1568079E-01
 84 -1.1964391E-01
 85 -1.2384264E-01
 86 -1.2828315E-01
 87 -1.3300459E-01
 88 -1.3806659E-01
 89 -1.4346591E-01
 90 -1.4930215E-01
 91 -1.5558391E-01
 92 -1.6244077E-01
 93 -1.6982853E-01
 94 -1.7803067E-01
 95 -1.8683903E-01
 96 -1.9634469E-01
 97 -2.0627422E-01
 98 -2.1684172E-01
 99 -2.2849065E-01
100 -2.4167083E-01
101 -2.5732783E-01
# shape_cos2 | -
  1  0.0000000E+00
  2  1.9807443E-05
  3  3.7319778E-05
  4  5.2537004E-05
  5  6.5459122E-05
  6  7.6086131E-05
  7  8.4418032E-05
  8  9.0454824E-05
  9  8.4573598E-05
 10  6.5822470E-05
 11  2.4210796E-05
 12 -4.3672371E-05
 13 -1.3136777E-04
 14 -2.1757411E-04
 15 -2.8412886E-04
 16 -3.2141892E-04
 17 -3.5611204E-04
 18 -2.9155583E-04
 19 -2.3377321E-04
 20 -1.5568793E-04
 21 -6.4121986E-05
 22  8.1636492E-05
 23  1.7248817E-04
 24  2.2965166E-04
 25  2.7694917E-04
 26  2.8836854E-04
 27  3.1999028E-04
 28  3.1253709E-04
 29  3.2858027E-04
 30  3.8347515E-04
 31  4.0662263E-04
 32  4.4872967E-04
 33  4.8269720E-04
 34  5.2751746E-04
 35  5.7846605E-04
 36  6.2850121E-04
 37  6.8732107E-04
 38  7.7761766E-04
 39  8.2920082E-04
 40  9.4745051E-04
 41  1.0598732E-03
 42  1.1419339E-03
 43  1.3097281E-03
 44  1.4277440E-03
 45  1.5857884E-03
 46  1.7527643E-03
 47  1.9124594E-03
 48  2.1092338E-03
 49  2.2964043E-03
 50  2.4945523E-03
 51  2.7283910E-03
 52  2.9537957E-03
 53  3.2182391E-03
 54  3.4738976E-03
 55  3.8135234E-03
 56  4.0798181E-03
 57  4.4372184E-03
 58  4.7597002E-03
 59  5.1521967E-03
 60  5.4997707E-03
 61  5.9270915E-03
 62  6.3280318E-03
 63  6.8258756E-03
 64  7.2916113E-03
 65  7.8219103E-03
 66  8.3254266E-03
 67  8.9196585E-03
 68  9.4957981E-03
 69  1.0149056E-02
 70  1.0790203E-02
 71  1.1475506E-02
 72  1.2190013E-02
 73  1.2996211E-02
 74  1.3751741E-02
 75  1.4644418E-02
 76  1.5467317E-02
 77  1.6392474E-02
 78  1.7386101E-02
 79  1.8373165E-02
 80  1.9432810E-02
 81  2.0520138E-02
 82  2.1643726E-02
 83  2.2856825E-02
 84  2.4126589E-02
 85  2.5399474E-02
 86  2.6777242E-02
 87  2.8235442E-02
 88  2.9744690E-02
 89  3.1331177E-02
 90  3.3000450E-02
 91  3.4722792E-02
 92  3.6577471E-02
 93  3.8455445E-02
 94  4.0520502E-02
 95  4.2643406E-02
 96  4.4881790E-02
 97  4.7196812E-02
 98  4.9618351E-02
 99  5.2184282E-02
100  5.4934513E-02
101  5.8120657E-02
# shape_cos3 | -
  1  0.0000000E+00
  2 -8.5402616E-07
  3 -1.7762032E-06
  4 -2.7665311E-06
  5 -3.8250098E-06
  6 -4.9516395E-06
  7 -6.1464199E-06
  8 -7.4093513E-06
  9  3.8827974E-06
 10  1.7517049E-05
 11  1.0482810E-05
 12  1.1813111E-05
 13  6.3700449E-06
 14  7.8080645E-06
 15  2.8744048E-05
 16  3.5937723E-05
 17  5.7380270E-05
 18  3.6967100E-05
 19 -1.2084710E-05
 20 -6.6433217E-05
 21 -1.3525969E-04
 22 -2.2773052E-04
 23 -3.2677918E-04
 24 -4.0751294E-04
 25 -4.7908387E-04
 26 -5.0315264E-04
 27 -5.2110356E-04
 28 -5.0569068E-04
 29 -4.9109429E-04
 30 -4.8163939E-04
 31 -4.8211120E-04
 32 -5.4822161E-04
 33 -5.7989918E-04
 34 -6.5445656E-04
 35 -7.1101480E-04
 36 -7.6628723E-04
 37 -8.1866500E-04
 38 -8.6638670E-04
 39 -9.0636747E-04
 40 -9.7950244E-04
 41 -1.0150041E-03
 42 -1.0906831E-03
 43 -1.1809526E-03
 44 -1.2819768E-03
 45 -1.3582319E-03
 46 -1.4677725E-03
 47 -1.6004915E-03
 48 -1.7121547E-03
 49 -1.8552041E-03
 50 -1.9848268E-03
 51 -2.0824317E-03
 52 -2.2224247E-03
 53 -2.3453541E-03
 54 -2.4470241E-03
 55 -2.5972525E-03
 56 -2.7047572E-03
 57 -2.8365488E-03
 58 -2.9616303E-03
 59 -3.1084962E-03
 60 -3.2529051E-03
 61 -3.3892016E-03
 62 -3.5365043E-03
 63 -3.6886990E-03
 64 -3.8347988E-03
 65 -3.9822158E-03
 66 -4.1395871E-03
 67 -4.2790521E-03
 68 -4.4447649E-03
 69 -4.6131608E-03
 70 -4.7644000E-03
 71 -4.8898596E-03
 72 -5.0540652E-03
 73 -5.2119083E-03
 74 -5.3739352E-03
 75 -5.5088828E-03
 76 -5.6790305E-03
 77 -5.8113338E-03
 78 -5.9925307E-03
 79 -6.1194409E-03
 80 -6.2808456E-03
 81 -6.4031977E-03
 82 -6.5227705E-03
 83 -6.6363525E-03
 84 -6.7409792E-03
 85 -6.8422511E-03
 86 -6.9016120E-03
 87 -6.9496500E-03
 88 -6.9595136E-03
 89 -6.9632061E-03
 90 -6.9177882E-03
 91 -6.7856735E-03
 92 -6.6246948E-03
 93 -6.4216784E-03
 94 -6.1711646E-03
 95 -5.8882941E-03
 96 -5.6661416E-03
 97 -5.5488237E-03
 98 -5.4968240E-03
 99 -5.4413360E-03
100 -5.3050232E-03
101 -4.8645095E-03
# shape_sin3 | -
  1  0.0000000E+00
  2 -3.5346732E-05
  3 -5.6870700E-05
  4 -6.4571904E-05
  5 -5.8450345E-05
  6 -3.8506023E-05
  7 -4.7389367E-06
  8  4.2850913E-05
  9  4.2547734E-05
 10  1.9462740E-05
 11  7.8849864E-06
 12  1.6614728E-05
 13  1.4912640E-05
 14  1.4973005E-05
 15  2.1039443E-05
 16  3.0624133E-05
 17  4.0039356E-05
 18  7.0173997E-05
 19  8.0743858E-05
 20  9.5760398E-05
 21  1.1671457E-04
 22  1.7011615E-04
 23  1.6056938E-04
 24  1.8189747E-04
 25  2.2242850E-04
 26  2.1509970E-04
 27  2.3840766E-04
 28  2.9593528E-04
 29  3.2152710E-04
 30  3.4503641E-04
 31  4.0039833E-04
 32  4.0862101E-04
 33  4.3560660E-04
 34  4.8420906E-04
 35  5.2113979E-04
 36  5.7306817E-04
 37  5.9888634E-04
 38  6.1622793E-04
 39  6.4932727E-04
 40  6.7080048E-04
 41  7.3051289E-04
 42  7.4091956E-04
 43  8.1158885E-04
 44  8.9215516E-04
 45  9.5527937E-04
 46  1.0377515E-03
 47  1.1299673E-03
 48  1.2272133E-03
 49  1.3164697E-03
 50  1.4176078E-03
 51  1.5158219E-03
 52  1.5795390E-03
 53  1.6474630E-03
 54  1.7032821E-03
 55  1.7698077E-03
 56  1.8155596E-03
 57  1.8633274E-03
 58  1.9408852E-03
 59  1.9491690E-03
 60  2.0213327E-03
 61  2.0697203E-03
 62  2.1046478E-03
 63  2.1209562E-03
 64  2.1415888E-03
 65  2.1587297E-03
 66  2.1593476E-03
 67  2.1715127E-03
 68  2.1712346E-03
 69  2.1044199E-03
 70  2.1125974E-03
 71  2.0079453E-03
 72  1.9787961E-03
 73  1.9038774E-03
 74  1.8010374E-03
 75  1.6778872E-03
 76  1.5619790E-03
 77  1.4039451E-03
 78  1.2126555E-03
 79  1.0169980E-03
 80  8.1671604E-04
 81  5.9039841E-04
 82  3.2882358E-04
 83  2.8018604E-05
 84 -3.0160086E-04
 85 -6.2845040E-04
 86 -9.6416229E-04
 87 -1.3420493E-03
 88 -1.7791467E-03
 89 -2.2346777E-03
 90 -2.7200363E-03
 91 -3.2120051E-03
 92 -3.6786507E-03
 93 -4.1875905E-03
 94 -4.7562052E-03
 95 -5.3893777E-03
 96 -5.9882774E-03
 97 -6.6310903E-03
 98 -7.3517118E-03
 99 -8.1509076E-03
100 -8.8905921E-03
101 -9.7529585E-03
# ne | 10^19/m^3
  1  5.7901574E+00
  2  5.7892531E+00
  3  5.7878994E+00
  4  5.7856492E+00
  5  5.7825028E+00
  6  5.7784586E+00
  7  5.7734727E+00
  8  5.7675467E+00
  9  5.7607390E+00
 10  5.7530707E+00
 11  5.7445659E+00
 12  5.7352611E+00
 13  5.7252006E+00
 14  5.7144353E+00
 15  5.7030266E+00
 16  5.6910437E+00
 17  5.6785279E+00
 18  5.6654488E+00
 19  5.6517818E+00
 20  5.6375206E+00
 21  5.6226283E+00
 22  5.6070559E+00
 23  5.5907413E+00
 24  5.5736185E+00
 25  5.5556117E+00
 26  5.5366295E+00
 27  5.5165707E+00
 28  5.4953964E+00
 29  5.4731209E+00
 30  5.4498620E+00
 31  5.4257760E+00
 32  5.4009327E+00
 33  5.3753946E+00
 34  5.3492266E+00
 35  5.3224934E+00
 36  5.2952618E+00
 37  5.2676023E+00
 38  5.2395879E+00
 39  5.2113017E+00
 40  5.1827987E+00
 41  5.1540797E+00
 42  5.1251012E+00
 43  5.0957913E+00
 44  5.0660753E+00
 45  5.0358789E+00
 46  5.0051297E+00
 47  4.9737510E+00
 48  4.9416656E+00
 49  4.9088016E+00
 50  4.8750865E+00
 51  4.8403925E+00
 52  4.8046450E+00
 53  4.7678559E+00
 54  4.7300450E+00
 55  4.6912691E+00
 56  4.6516034E+00
 57  4.6111448E+00
 58  4.5700138E+00
 59  4.5283406E+00
 60  4.4862538E+00
 61  4.4438866E+00
 62  4.4014062E+00
 63  4.3590171E+00
 64  4.3168823E+00
 65  4.2750704E+00
 66  4.2336191E+00
 67  4.1925980E+00
 68  4.1521066E+00
 69  4.1122435E+00
 70  4.0730695E+00
 71  4.0346205E+00
 72  3.9969370E+00
 73  3.9601187E+00
 74  3.9242356E+00
 75  3.8893197E+00
 76  3.8554569E+00
 77  3.8227432E+00
 78  3.7912655E+00
 79  3.7610957E+00
 80  3.7323146E+00
 81  3.7050277E+00
 82  3.6793609E+00
 83  3.6554357E+00
 84  3.6334458E+00
 85  3.6132515E+00
 86  3.5944054E+00
 87  3.5765467E+00
 88  3.5592609E+00
 89  3.5420575E+00
 90  3.5243896E+00
 91  3.5056690E+00
 92  3.4850832E+00
 93  3.4614346E+00
 94  3.4345010E+00
 95  3.4070331E+00
 96  3.3834614E+00
 97  3.3238845E+00
 98  3.1279629E+00
 99  2.7467270E+00
100  2.3779635E+00
101  2.1096717E+00
# ni | 10^19/m^3
  1  4.9991433E+00  7.2615491E-02  3.5628282E-01
  2  4.9963621E+00  7.2607803E-02  3.5820557E-01
  3  4.9929624E+00  7.2596541E-02  3.6050918E-01
  4  4.9884545E+00  7.2578168E-02  3.6294091E-01
  5  4.9830334E+00  7.2552632E-02  3.6536648E-01
  6  4.9769135E+00  7.2519992E-02  3.6748489E-01
  7  4.9705061E+00  7.2479340E-02  3.6869618E-01
  8  4.9640573E+00  7.2430702E-02  3.6911364E-01
  9  4.9574182E+00  7.2375115E-02  3.6902569E-01
 10  4.9503214E+00  7.2312695E-02  3.6871940E-01
 11  4.9427425E+00  7.2243584E-02  3.6800362E-01
 12  4.9353714E+00  7.2167880E-02  3.6576003E-01
 13  4.9287522E+00  7.2086164E-02  3.6210226E-01
 14  4.9227401E+00  7.1999361E-02  3.5729577E-01
 15  4.9171914E+00  7.1908116E-02  3.5147693E-01
 16  4.9119586E+00  7.1812928E-02  3.4493791E-01
 17  4.9066025E+00  7.1714716E-02  3.3833634E-01
 18  4.9006946E+00  7.1612762E-02  3.3181954E-01
 19  4.8941416E+00  7.1506888E-02  3.2537842E-01
 20  4.8869471E+00  7.1396988E-02  3.1900379E-01
 21  4.8790826E+00  7.1281858E-02  3.1270437E-01
 22  4.8704753E+00  7.1161426E-02  3.0651947E-01
 23  4.8610509E+00  7.1034725E-02  3.0044481E-01
 24  4.8507568E+00  7.0900517E-02  2.9447212E-01
 25  4.8395286E+00  7.0758160E-02  2.8859608E-01
 26  4.8273452E+00  7.0606117E-02  2.8269991E-01
 27  4.8143790E+00  7.0442798E-02  2.7637044E-01
 28  4.8008276E+00  7.0267909E-02  2.6955225E-01
 29  4.7867066E+00  7.0081322E-02  2.6230000E-01
 30  4.7720725E+00  6.9884694E-02  2.5466201E-01
 31  4.7569881E+00  6.9679835E-02  2.4675453E-01
 32  4.7412978E+00  6.9467011E-02  2.3891033E-01
 33  4.7248591E+00  6.9246941E-02  2.3119768E-01
 34  4.7077019E+00  6.9020547E-02  2.2360530E-01
 35  4.6898975E+00  6.8788573E-02  2.1612302E-01
 36  4.6715413E+00  6.8551608E-02  2.0869853E-01
 37  4.6528104E+00  6.8310488E-02  2.0115997E-01
 38  4.6338769E+00  6.8065738E-02  1.9347379E-01
 39  4.6148310E+00  6.7818418E-02  1.8564708E-01
 40  4.5957161E+00  6.7569392E-02  1.7768543E-01
 41  4.5764577E+00  6.7318117E-02  1.6974103E-01
 42  4.5566568E+00  6.7064041E-02  1.6237871E-01
 43  4.5359168E+00  6.6806084E-02  1.5569710E-01
 44  4.5141454E+00  6.6542957E-02  1.4964748E-01
 45  4.4913196E+00  6.6273786E-02  1.4418541E-01
 46  4.4674478E+00  6.5997461E-02  1.3920753E-01
 47  4.4426571E+00  6.5712704E-02  1.3442595E-01
 48  4.4170597E+00  6.5418372E-02  1.2976450E-01
 49  4.3906339E+00  6.5113351E-02  1.2520984E-01
 50  4.3633271E+00  6.4796610E-02  1.2074898E-01
 51  4.3350366E+00  6.4465988E-02  1.1637113E-01
 52  4.3057095E+00  6.4120259E-02  1.1205651E-01
 53  4.2753708E+00  6.3759637E-02  1.0779695E-01
 54  4.2440474E+00  6.3384307E-02  1.0358581E-01
 55  4.2117995E+00  6.2994779E-02  9.9416369E-02
 56  4.1786863E+00  6.2591539E-02  9.5319539E-02
 57  4.1447172E+00  6.2175661E-02  9.1428086E-02
 58  4.1099271E+00  6.1748429E-02  8.7765171E-02
 59  4.0744297E+00  6.1311418E-02  8.4319279E-02
 60  4.0383539E+00  6.0866653E-02  8.1079792E-02
 61  4.0018677E+00  6.0415531E-02  7.7971934E-02
 62  3.9652942E+00  5.9960003E-02  7.4732762E-02
 63  3.9289788E+00  5.9503430E-02  7.1302860E-02
 64  3.8930999E+00  5.9047736E-02  6.7689090E-02
 65  3.8577153E+00  5.8593668E-02  6.3897733E-02
 66  3.8228305E+00  5.8141791E-02  5.9977868E-02
 67  3.7883980E+00  5.7692876E-02  5.6106898E-02
 68  3.7544003E+00  5.7248392E-02  5.2324753E-02
 69  3.7209102E+00  5.6809429E-02  4.8628552E-02
 70  3.6879862E+00  5.6376839E-02  4.5015391E-02
 71  3.6556541E+00  5.5951284E-02  4.1501793E-02
 72  3.6239041E+00  5.5533181E-02  3.8165858E-02
 73  3.5927802E+00  5.5124042E-02  3.5021641E-02
 74  3.5623436E+00  5.4724738E-02  3.2064284E-02
 75  3.5326297E+00  5.4335473E-02  2.9288941E-02
 76  3.5037220E+00  5.3957900E-02  2.6685729E-02
 77  3.4757219E+00  5.3593469E-02  2.4235544E-02
 78  3.4487233E+00  5.3243222E-02  2.1930221E-02
 79  3.4227973E+00  5.2908400E-02  1.9765568E-02
 80  3.3980224E+00  5.2590144E-02  1.7737490E-02
 81  3.3744999E+00  5.2289999E-02  1.5838945E-02
 82  3.3523547E+00  5.2009899E-02  1.4054056E-02
 83  3.3317098E+00  5.1751679E-02  1.2376561E-02
 84  3.3127463E+00  5.1518233E-02  1.0802727E-02
 85  3.2953364E+00  5.1308090E-02  9.3292983E-03
 86  3.2790653E+00  5.1115806E-02  7.9611114E-03
 87  3.2635802E+00  5.0937262E-02  6.7242384E-03
 88  3.2484790E+00  5.0767968E-02  5.6228643E-03
 89  3.2332968E+00  5.0603695E-02  4.6536224E-03
 90  3.2175008E+00  5.0442545E-02  3.8133855E-03
 91  3.2004844E+00  5.0288541E-02  3.0933809E-03
 92  3.1813758E+00  5.0154516E-02  2.4669735E-03
 93  3.1588673E+00  5.0061755E-02  1.9261735E-03
 94  3.1325053E+00  5.0049654E-02  1.4693701E-03
 95  3.1047023E+00  5.0174847E-02  1.0944363E-03
 96  3.0798493E+00  5.0444300E-02  7.9865214E-04
 97  3.0223151E+00  5.0146731E-02  5.7953099E-04
 98  2.8414734E+00  4.7663617E-02  4.3637000E-04
 99  2.4932012E+00  4.2187239E-02  3.6835676E-04
100  2.1572807E+00  3.6718560E-02  3.7459677E-04
101  1.9131359E+00  3.2693068E-02  3.7459677E-04
# te | keV
  1  3.0361698E+00
  2  3.0344340E+00
  3  3.0318380E+00
  4  3.0275227E+00
  5  3.0214918E+00
  6  3.0137538E+00
  7  3.0042288E+00
  8  2.9929334E+00
  9  2.9799772E+00
 10  2.9653789E+00
 11  2.9491560E+00
 12  2.9313273E+00
 13  2.9119188E+00
 14  2.8909577E+00
 15  2.8684732E+00
 16  2.8444988E+00
 17  2.8190639E+00
 18  2.7921117E+00
 19  2.7636593E+00
 20  2.7337894E+00
 21  2.7024902E+00
 22  2.6697406E+00
 23  2.6355329E+00
 24  2.5998933E+00
 25  2.5628713E+00
 26  2.5245293E+00
 27  2.4849384E+00
 28  2.4441803E+00
 29  2.4023003E+00
 30  2.3594228E+00
 31  2.3157259E+00
 32  2.2713271E+00
 33  2.2263518E+00
 34  2.1809261E+00
 35  2.1351779E+00
 36  2.0892370E+00
 37  2.0432354E+00
 38  1.9973043E+00
 39  1.9515747E+00
 40  1.9061978E+00
 41  1.8612966E+00
 42  1.8169475E+00
 43  1.7732291E+00
 44  1.7302171E+00
 45  1.6879815E+00
 46  1.6465857E+00
 47  1.6060856E+00
 48  1.5665326E+00
 49  1.5279709E+00
 50  1.4904377E+00
 51  1.4540181E+00
 52  1.4187331E+00
 53  1.3845287E+00
 54  1.3513753E+00
 55  1.3192250E+00
 56  1.2880193E+00
 57  1.2576896E+00
 58  1.2281648E+00
 59  1.1993744E+00
 60  1.1712634E+00
 61  1.1437895E+00
 62  1.1169385E+00
 63  1.0906624E+00
 64  1.0648997E+00
 65  1.0396512E+00
 66  1.0149289E+00
 67  9.9073591E-01
 68  9.6706030E-01
 69  9.4387561E-01
 70  9.2114527E-01
 71  8.9882756E-01
 72  8.7687908E-01
 73  8.5527051E-01
 74  8.3395448E-01
 75  8.1287307E-01
 76  7.9199207E-01
 77  7.7128526E-01
 78  7.5074835E-01
 79  7.3040223E-01
 80  7.1027822E-01
 81  6.9040765E-01
 82  6.7081425E-01
 83  6.5149916E-01
 84  6.3251410E-01
 85  6.1402363E-01
 86  5.9622006E-01
 87  5.7925178E-01
 88  5.6319446E-01
 89  5.4796148E-01
 90  5.3324238E-01
 91  5.1845330E-01
 92  5.0253606E-01
 93  4.8378045E-01
 94  4.6022634E-01
 95  4.3165960E-01
 96  3.9833336E-01
 97  3.5382852E-01
 98  2.8945015E-01
 99  2.1191196E-01
100  1.5307221E-01
101  1.1478264E-01
# ti | keV
  1  3.2676558E+00  3.3427953E+00  2.5943889E+01
  2  3.2646556E+00  3.3398842E+00  2.5929215E+01
  3  3.2601596E+00  3.3354549E+00  2.5984781E+01
  4  3.2526801E+00  3.3279897E+00  2.6087525E+01
  5  3.2422401E+00  3.3175037E+00  2.6214380E+01
  6  3.2288723E+00  3.3040131E+00  2.6342283E+01
  7  3.2124595E+00  3.2873466E+00  2.6448169E+01
  8  3.1930611E+00  3.2675402E+00  2.6508979E+01
  9  3.1709049E+00  3.2448523E+00  2.6507877E+01
 10  3.1460635E+00  3.2193936E+00  2.6453002E+01
 11  3.1186216E+00  3.1927677E+00  2.6358708E+01
 12  3.0886777E+00  3.1632593E+00  2.6239372E+01
 13  3.0563435E+00  3.1293628E+00  2.6109356E+01
 14  3.0217450E+00  3.0929082E+00  2.5981440E+01
 15  2.9850225E+00  3.0540811E+00  2.5862057E+01
 16  2.9463345E+00  3.0131065E+00  2.5756042E+01
 17  2.9058517E+00  2.9702380E+00  2.5668249E+01
 18  2.8636835E+00  2.9256518E+00  2.5603521E+01
 19  2.8200565E+00  2.8796081E+00  2.5565687E+01
 20  2.7752503E+00  2.8323986E+00  2.5554538E+01
 21  2.7294206E+00  2.7841955E+00  2.5568879E+01
 22  2.6827287E+00  2.7352577E+00  2.5607475E+01
 23  2.6353381E+00  2.6858282E+00  2.5669135E+01
 24  2.5874078E+00  2.6360655E+00  2.5750792E+01
 25  2.5390914E+00  2.5860984E+00  2.5842049E+01
 26  2.4905382E+00  2.5360192E+00  2.5930643E+01
 27  2.4418937E+00  2.4858240E+00  2.6004346E+01
 28  2.3932998E+00  2.4355288E+00  2.6050907E+01
 29  2.3449165E+00  2.3852963E+00  2.6060315E+01
 30  2.2969136E+00  2.3353259E+00  2.6031553E+01
 31  2.2493791E+00  2.2857479E+00  2.5965838E+01
 32  2.2023403E+00  2.2366932E+00  2.5864391E+01
 33  2.1558363E+00  2.1882884E+00  2.5728419E+01
 34  2.1099055E+00  2.1405821E+00  2.5560803E+01
 35  2.0645870E+00  2.0936016E+00  2.5371022E+01
 36  2.0199228E+00  2.0473663E+00  2.5170196E+01
 37  1.9759533E+00  2.0018631E+00  2.4969453E+01
 38  1.9327172E+00  1.9570841E+00  2.4779926E+01
 39  1.8902509E+00  1.9130657E+00  2.4608642E+01
 40  1.8486429E+00  1.8699042E+00  2.4446307E+01
 41  1.8079354E+00  1.8276620E+00  2.4279499E+01
 42  1.7681148E+00  1.7863981E+00  2.4094830E+01
 43  1.7292151E+00  1.7462095E+00  2.3878887E+01
 44  1.6912682E+00  1.7071308E+00  2.3622052E+01
 45  1.6543007E+00  1.6691728E+00  2.3329829E+01
 46  1.6183403E+00  1.6323404E+00  2.3011488E+01
 47  1.5834131E+00  1.5966167E+00  2.2676320E+01
 48  1.5495438E+00  1.5619874E+00  2.2333610E+01
 49  1.5167578E+00  1.5284707E+00  2.1992863E+01
 50  1.4850754E+00  1.4960851E+00  2.1664596E+01
 51  1.4545871E+00  1.4649213E+00  2.1359519E+01
 52  1.4253244E+00  1.4350216E+00  2.1088396E+01
 53  1.3972301E+00  1.4063373E+00  2.0861950E+01
 54  1.3702614E+00  1.3788247E+00  2.0687445E+01
 55  1.3443427E+00  1.3524037E+00  2.0558235E+01
 56  1.3193961E+00  1.3269881E+00  2.0464216E+01
 57  1.2953475E+00  1.3024869E+00  2.0395268E+01
 58  1.2721285E+00  1.2788167E+00  2.0341277E+01
 59  1.2496749E+00  1.2559094E+00  2.0294079E+01
 60  1.2279215E+00  1.2336997E+00  2.0253283E+01
 61  1.2068077E+00  1.2121254E+00  2.0220452E+01
 62  1.1863048E+00  1.1911497E+00  2.0197141E+01
 63  1.1663505E+00  1.1707026E+00  2.0184908E+01
 64  1.1468610E+00  1.1506993E+00  2.0184157E+01
 65  1.1277903E+00  1.1310948E+00  2.0190630E+01
 66  1.1090910E+00  1.1118492E+00  2.0198916E+01
 67  1.0907176E+00  1.0929466E+00  2.0203599E+01
 68  1.0726403E+00  1.0743831E+00  2.0199263E+01
 69  1.0548473E+00  1.0561495E+00  2.0182034E+01
 70  1.0373292E+00  1.0382336E+00  2.0154204E+01
 71  1.0200752E+00  1.0206186E+00  2.0119596E+01
 72  1.0030740E+00  1.0032746E+00  2.0082035E+01
 73  9.8633227E-01  9.8618966E-01  2.0045347E+01
 74  9.6984687E-01  9.6935652E-01  2.0011489E+01
 75  9.5359971E-01  9.5275669E-01  1.9974918E+01
 76  9.3758845E-01  9.3638939E-01  1.9928211E+01
 77  9.2181125E-01  9.2026431E-01  1.9863951E+01
 78  9.0626686E-01  9.0439155E-01  1.9774727E+01
 79  8.9095375E-01  8.8877110E-01  1.9658383E+01
 80  8.7587054E-01  8.7340124E-01  1.9533823E+01
 81  8.6101176E-01  8.5827351E-01  1.9425224E+01
 82  8.4635454E-01  8.4335124E-01  1.9356747E+01
 83  8.3187665E-01  8.2859881E-01  1.9352575E+01
 84  8.1755336E-01  8.1399242E-01  1.9429782E+01
 85  8.0330829E-01  7.9946524E-01  1.9577064E+01
 86  7.8901103E-01  7.8490126E-01  1.9776034E+01
 87  7.7447302E-01  7.7013596E-01  2.0008295E+01
 88  7.5938521E-01  7.5488694E-01  2.0255454E+01
 89  7.4319411E-01  7.3862282E-01  2.0503264E+01
 90  7.2474397E-01  7.2022169E-01  2.0754080E+01
 91  7.0148782E-01  6.9720697E-01  2.1014397E+01
 92  6.6853162E-01  6.6476200E-01  2.1290715E+01
 93  6.1863104E-01  6.1575043E-01  2.1589542E+01
 94  5.4531067E-01  5.4374173E-01  2.1912131E+01
 95  4.5082855E-01  4.5067167E-01  2.2238789E+01
 96  3.5185138E-01  3.5265187E-01  2.2544582E+01
 97  2.6681607E-01  2.6791906E-01  2.2804571E+01
 98  2.0270660E-01  2.0368678E-01  2.2993819E+01
 99  1.5750685E-01  1.5817425E-01  2.3087390E+01
100  1.3125566E-01  1.3159925E-01  2.3060357E+01
101  1.1579753E-01  1.1579753E-01  2.3060357E+01
# ptot | Pa
  1  6.9536839E+04
  2  6.9548884E+04
  3  6.9591699E+04
  4  6.9617460E+04
  5  6.9609007E+04
  6  6.9541945E+04
  7  6.9377431E+04
  8  6.9108155E+04
  9  6.8738676E+04
 10  6.8285726E+04
 11  6.7751118E+04
 12  6.7101238E+04
 13  6.6354337E+04
 14  6.5530950E+04
 15  6.4642116E+04
 16  6.3704234E+04
 17  6.2746850E+04
 18  6.1776513E+04
 19  6.0795858E+04
 20  5.9806874E+04
 21  5.8809703E+04
 22  5.7805545E+04
 23  5.6794023E+04
 24  5.5774153E+04
 25  5.4741929E+04
 26  5.3688490E+04
 27  5.2593821E+04
 28  5.1453549E+04
 29  5.0268761E+04
 30  4.9045860E+04
 31  4.7795073E+04
 32  4.6533430E+04
 33  4.5266978E+04
 34  4.3999534E+04
 35  4.2737180E+04
 36  4.1484427E+04
 37  4.0240733E+04
 38  3.9010600E+04
 39  3.7798065E+04
 40  3.6602331E+04
 41  3.5426485E+04
 42  3.4288218E+04
 43  3.3187666E+04
 44  3.2121429E+04
 45  3.1090088E+04
 46  3.0092608E+04
 47  2.9121219E+04
 48  2.8175878E+04
 49  2.7258281E+04
 50  2.6369907E+04
 51  2.5512701E+04
 52  2.4687375E+04
 53  2.3893953E+04
 54  2.3131973E+04
 55  2.2398367E+04
 56  2.1690900E+04
 57  2.1010818E+04
 58  2.0356144E+04
 59  1.9724512E+04
 60  1.9114912E+04
 61  1.8524710E+04
 62  1.7945912E+04
 63  1.7376703E+04
 64  1.6816581E+04
 65  1.6264795E+04
 66  1.5721874E+04
 67  1.5192554E+04
 68  1.4677359E+04
 69  1.4175836E+04
 70  1.3687918E+04
 71  1.3214071E+04
 72  1.2756591E+04
 73  1.2315982E+04
 74  1.1891777E+04
 75  1.1482881E+04
 76  1.1088448E+04
 77  1.0707537E+04
 78  1.0339754E+04
 79  9.9851643E+03
 80  9.6444990E+03
 81  9.3182877E+03
 82  9.0063985E+03
 83  8.7086064E+03
 84  8.4248578E+03
 85  8.1542013E+03
 86  7.8952627E+03
 87  7.6472612E+03
 88  7.4078570E+03
 89  7.1724156E+03
 90  6.9321237E+03
 91  6.6693703E+03
 92  6.3511800E+03
 93  5.9299097E+03
 94  5.3644839E+03
 95  4.6740592E+03
 96  3.9528731E+03
 97  3.2189949E+03
 98  2.4050546E+03
 99  1.5860554E+03
100  1.0584394E+03
101  7.6281906E+02
# johm | MA/m^2
  1  5.0528754E+00
  2  5.0528754E+00
  3  2.7244994E+00
  4  2.2300775E+00
  5  2.0049244E+00
  6  1.8730873E+00
  7  1.7861177E+00
  8  1.7248329E+00
  9  1.6791052E+00
 10  1.6434876E+00
 11  1.6142673E+00
 12  1.5906480E+00
 13  1.5721847E+00
 14  1.5574341E+00
 15  1.5451981E+00
 16  1.5348466E+00
 17  1.5261499E+00
 18  1.5185338E+00
 19  1.5120437E+00
 20  1.5064006E+00
 21  1.5009477E+00
 22  1.4947333E+00
 23  1.4865574E+00
 24  1.4751051E+00
 25  1.4591900E+00
 26  1.4377281E+00
 27  1.4098789E+00
 28  1.3753434E+00
 29  1.3343061E+00
 30  1.2875492E+00
 31  1.2363247E+00
 32  1.1823019E+00
 33  1.1273015E+00
 34  1.0730678E+00
 35  1.0210105E+00
 36  9.7213646E-01
 37  9.2691939E-01
 38  8.8545850E-01
 39  8.4749691E-01
 40  8.1253748E-01
 41  7.8010765E-01
 42  7.4973357E-01
 43  7.2093359E-01
 44  6.9338809E-01
 45  6.6683077E-01
 46  6.4120273E-01
 47  6.1649275E-01
 48  5.9266126E-01
 49  5.6963838E-01
 50  5.4740134E-01
 51  5.2606353E-01
 52  5.0556850E-01
 53  4.8586655E-01
 54  4.6686437E-01
 55  4.4853457E-01
 56  4.3075864E-01
 57  4.1350056E-01
 58  3.9677364E-01
 59  3.8057193E-01
 60  3.6495225E-01
 61  3.5001068E-01
 62  3.3581266E-01
 63  3.2226989E-01
 64  3.0941217E-01
 65  2.9723749E-01
 66  2.8565805E-01
 67  2.7464562E-01
 68  2.6419209E-01
 69  2.5426198E-01
 70  2.4481873E-01
 71  2.3579570E-01
 72  2.2712249E-01
 73  2.1877809E-01
 74  2.1072799E-01
 75  2.0294725E-01
 76  1.9541880E-01
 77  1.8812144E-01
 78  1.8103605E-01
 79  1.7415842E-01
 80  1.6749424E-01
 81  1.6105630E-01
 82  1.5485385E-01
 83  1.4887419E-01
 84  1.4310941E-01
 85  1.3758937E-01
 86  1.3237710E-01
 87  1.2749804E-01
 88  1.2293427E-01
 89  1.1860486E-01
 90  1.1439213E-01
 91  1.1012860E-01
 92  1.0551649E-01
 93  1.0009326E-01
 94  9.3558330E-02
 95  8.5592105E-02
 96  7.5689404E-02
 97  6.0958374E-02
 98  4.2585423E-02
 99  2.8110348E-02
100  2.2153522E-02
101  0.0000000E+00
# jbs | MA/m^2
  1  1.7340870E-01
  2  1.7340870E-01
  3  1.2504466E-01
  4  1.2349961E-01
  5  1.2696997E-01
  6  1.3119801E-01
  7  1.3524008E-01
  8  1.3879965E-01
  9  1.4170534E-01
 10  1.4388206E-01
 11  1.4526546E-01
 12  1.4700272E-01
 13  1.4887940E-01
 14  1.5080565E-01
 15  1.5269073E-01
 16  1.5513073E-01
 17  1.5844217E-01
 18  1.6150753E-01
 19  1.6392410E-01
 20  1.6623704E-01
 21  1.6854171E-01
 22  1.7083222E-01
 23  1.7300760E-01
 24  1.7502195E-01
 25  1.7682651E-01
 26  1.7822692E-01
 27  1.7914406E-01
 28  1.7984345E-01
 29  1.8002882E-01
 30  1.7966975E-01
 31  1.7931661E-01
 32  1.7894872E-01
 33  1.7840916E-01
 34  1.7765286E-01
 35  1.7662881E-01
 36  1.7524992E-01
 37  1.7351859E-01
 38  1.7150640E-01
 39  1.6918860E-01
 40  1.6677402E-01
 41  1.6468011E-01
 42  1.6283324E-01
 43  1.6096009E-01
 44  1.5901444E-01
 45  1.5696646E-01
 46  1.5475655E-01
 47  1.5240342E-01
 48  1.5000104E-01
 49  1.4758222E-01
 50  1.4505074E-01
 51  1.4253982E-01
 52  1.4016622E-01
 53  1.3783700E-01
 54  1.3556607E-01
 55  1.3337133E-01
 56  1.3124858E-01
 57  1.2917900E-01
 58  1.2714738E-01
 59  1.2513270E-01
 60  1.2310326E-01
 61  1.2089508E-01
 62  1.1859293E-01
 63  1.1633516E-01
 64  1.1408337E-01
 65  1.1186804E-01
 66  1.0969421E-01
 67  1.0754587E-01
 68  1.0540088E-01
 69  1.0331102E-01
 70  1.0132207E-01
 71  9.9443698E-02
 72  9.7569931E-02
 73  9.5774457E-02
 74  9.4128797E-02
 75  9.2518724E-02
 76  9.0927289E-02
 77  8.9318804E-02
 78  8.7649453E-02
 79  8.5889002E-02
 80  8.4026971E-02
 81  8.2089394E-02
 82  8.0135754E-02
 83  7.8007459E-02
 84  7.5778399E-02
 85  7.3669759E-02
 86  7.1780741E-02
 87  7.0460976E-02
 88  7.0454216E-02
 89  7.3141733E-02
 90  8.1137807E-02
 91  9.9103881E-02
 92  1.3239283E-01
 93  1.8020722E-01
 94  2.2445318E-01
 95  2.4430931E-01
 96  2.7261364E-01
 97  3.2731911E-01
 98  3.2147337E-01
 99  1.7741117E-01
100  4.4943194E-02
101  0.0000000E+00
# jbstor | MA/m^2
  1  1.8570622E+00
  2  1.8570622E+00
  3  1.8408438E+00
  4  1.8224703E+00
  5  1.8066242E+00
  6  1.7946107E+00
  7  1.7876060E+00
  8  1.7825417E+00
  9  1.7790648E+00
 10  1.7767606E+00
 11  1.7755528E+00
 12  1.7758588E+00
 13  1.7776292E+00
 14  1.7787099E+00
 15  1.7771484E+00
 16  1.7748035E+00
 17  1.7748951E+00
 18  1.7773082E+00
 19  1.7796645E+00
 20  1.7800503E+00
 21  1.7775109E+00
 22  1.7722407E+00
 23  1.7653693E+00
 24  1.7578437E+00
 25  1.7489616E+00
 26  1.7364289E+00
 27  1.7181225E+00
 28  1.6939458E+00
 29  1.6621636E+00
 30  1.6221242E+00
 31  1.5751046E+00
 32  1.5229509E+00
 33  1.4677859E+00
 34  1.4104068E+00
 35  1.3536810E+00
 36  1.2996972E+00
 37  1.2482696E+00
 38  1.1987017E+00
 39  1.1519464E+00
 40  1.1091732E+00
 41  1.0697780E+00
 42  1.0319242E+00
 43  9.9480141E-01
 44  9.5874170E-01
 45  9.2482992E-01
 46  8.9272994E-01
 47  8.6092018E-01
 48  8.2915393E-01
 49  7.9845767E-01
 50  7.6898430E-01
 51  7.4060345E-01
 52  7.1285164E-01
 53  6.8548459E-01
 54  6.6036119E-01
 55  6.3838723E-01
 56  6.1733084E-01
 57  5.9570654E-01
 58  5.7503667E-01
 59  5.5699473E-01
 60  5.4025756E-01
 61  5.2345563E-01
 62  5.0678873E-01
 63  4.9102187E-01
 64  4.7576354E-01
 65  4.6033938E-01
 66  4.4471219E-01
 67  4.2997038E-01
 68  4.1687777E-01
 69  4.0444821E-01
 70  3.9102969E-01
 71  3.7697657E-01
 72  3.6372926E-01
 73  3.5151925E-01
 74  3.4004845E-01
 75  3.2906565E-01
 76  3.1824844E-01
 77  3.0728134E-01
 78  2.9609809E-01
 79  2.8488264E-01
 80  2.7448934E-01
 81  2.6514618E-01
 82  2.5546383E-01
 83  2.4456095E-01
 84  2.3436720E-01
 85  2.2746102E-01
 86  2.2164270E-01
 87  2.1259820E-01
 88  2.0076252E-01
 89  1.9148704E-01
 90  1.9071915E-01
 91  2.0209939E-01
 92  2.1506977E-01
 93  2.2960409E-01
 94  2.4395530E-01
 95  2.5817124E-01
 96  2.7243509E-01
 97  2.8663070E-01
 98  3.0045659E-01
 99  3.1370076E-01
100  3.2665779E-01
101 -3.3693372E+01
# z_eff | -
  1  1.3764019E+00
  2  1.3764208E+00
  3  1.3764833E+00
  4  1.3765455E+00
  5  1.3766175E+00
  6  1.3766851E+00
  7  1.3767206E+00
  8  1.3767858E+00
  9  1.3768977E+00
 10  1.3770555E+00
 11  1.3772172E+00
 12  1.3773000E+00
 13  1.3774114E+00
 14  1.3775662E+00
 15  1.3777527E+00
 16  1.3779831E+00
 17  1.3782918E+00
 18  1.3786328E+00
 19  1.3789931E+00
 20  1.3793728E+00
 21  1.3797700E+00
 22  1.3801907E+00
 23  1.3806301E+00
 24  1.3810862E+00
 25  1.3815614E+00
 26  1.3820440E+00
 27  1.3825057E+00
 28  1.3829802E+00
 29  1.3834765E+00
 30  1.3839953E+00
 31  1.3845424E+00
 32  1.3851349E+00
 33  1.3857488E+00
 34  1.3863774E+00
 35  1.3870208E+00
 36  1.3876741E+00
 37  1.3883258E+00
 38  1.3889866E+00
 39  1.3896607E+00
 40  1.3903491E+00
 41  1.3910633E+00
 42  1.3918439E+00
 43  1.3926459E+00
 44  1.3934533E+00
 45  1.3942673E+00
 46  1.3950815E+00
 47  1.3958761E+00
 48  1.3966719E+00
 49  1.3974744E+00
 50  1.3982837E+00
 51  1.3990980E+00
 52  1.3999151E+00
 53  1.4007375E+00
 54  1.4015656E+00
 55  1.4023983E+00
 56  1.4032368E+00
 57  1.4040915E+00
 58  1.4049489E+00
 59  1.4058041E+00
 60  1.4066599E+00
 61  1.4075064E+00
 62  1.4083197E+00
 63  1.4091262E+00
 64  1.4099313E+00
 65  1.4107335E+00
 66  1.4115377E+00
 67  1.4123578E+00
 68  1.4131784E+00
 69  1.4139917E+00
 70  1.4147973E+00
 71  1.4155984E+00
 72  1.4164007E+00
 73  1.4171968E+00
 74  1.4179828E+00
 75  1.4187560E+00
 76  1.4195184E+00
 77  1.4202687E+00
 78  1.4210056E+00
 79  1.4217307E+00
 80  1.4224431E+00
 81  1.4231415E+00
 82  1.4238248E+00
 83  1.4244942E+00
 84  1.4251500E+00
 85  1.4257953E+00
 86  1.4264377E+00
 87  1.4270877E+00
 88  1.4277539E+00
 89  1.4284589E+00
 90  1.4292534E+00
 91  1.4302449E+00
 92  1.4316460E+00
 93  1.4338034E+00
 94  1.4371119E+00
 95  1.4417504E+00
 96  1.4472288E+00
 97  1.4525706E+00
 98  1.4571145E+00
 99  1.4607604E+00
100  1.4632367E+00
101  1.4649014E+00
# vtor | m/s
  1  0.0000000E+00 -1.5336356E+05  0.0000000E+00
  2  0.0000000E+00 -1.5378135E+05  0.0000000E+00
  3  0.0000000E+00 -1.5407796E+05  0.0000000E+00
  4  0.0000000E+00 -1.5425282E+05  0.0000000E+00
  5  0.0000000E+00 -1.5430558E+05  0.0000000E+00
  6  0.0000000E+00 -1.5423632E+05  0.0000000E+00
  7  0.0000000E+00 -1.5404529E+05  0.0000000E+00
  8  0.0000000E+00 -1.5373323E+05  0.0000000E+00
  9  0.0000000E+00 -1.5330079E+05  0.0000000E+00
 10  0.0000000E+00 -1.5274960E+05  0.0000000E+00
 11  0.0000000E+00 -1.5208184E+05  0.0000000E+00
 12  0.0000000E+00 -1.5129436E+05  0.0000000E+00
 13  0.0000000E+00 -1.5039312E+05  0.0000000E+00
 14  0.0000000E+00 -1.4939289E+05  0.0000000E+00
 15  0.0000000E+00 -1.4830396E+05  0.0000000E+00
 16  0.0000000E+00 -1.4713855E+05  0.0000000E+00
 17  0.0000000E+00 -1.4591106E+05  0.0000000E+00
 18  0.0000000E+00 -1.4463784E+05  0.0000000E+00
 19  0.0000000E+00 -1.4333318E+05  0.0000000E+00
 20  0.0000000E+00 -1.4200411E+05  0.0000000E+00
 21  0.0000000E+00 -1.4065134E+05  0.0000000E+00
 22  0.0000000E+00 -1.3927441E+05  0.0000000E+00
 23  0.0000000E+00 -1.3787169E+05  0.0000000E+00
 24  0.0000000E+00 -1.3644159E+05  0.0000000E+00
 25  0.0000000E+00 -1.3498327E+05  0.0000000E+00
 26  0.0000000E+00 -1.3349532E+05  0.0000000E+00
 27  0.0000000E+00 -1.3197618E+05  0.0000000E+00
 28  0.0000000E+00 -1.3042507E+05  0.0000000E+00
 29  0.0000000E+00 -1.2884109E+05  0.0000000E+00
 30  0.0000000E+00 -1.2722396E+05  0.0000000E+00
 31  0.0000000E+00 -1.2557371E+05  0.0000000E+00
 32  0.0000000E+00 -1.2389056E+05  0.0000000E+00
 33  0.0000000E+00 -1.2217565E+05  0.0000000E+00
 34  0.0000000E+00 -1.2043015E+05  0.0000000E+00
 35  0.0000000E+00 -1.1865643E+05  0.0000000E+00
 36  0.0000000E+00 -1.1685830E+05  0.0000000E+00
 37  0.0000000E+00 -1.1503899E+05  0.0000000E+00
 38  0.0000000E+00 -1.1320189E+05  0.0000000E+00
 39  0.0000000E+00 -1.1135095E+05  0.0000000E+00
 40  0.0000000E+00 -1.0949013E+05  0.0000000E+00
 41  0.0000000E+00 -1.0762382E+05  0.0000000E+00
 42  0.0000000E+00 -1.0575659E+05  0.0000000E+00
 43  0.0000000E+00 -1.0389288E+05  0.0000000E+00
 44  0.0000000E+00 -1.0203754E+05  0.0000000E+00
 45  0.0000000E+00 -1.0019719E+05  0.0000000E+00
 46  0.0000000E+00 -9.8376832E+04  0.0000000E+00
 47  0.0000000E+00 -9.6580246E+04  0.0000000E+00
 48  0.0000000E+00 -9.4812139E+04  0.0000000E+00
 49  0.0000000E+00 -9.3077036E+04  0.0000000E+00
 50  0.0000000E+00 -9.1379525E+04  0.0000000E+00
 51  0.0000000E+00 -8.9723994E+04  0.0000000E+00
 52  0.0000000E+00 -8.8115174E+04  0.0000000E+00
 53  0.0000000E+00 -8.6555159E+04  0.0000000E+00
 54  0.0000000E+00 -8.5044051E+04  0.0000000E+00
 55  0.0000000E+00 -8.3580184E+04  0.0000000E+00
 56  0.0000000E+00 -8.2164560E+04  0.0000000E+00
 57  0.0000000E+00 -8.0795392E+04  0.0000000E+00
 58  0.0000000E+00 -7.9467338E+04  0.0000000E+00
 59  0.0000000E+00 -7.8178355E+04  0.0000000E+00
 60  0.0000000E+00 -7.6926306E+04  0.0000000E+00
 61  0.0000000E+00 -7.5708314E+04  0.0000000E+00
 62  0.0000000E+00 -7.4521905E+04  0.0000000E+00
 63  0.0000000E+00 -7.3364191E+04  0.0000000E+00
 64  0.0000000E+00 -7.2232489E+04  0.0000000E+00
 65  0.0000000E+00 -7.1123711E+04  0.0000000E+00
 66  0.0000000E+00 -7.0034151E+04  0.0000000E+00
 67  0.0000000E+00 -6.8962193E+04  0.0000000E+00
 68  0.0000000E+00 -6.7907518E+04  0.0000000E+00
 69  0.0000000E+00 -6.6870219E+04  0.0000000E+00
 70  0.0000000E+00 -6.5851183E+04  0.0000000E+00
 71  0.0000000E+00 -6.4850739E+04  0.0000000E+00
 72  0.0000000E+00 -6.3869665E+04  0.0000000E+00
 73  0.0000000E+00 -6.2908443E+04  0.0000000E+00
 74  0.0000000E+00 -6.1967464E+04  0.0000000E+00
 75  0.0000000E+00 -6.1047570E+04  0.0000000E+00
 76  0.0000000E+00 -6.0148977E+04  0.0000000E+00
 77  0.0000000E+00 -5.9271943E+04  0.0000000E+00
 78  0.0000000E+00 -5.8418518E+04  0.0000000E+00
 79  0.0000000E+00 -5.7588913E+04  0.0000000E+00
 80  0.0000000E+00 -5.6781913E+04  0.0000000E+00
 81  0.0000000E+00 -5.5997039E+04  0.0000000E+00
 82  0.0000000E+00 -5.5232897E+04  0.0000000E+00
 83  0.0000000E+00 -5.4488307E+04  0.0000000E+00
 84  0.0000000E+00 -5.3761123E+04  0.0000000E+00
 85  0.0000000E+00 -5.3046262E+04  0.0000000E+00
 86  0.0000000E+00 -5.2337001E+04  0.0000000E+00
 87  0.0000000E+00 -5.1621875E+04  0.0000000E+00
 88  0.0000000E+00 -5.0883002E+04  0.0000000E+00
 89  0.0000000E+00 -5.0080652E+04  0.0000000E+00
 90  0.0000000E+00 -4.9125361E+04  0.0000000E+00
 91  0.0000000E+00 -4.7820428E+04  0.0000000E+00
 92  0.0000000E+00 -4.5811108E+04  0.0000000E+00
 93  0.0000000E+00 -4.2681992E+04  0.0000000E+00
 94  0.0000000E+00 -3.8230865E+04  0.0000000E+00
 95  0.0000000E+00 -3.2729252E+04  0.0000000E+00
 96  0.0000000E+00 -2.6909232E+04  0.0000000E+00
 97  0.0000000E+00 -2.1624930E+04  0.0000000E+00
 98  0.0000000E+00 -1.7411736E+04  0.0000000E+00
 99  0.0000000E+00 -1.4290357E+04  0.0000000E+00
100  0.0000000E+00 -1.2980763E+04  0.0000000E+00
101  0.0000000E+00 -1.2332034E+04  0.0000000E+00
# qohme | MW/m^3
  1  2.1574656E-02
  2  2.1574656E-02
  3  2.1311238E-02
  4  2.1071272E-02
  5  2.0968791E-02
  6  2.0990586E-02
  7  2.1109970E-02
  8  2.1296866E-02
  9  2.1545231E-02
 10  2.1855293E-02
 11  2.2229694E-02
 12  2.2668802E-02
 13  2.3175443E-02
 14  2.3738577E-02
 15  2.4354672E-02
 16  2.5018761E-02
 17  2.5737749E-02
 18  2.6522863E-02
 19  2.7360615E-02
 20  2.8245964E-02
 21  2.9179840E-02
 22  3.0146407E-02
 23  3.1116885E-02
 24  3.2043063E-02
 25  3.2866065E-02
 26  3.3519704E-02
 27  3.3936262E-02
 28  3.4070931E-02
 29  3.3892885E-02
 30  3.3375542E-02
 31  3.2535231E-02
 32  3.1436612E-02
 33  3.0153060E-02
 34  2.8769519E-02
 35  2.7375304E-02
 36  2.6043746E-02
 37  2.4818702E-02
 38  2.3717630E-02
 39  2.2745499E-02
 40  2.1890772E-02
 41  2.1137376E-02
 42  2.0467684E-02
 43  1.9857609E-02
 44  1.9283806E-02
 45  1.8731172E-02
 46  1.8189707E-02
 47  1.7653332E-02
 48  1.7121719E-02
 49  1.6594948E-02
 50  1.6073740E-02
 51  1.5557148E-02
 52  1.5050795E-02
 53  1.4555409E-02
 54  1.4067947E-02
 55  1.3590063E-02
 56  1.3122113E-02
 57  1.2660063E-02
 58  1.2201319E-02
 59  1.1748827E-02
 60  1.1303843E-02
 61  1.0868493E-02
 62  1.0445865E-02
 63  1.0041656E-02
 64  9.6577117E-03
 65  9.2941566E-03
 66  8.9514816E-03
 67  8.6271540E-03
 68  8.3197734E-03
 69  8.0290561E-03
 70  7.7537448E-03
 71  7.4922627E-03
 72  7.2435565E-03
 73  7.0044667E-03
 74  6.7755516E-03
 75  6.5568345E-03
 76  6.3448004E-03
 77  6.1387898E-03
 78  5.9379369E-03
 79  5.7406328E-03
 80  5.5460199E-03
 81  5.3539850E-03
 82  5.1652660E-03
 83  4.9812253E-03
 84  4.7984289E-03
 85  4.6183631E-03
 86  4.4463174E-03
 87  4.2851393E-03
 88  4.1421892E-03
 89  4.0330928E-03
 90  3.9861443E-03
 91  4.0543322E-03
 92  4.3306325E-03
 93  4.9182639E-03
 94  5.7869865E-03
 95  6.5619973E-03
 96  6.7552222E-03
 97  6.9524984E-03
 98  7.3432727E-03
 99  6.4655592E-03
100  3.7472892E-03
101  1.4403222E-03
# qbeame | MW/m^3
  1  1.3029633E-01
  2  1.3029633E-01
  3  1.4115591E-01
  4  1.5319376E-01
  5  1.6545728E-01
  6  1.7779567E-01
  7  1.8911498E-01
  8  1.9641690E-01
  9  2.0050137E-01
 10  2.0250401E-01
 11  2.0315191E-01
 12  2.0281552E-01
 13  2.0152301E-01
 14  1.9946699E-01
 15  1.9679034E-01
 16  1.9356552E-01
 17  1.9006643E-01
 18  1.8706463E-01
 19  1.8465212E-01
 20  1.8273671E-01
 21  1.8124428E-01
 22  1.8023251E-01
 23  1.8007541E-01
 24  1.8076581E-01
 25  1.8220139E-01
 26  1.8429841E-01
 27  1.8672711E-01
 28  1.8846323E-01
 29  1.8934287E-01
 30  1.8945898E-01
 31  1.8889311E-01
 32  1.8777135E-01
 33  1.8637449E-01
 34  1.8478316E-01
 35  1.8301591E-01
 36  1.8108921E-01
 37  1.7893228E-01
 38  1.7623362E-01
 39  1.7295411E-01
 40  1.6913460E-01
 41  1.6481102E-01
 42  1.6015787E-01
 43  1.5574620E-01
 44  1.5169368E-01
 45  1.4797342E-01
 46  1.4456045E-01
 47  1.4136714E-01
 48  1.3811478E-01
 49  1.3474089E-01
 50  1.3124591E-01
 51  1.2762938E-01
 52  1.2400348E-01
 53  1.2079167E-01
 54  1.1807650E-01
 55  1.1583049E-01
 56  1.1402746E-01
 57  1.1264390E-01
 58  1.1165306E-01
 59  1.1103550E-01
 60  1.1077486E-01
 61  1.1085597E-01
 62  1.1100610E-01
 63  1.1019997E-01
 64  1.0822237E-01
 65  1.0511878E-01
 66  1.0093142E-01
 67  9.5911071E-02
 68  9.0927023E-02
 69  8.6184090E-02
 70  8.1674830E-02
 71  7.7392232E-02
 72  7.3292770E-02
 73  6.9232990E-02
 74  6.5176830E-02
 75  6.1126419E-02
 76  5.7083538E-02
 77  5.3092999E-02
 78  4.9337021E-02
 79  4.5854032E-02
 80  4.2636343E-02
 81  3.9676580E-02
 82  3.6920106E-02
 83  3.4173242E-02
 84  3.1388659E-02
 85  2.8564898E-02
 86  2.5701127E-02
 87  2.2839589E-02
 88  2.0143457E-02
 89  1.7649901E-02
 90  1.5353611E-02
 91  1.3249781E-02
 92  1.1339369E-02
 93  9.6365862E-03
 94  8.1418350E-03
 95  6.8524264E-03
 96  5.7639207E-03
 97  4.8681675E-03
 98  4.1550684E-03
 99  3.6237578E-03
100  3.2744065E-03
101  3.1069385E-03
# qbeami | MW/m^3
  1  4.4277793E-01
  2  4.4277793E-01
  3  4.6577222E-01
  4  4.9134762E-01
  5  5.1744535E-01
  6  5.4369245E-01
  7  5.6727916E-01
  8  5.8053532E-01
  9  5.8550950E-01
 10  5.8513273E-01
 11  5.8129959E-01
 12  5.7516922E-01
 13  5.6748944E-01
 14  5.5870899E-01
 15  5.4899601E-01
 16  5.3838828E-01
 17  5.2704297E-01
 18  5.1528274E-01
 19  5.0324141E-01
 20  4.9097061E-01
 21  4.7850815E-01
 22  4.6616350E-01
 23  4.5496635E-01
 24  4.4501395E-01
 25  4.3615726E-01
 26  4.2827444E-01
 27  4.2081342E-01
 28  4.1202090E-01
 29  4.0162559E-01
 30  3.8979864E-01
 31  3.7668915E-01
 32  3.6278766E-01
 33  3.4959582E-01
 34  3.3739558E-01
 35  3.2610121E-01
 36  3.1563714E-01
 37  3.0562949E-01
 38  2.9484972E-01
 39  2.8306360E-01
 40  2.7033908E-01
 41  2.5673631E-01
 42  2.4273932E-01
 43  2.3004393E-01
 44  2.1896983E-01
 45  2.0940578E-01
 46  2.0125038E-01
 47  1.9420874E-01
 48  1.8740288E-01
 49  1.8061804E-01
 50  1.7384350E-01
 51  1.6706853E-01
 52  1.6039465E-01
 53  1.5422718E-01
 54  1.4863992E-01
 55  1.4359922E-01
 56  1.3907346E-01
 57  1.3489694E-01
 58  1.3050296E-01
 59  1.2576395E-01
 60  1.2069265E-01
 61  1.1530069E-01
 62  1.0959194E-01
 63  1.0354861E-01
 64  9.7174417E-02
 65  9.0480694E-02
 66  8.3477738E-02
 67  7.6354761E-02
 68  6.9827903E-02
 69  6.4050643E-02
 70  5.8997239E-02
 71  5.4643364E-02
 72  5.0846332E-02
 73  4.7119698E-02
 74  4.3344618E-02
 75  3.9523796E-02
 76  3.5659371E-02
 77  3.1849920E-02
 78  2.8485263E-02
 79  2.5649551E-02
 80  2.3328063E-02
 81  2.1506775E-02
 82  2.0054433E-02
 83  1.8494000E-02
 84  1.6712038E-02
 85  1.4712654E-02
 86  1.2500136E-02
 87  1.0175478E-02
 88  8.1216517E-03
 89  6.4268325E-03
 90  5.0823879E-03
 91  4.0801409E-03
 92  3.3688729E-03
 93  2.7689460E-03
 94  2.2350085E-03
 95  1.7659918E-03
 96  1.3602064E-03
 97  1.0150670E-03
 98  7.2804710E-04
 99  4.9888341E-04
100  3.2716610E-04
101  2.1203338E-04
# qbrem | MW/m^3
  1  4.6695187E-03
  2  4.6695187E-03
  3  4.6667978E-03
  4  4.6613878E-03
  5  4.6533016E-03
  6  4.6425373E-03
  7  4.6291114E-03
  8  4.6127485E-03
  9  4.5937793E-03
 10  4.5722611E-03
 11  4.5482577E-03
 12  4.5218323E-03
 13  4.4930824E-03
 14  4.4621271E-03
 15  4.4290926E-03
 16  4.3941191E-03
 17  4.3573570E-03
 18  4.3188702E-03
 19  4.2784242E-03
 20  4.2362380E-03
 21  4.1922307E-03
 22  4.1463589E-03
 23  4.0985457E-03
 24  4.0487065E-03
 25  3.9968048E-03
 26  3.9428067E-03
 27  3.8866345E-03
 28  3.8282519E-03
 29  3.7678094E-03
 30  3.7053681E-03
 31  3.6414952E-03
 32  3.5763998E-03
 33  3.5102842E-03
 34  3.4433572E-03
 35  3.3758237E-03
 36  3.3078834E-03
 37  3.2397375E-03
 38  3.1715895E-03
 39  3.1036269E-03
 40  3.0360687E-03
 41  2.9690585E-03
 42  2.9026526E-03
 43  2.8368581E-03
 44  2.7716662E-03
 45  2.7070777E-03
 46  2.6430950E-03
 47  2.5797098E-03
 48  2.5169126E-03
 49  2.4547001E-03
 50  2.3930733E-03
 51  2.3320238E-03
 52  2.2715204E-03
 53  2.2115681E-03
 54  2.1521869E-03
 55  2.0934287E-03
 56  2.0353376E-03
 57  1.9779625E-03
 58  1.9213678E-03
 59  1.8656267E-03
 60  1.8108110E-03
 61  1.7570056E-03
 62  1.7042805E-03
 63  1.6528161E-03
 64  1.6026903E-03
 65  1.5539550E-03
 66  1.5066046E-03
 67  1.4606438E-03
 68  1.4160974E-03
 69  1.3729850E-03
 70  1.3312944E-03
 71  1.2909826E-03
 72  1.2520011E-03
 73  1.2143072E-03
 74  1.1779468E-03
 75  1.1428099E-03
 76  1.1088760E-03
 77  1.0761377E-03
 78  1.0445878E-03
 79  1.0142315E-03
 80  9.8508464E-04
 81  9.5717009E-04
 82  9.3052183E-04
 83  9.0516544E-04
 84  8.8109376E-04
 85  8.5846342E-04
 86  8.3709607E-04
 87  8.1691627E-04
 88  7.9780784E-04
 89  7.7958226E-04
 90  7.6188240E-04
 91  7.4422089E-04
 92  7.2589412E-04
 93  7.0566200E-04
 94  6.8168019E-04
 95  6.5302273E-04
 96  6.2206606E-04
 97  5.8875914E-04
 98  5.1585480E-04
 99  3.7577166E-04
100  2.2135066E-04
101  1.5604310E-04
# qsync | MW/m^3
  1  2.3505938E-05
  2  2.3505938E-05
  3  2.3473296E-05
  4  2.3408382E-05
  5  2.3311393E-05
  6  2.3182663E-05
  7  2.3022692E-05
  8  2.2828733E-05
  9  2.2605060E-05
 10  2.2352522E-05
 11  2.2072152E-05
 12  2.1764906E-05
 13  2.1432017E-05
 14  2.1074807E-05
 15  2.0694664E-05
 16  2.0293104E-05
 17  1.9871717E-05
 18  1.9431782E-05
 19  1.8971972E-05
 20  1.8496069E-05
 21  1.8004890E-05
 22  1.7499169E-05
 23  1.6979534E-05
 24  1.6447171E-05
 25  1.5903808E-05
 26  1.5351361E-05
 27  1.4791796E-05
 28  1.4227164E-05
 29  1.3659788E-05
 30  1.3090790E-05
 31  1.2524554E-05
 32  1.1963308E-05
 33  1.1409278E-05
 34  1.0864509E-05
 35  1.0330885E-05
 36  9.8101318E-06
 37  9.3038092E-06
 38  8.8133070E-06
 39  8.3398145E-06
 40  7.8843455E-06
 41  7.4480563E-06
 42  7.0310180E-06
 43  6.6332078E-06
 44  6.2545401E-06
 45  5.8948171E-06
 46  5.5537469E-06
 47  5.2309378E-06
 48  4.9259262E-06
 49  4.6382023E-06
 50  4.3671890E-06
 51  4.1122639E-06
 52  3.8733850E-06
 53  3.6491466E-06
 54  3.4387212E-06
 55  3.2411868E-06
 56  3.0556347E-06
 57  2.8811511E-06
 58  2.7168741E-06
 59  2.5620050E-06
 60  2.4158132E-06
 61  2.2777444E-06
 62  2.1472615E-06
 63  2.0241488E-06
 64  1.9076633E-06
 65  1.7974920E-06
 66  1.6933801E-06
 67  1.5950922E-06
 68  1.5023429E-06
 69  1.4148055E-06
 70  1.3321309E-06
 71  1.2539672E-06
 72  1.1799833E-06
 73  1.1098718E-06
 74  1.0434460E-06
 75  9.8032576E-07
 76  9.2029509E-07
 77  8.6316291E-07
 78  8.0878236E-07
 79  7.5708254E-07
 80  7.0803209E-07
 81  6.6159632E-07
 82  6.1772906E-07
 83  5.7634911E-07
 84  5.3730782E-07
 85  5.0071700E-07
 86  4.6678765E-07
 87  4.3562891E-07
 88  4.0723214E-07
 89  3.8142300E-07
 90  3.5769277E-07
 91  3.3527692E-07
 92  3.1305313E-07
 93  2.8924074E-07
 94  2.6156824E-07
 95  2.2877261E-07
 96  1.9379538E-07
 97  1.5703984E-07
 98  1.0978291E-07
 99  5.7622662E-08
100  2.2412071E-08
101  1.1998625E-08
# qline | MW/m^3
  1  5.1239680E-04
  2  5.1239680E-04
  3  5.1242276E-04
  4  5.1247829E-04
  5  5.1256467E-04
  6  5.1267946E-04
  7  5.1282410E-04
  8  5.1299483E-04
  9  5.1319593E-04
 10  5.1343004E-04
 11  5.1370129E-04
 12  5.1401247E-04
 13  5.1436957E-04
 14  5.1478372E-04
 15  5.1526685E-04
 16  5.1582843E-04
 17  5.1648048E-04
 18  5.1723450E-04
 19  5.1808287E-04
 20  5.1903346E-04
 21  5.2006956E-04
 22  5.2119698E-04
 23  5.2241847E-04
 24  5.2372099E-04
 25  5.2509602E-04
 26  5.2653341E-04
 27  5.2800489E-04
 28  5.2949536E-04
 29  5.3100561E-04
 30  5.3254463E-04
 31  5.3414057E-04
 32  5.3579622E-04
 33  5.3751335E-04
 34  5.3929637E-04
 35  5.4114952E-04
 36  5.4307247E-04
 37  5.4506486E-04
 38  5.4712820E-04
 39  5.4925476E-04
 40  5.5145257E-04
 41  5.5369432E-04
 42  5.5596587E-04
 43  5.5824674E-04
 44  5.6050201E-04
 45  5.6270423E-04
 46  5.6482356E-04
 47  5.6682474E-04
 48  5.6867214E-04
 49  5.7033083E-04
 50  5.7176559E-04
 51  5.7294051E-04
 52  5.7376182E-04
 53  5.7424785E-04
 54  5.7437998E-04
 55  5.7416648E-04
 56  5.7361258E-04
 57  5.7273742E-04
 58  5.7157094E-04
 59  5.7014910E-04
 60  5.6851504E-04
 61  5.6670816E-04
 62  5.6475960E-04
 63  5.6271861E-04
 64  5.6067656E-04
 65  5.5865629E-04
 66  5.5666447E-04
 67  5.5470003E-04
 68  5.5278733E-04
 69  5.5095897E-04
 70  5.4924120E-04
 71  5.4765987E-04
 72  5.4623722E-04
 73  5.4500007E-04
 74  5.4400245E-04
 75  5.4326892E-04
 76  5.4284168E-04
 77  5.4277777E-04
 78  5.4311933E-04
 79  5.4390182E-04
 80  5.4515391E-04
 81  5.4690685E-04
 82  5.4920564E-04
 83  5.5210543E-04
 84  5.5567769E-04
 85  5.5997808E-04
 86  5.6473941E-04
 87  5.6976222E-04
 88  5.7484032E-04
 89  5.7979536E-04
 90  5.8458615E-04
 91  5.8936914E-04
 92  5.9464476E-04
 93  6.0148559E-04
 94  6.1171384E-04
 95  6.2828644E-04
 96  6.5318526E-04
 97  6.9029676E-04
 98  7.2222507E-04
 99  7.1341745E-04
100  6.5078226E-04
101  6.1319317E-04
# qei | MW/m^3
  1 -2.8654836E-02
  2 -2.8654836E-02
  3 -2.8500784E-02
  4 -2.8201245E-02
  5 -2.7758915E-02
  6 -2.7176497E-02
  7 -2.6456544E-02
  8 -2.5588692E-02
  9 -2.4590999E-02
 10 -2.3465457E-02
 11 -2.2214396E-02
 12 -2.0845304E-02
 13 -1.9369518E-02
 14 -1.7792717E-02
 15 -1.6121644E-02
 16 -1.4364385E-02
 17 -1.2531383E-02
 18 -1.0633139E-02
 19 -8.6892204E-03
 20 -6.7264795E-03
 21 -4.7633983E-03
 22 -2.8216705E-03
 23 -9.2656966E-04
 24  9.0100793E-04
 25  2.6443117E-03
 26  4.2879174E-03
 27  5.8169176E-03
 28  7.2168452E-03
 29  8.4744107E-03
 30  9.5550123E-03
 31  1.0463455E-02
 32  1.1205568E-02
 33  1.1785529E-02
 34  1.2207620E-02
 35  1.2477295E-02
 36  1.2599754E-02
 37  1.2580440E-02
 38  1.2427030E-02
 39  1.2146983E-02
 40  1.1749600E-02
 41  1.1230440E-02
 42  1.0607113E-02
 43  9.8804462E-03
 44  9.0514920E-03
 45  8.1239223E-03
 46  7.1006516E-03
 47  5.9838846E-03
 48  4.7764065E-03
 49  3.4805463E-03
 50  2.0970573E-03
 51  6.2927865E-04
 52 -9.3138929E-04
 53 -2.5829809E-03
 54 -4.3254523E-03
 55 -6.1503563E-03
 56 -8.0488869E-03
 57 -1.0016483E-02
 58 -1.2051636E-02
 59 -1.4155886E-02
 60 -1.6331329E-02
 61 -1.8570733E-02
 62 -2.0872581E-02
 63 -2.3232892E-02
 64 -2.5655411E-02
 65 -2.8131739E-02
 66 -3.0644317E-02
 67 -3.3172454E-02
 68 -3.5702670E-02
 69 -3.8237140E-02
 70 -4.0787860E-02
 71 -4.3368177E-02
 72 -4.5996547E-02
 73 -4.8689928E-02
 74 -5.1474674E-02
 75 -5.4382677E-02
 76 -5.7443573E-02
 77 -6.0689529E-02
 78 -6.4151166E-02
 79 -6.7844847E-02
 80 -7.1777706E-02
 81 -7.5956944E-02
 82 -8.0388401E-02
 83 -8.5074769E-02
 84 -9.0053348E-02
 85 -9.5261697E-02
 86 -1.0047031E-01
 87 -1.0542590E-01
 88 -1.0982589E-01
 89 -1.1331150E-01
 90 -1.1549338E-01
 91 -1.1561711E-01
 92 -1.1195792E-01
 93 -1.0128062E-01
 94 -7.8885888E-02
 95 -4.0458126E-02
 96  1.3522785E-02
 97  6.8640085E-02
 98  1.0326934E-01
 99  9.6527483E-02
100  5.2085101E-02
101  1.8712149E-02
# qione | MW/m^3
  1 -2.5863581E-02
  2 -2.5863581E-02
  3 -2.5788243E-02
  4 -2.5632043E-02
  5 -2.5415849E-02
  6 -2.5157977E-02
  7 -2.4872656E-02
  8 -2.4551847E-02
  9 -2.4193035E-02
 10 -2.3795458E-02
 11 -2.3354650E-02
 12 -2.2864955E-02
 13 -2.2330423E-02
 14 -2.1754410E-02
 15 -2.1126333E-02
 16 -2.0430653E-02
 17 -1.9679650E-02
 18 -1.8906574E-02
 19 -1.8124549E-02
 20 -1.7320733E-02
 21 -1.6484333E-02
 22 -1.5616283E-02
 23 -1.4726323E-02
 24 -1.3822584E-02
 25 -1.2906410E-02
 26 -1.1976067E-02
 27 -1.1034546E-02
 28 -1.0088488E-02
 29 -9.1457088E-03
 30 -8.1910028E-03
 31 -7.2290811E-03
 32 -6.2701846E-03
 33 -5.3349161E-03
 34 -4.4365548E-03
 35 -3.5863483E-03
 36 -2.7875481E-03
 37 -2.0397730E-03
 38 -1.3479421E-03
 39 -7.1369240E-04
 40 -1.3969374E-04
 41  3.7276436E-04
 42  8.3841083E-04
 43  1.2719984E-03
 44  1.6771057E-03
 45  2.0576724E-03
 46  2.4108622E-03
 47  2.7322098E-03
 48  3.0179572E-03
 49  3.2654751E-03
 50  3.4786292E-03
 51  3.6603010E-03
 52  3.8032907E-03
 53  3.9061756E-03
 54  3.9651324E-03
 55  3.9719423E-03
 56  3.9142852E-03
 57  3.7819525E-03
 58  3.5682150E-03
 59  3.2736135E-03
 60  2.9090040E-03
 61  2.4967505E-03
 62  2.0700791E-03
 63  1.6853406E-03
 64  1.3888848E-03
 65  1.1926773E-03
 66  1.0666245E-03
 67  9.8808696E-04
 68  9.3005341E-04
 69  8.6016411E-04
 70  7.6019638E-04
 71  6.3485700E-04
 72  4.9299515E-04
 73  3.4305342E-04
 74  1.8792888E-04
 75  3.0596399E-05
 76 -1.2995134E-04
 77 -2.9412653E-04
 78 -4.6459169E-04
 79 -6.3672571E-04
 80 -8.0190202E-04
 81 -9.5666638E-04
 82 -1.1051566E-03
 83 -1.2576573E-03
 84 -1.4316024E-03
 85 -1.6524531E-03
 86 -1.9006110E-03
 87 -2.1692390E-03
 88 -2.4591445E-03
 89 -2.7665863E-03
 90 -3.0729465E-03
 91 -3.3571804E-03
 92 -3.6009166E-03
 93 -3.7790718E-03
 94 -3.8839415E-03
 95 -3.9730522E-03
 96 -5.5472394E-03
 97 -8.9308415E-03
 98 -1.1745044E-02
 99 -1.1018739E-02
100 -6.8925183E-03
101 -4.9114050E-03
# qioni | MW/m^3
  1 -1.3271148E-01
  2 -1.3271148E-01
  3 -1.2764896E-01
  4 -1.2189386E-01
  5 -1.1588004E-01
  6 -1.0967022E-01
  7 -1.0365404E-01
  8 -9.8853438E-02
  9 -9.4989944E-02
 10 -9.1674819E-02
 11 -8.8668034E-02
 12 -8.5777777E-02
 13 -8.2785120E-02
 14 -7.9650502E-02
 15 -7.6320286E-02
 16 -7.2770098E-02
 17 -6.9036081E-02
 18 -6.5254288E-02
 19 -6.1393981E-02
 20 -5.7426491E-02
 21 -5.3319473E-02
 22 -4.9046220E-02
 23 -4.4523027E-02
 24 -3.9789188E-02
 25 -3.4928898E-02
 26 -3.0021009E-02
 27 -2.5169106E-02
 28 -2.0501442E-02
 29 -1.6111937E-02
 30 -1.2122464E-02
 31 -8.6078397E-03
 32 -5.5377249E-03
 33 -2.9517853E-03
 34 -8.1096323E-04
 35  9.4751352E-04
 36  2.3605051E-03
 37  3.5128508E-03
 38  4.5880017E-03
 39  5.6120897E-03
 40  6.5647128E-03
 41  7.4126212E-03
 42  8.1796439E-03
 43  8.8441793E-03
 44  9.4186432E-03
 45  9.9122956E-03
 46  1.0320466E-02
 47  1.0672959E-02
 48  1.0958974E-02
 49  1.1182787E-02
 50  1.1357851E-02
 51  1.1497817E-02
 52  1.1570887E-02
 53  1.1449835E-02
 54  1.1134337E-02
 55  1.0657666E-02
 56  1.0033214E-02
 57  9.3072938E-03
 58  8.8022855E-03
 59  8.5312088E-03
 60  8.4739142E-03
 61  8.6212763E-03
 62  8.9028738E-03
 63  9.0668157E-03
 64  9.0787878E-03
 65  8.9517953E-03
 66  8.6655094E-03
 67  8.2244731E-03
 68  7.7147196E-03
 69  7.1774577E-03
 70  6.6342197E-03
 71  6.0999683E-03
 72  5.5889174E-03
 73  5.1209245E-03
 74  4.6933755E-03
 75  4.2952440E-03
 76  3.9208518E-03
 77  3.5601441E-03
 78  3.1768024E-03
 79  2.7681386E-03
 80  2.3774814E-03
 81  1.9604109E-03
 82  1.5377779E-03
 83  1.1514083E-03
 84  7.9415737E-04
 85  3.9893886E-04
 86 -3.5123070E-05
 87 -4.7403619E-04
 88 -9.0308056E-04
 89 -1.3407172E-03
 90 -1.6376349E-03
 91 -1.5766531E-03
 92 -4.4432923E-04
 93  2.4952244E-03
 94  7.1927720E-03
 95  1.2630370E-02
 96  1.6221680E-02
 97  1.6011736E-02
 98  1.2217186E-02
 99  6.1531440E-03
100 -2.9034489E-04
101 -1.6452057E-02
# qpar_beam | MW/m^3
  1  1.9553946E+19
  2  1.9553946E+19
  3  1.9554391E+19
  4  1.9631541E+19
  5  1.9756642E+19
  6  1.9899424E+19
  7  2.0026803E+19
  8  2.0112466E+19
  9  2.0160499E+19
 10  2.0192063E+19
 11  2.0231479E+19
 12  2.0282195E+19
 13  2.0287500E+19
 14  2.0257220E+19
 15  2.0213660E+19
 16  2.0167799E+19
 17  2.0124256E+19
 18  2.0082435E+19
 19  2.0035670E+19
 20  2.0001277E+19
 21  1.9999580E+19
 22  2.0038101E+19
 23  2.0111151E+19
 24  2.0221599E+19
 25  2.0380394E+19
 26  2.0599687E+19
 27  2.0889224E+19
 28  2.1261087E+19
 29  2.1724368E+19
 30  2.2308822E+19
 31  2.3010278E+19
 32  2.3819668E+19
 33  2.4732737E+19
 34  2.5721162E+19
 35  2.6751557E+19
 36  2.7791419E+19
 37  2.8796507E+19
 38  2.9697232E+19
 39  3.0436892E+19
 40  3.0949400E+19
 41  3.1155881E+19
 42  3.1122499E+19
 43  3.0921732E+19
 44  3.0601154E+19
 45  3.0188990E+19
 46  2.9708598E+19
 47  2.9176011E+19
 48  2.8596184E+19
 49  2.7986216E+19
 50  2.7373535E+19
 51  2.6781843E+19
 52  2.6241898E+19
 53  2.5774371E+19
 54  2.5377686E+19
 55  2.5013182E+19
 56  2.4635518E+19
 57  2.4189611E+19
 58  2.3619562E+19
 59  2.2892972E+19
 60  2.2001083E+19
 61  2.0973964E+19
 62  1.9869100E+19
 63  1.8797666E+19
 64  1.7873882E+19
 65  1.7149357E+19
 66  1.6598706E+19
 67  1.6198601E+19
 68  1.5904143E+19
 69  1.5650829E+19
 70  1.5389675E+19
 71  1.5115824E+19
 72  1.4816023E+19
 73  1.4468259E+19
 74  1.4050289E+19
 75  1.3604344E+19
 76  1.3123755E+19
 77  1.2603398E+19
 78  1.2033101E+19
 79  1.1426883E+19
 80  1.0875804E+19
 81  1.0551371E+19
 82  1.0472530E+19
 83  1.0517159E+19
 84  1.0684408E+19
 85  1.1142759E+19
 86  1.1936042E+19
 87  1.2999341E+19
 88  1.4310996E+19
 89  1.6038197E+19
 90  1.8339390E+19
 91  2.1634438E+19
 92  2.6240186E+19
 93  3.9140039E+19
 94  6.0659728E+19
 95  8.6419752E+19
 96  1.1787465E+20
 97  1.7473743E+20
 98  2.7356352E+20
 99  4.4816499E+20
100  7.0956141E+20
101  1.0341227E+21
# qmom | MW/m^3
  1 -4.8215084E-01
  2 -4.8215084E-01
  3 -4.8634697E-01
  4 -4.9152672E-01
  5 -4.9717732E-01
  6 -5.0303031E-01
  7 -5.0866829E-01
  8 -5.1342949E-01
  9 -5.1741259E-01
 10 -5.2100718E-01
 11 -5.2467066E-01
 12 -5.2825207E-01
 13 -5.3044608E-01
 14 -5.3143079E-01
 15 -5.3146894E-01
 16 -5.3066166E-01
 17 -5.2944879E-01
 18 -5.2906304E-01
 19 -5.2969713E-01
 20 -5.3124739E-01
 21 -5.3358724E-01
 22 -5.3473854E-01
 23 -5.2777848E-01
 24 -5.1201196E-01
 25 -4.8846677E-01
 26 -4.5799305E-01
 27 -4.2323668E-01
 28 -3.9208730E-01
 29 -3.6585496E-01
 30 -3.4392879E-01
 31 -3.2577232E-01
 32 -3.1137371E-01
 33 -3.0194904E-01
 34 -2.9743365E-01
 35 -2.9739468E-01
 36 -3.0147337E-01
 37 -3.0882390E-01
 38 -3.1708784E-01
 39 -3.2566522E-01
 40 -3.3450462E-01
 41 -3.4355219E-01
 42 -3.5183692E-01
 43 -3.5553354E-01
 44 -3.5402427E-01
 45 -3.4766337E-01
 46 -3.3676359E-01
 47 -3.2268105E-01
 48 -3.0982394E-01
 49 -2.9915296E-01
 50 -2.9053577E-01
 51 -2.8384494E-01
 52 -2.7877289E-01
 53 -2.7446657E-01
 54 -2.7070428E-01
 55 -2.6747541E-01
 56 -2.6477446E-01
 57 -2.6284269E-01
 58 -2.6264562E-01
 59 -2.6434068E-01
 60 -2.6783450E-01
 61 -2.7305633E-01
 62 -2.7883500E-01
 63 -2.8079445E-01
 64 -2.7805059E-01
 65 -2.7081012E-01
 66 -2.5922988E-01
 67 -2.4460686E-01
 68 -2.3162185E-01
 69 -2.2133755E-01
 70 -2.1366981E-01
 71 -2.0853639E-01
 72 -2.0475656E-01
 73 -1.9794540E-01
 74 -1.8710818E-01
 75 -1.7236135E-01
 76 -1.5381545E-01
 77 -1.3292606E-01
 78 -1.1512925E-01
 79 -1.0169241E-01
 80 -9.2506241E-02
 81 -8.7431356E-02
 82 -8.5134240E-02
 83 -8.0699625E-02
 84 -7.2953334E-02
 85 -6.1886770E-02
 86 -4.7564022E-02
 87 -3.0790495E-02
 88 -1.4426095E-02
 89  9.1417864E-04
 90  1.5300700E-02
 91  2.8870422E-02
 92  4.1647351E-02
 93  5.3469664E-02
 94  6.4235286E-02
 95  7.3583030E-02
 96  8.1659057E-02
 97  8.7846337E-02
 98  9.2136151E-02
 99  9.6577046E-02
100  1.0229475E-01
101  1.1086901E-01
