#
# Output file generated by Yacora 1.5.0
# =====================================
#   Filename: 'YacoraRun_PopCoeff_n=2.dat'
#   Date of creation: 11. May 2022
#   Time of creation: 08:15:18
#   Used input file: 'H_20_11_2019.txt'
#   Performed calculation: Population Coefficient for state 'H(2)' coupled to the particle 'H2+'
#
#   Please cite D. Wünderlich, M. Giacomin, R. Ritz and U. Fantz, J. Quant. Spectrosc. Radiat. Transfer 240, 2020, 106695, if you use Yacora results.
#
# Description of the used Parameters:
# ===================================
#
#   Temperatures and Densities: 
#              T_e: 10 calculated values between 1.0000 and 10.0000
#              T_n1: Fixed value 8000.0000
#              n_e: 10 calculated values between 1.0000e+18 and 1.0000e+20
#              n_i1: Fixed value 0.0000
#              n_i2: 10 calculated values between 1.0000e+15 and 1.0000e+17

#   Electron energy distribution function: 
#              Maxwellian
#
# Calculated Data:
# ================
#  T_e           n_e           n_i2          POP_COEFF      
   1.0000        1.0000e+18    1.0000e+15    7.00773034e-23     
   1.0000        1.0000e+18    1.6681e+15    7.00773034e-23     
   1.0000        1.0000e+18    2.7826e+15    7.00773034e-23     
   1.0000        1.0000e+18    4.6416e+15    7.00773034e-23     
   1.0000        1.0000e+18    7.7426e+15    7.00773034e-23     
   1.0000        1.0000e+18    1.2915e+16    7.00773034e-23     
   1.0000        1.0000e+18    2.1544e+16    7.00773034e-23     
   1.0000        1.0000e+18    3.5938e+16    7.00773034e-23     
   1.0000        1.0000e+18    5.9948e+16    7.00773034e-23     
   1.0000        1.0000e+18    1.0000e+17    7.00773034e-23     
   1.0000        1.6681e+18    1.0000e+15    6.81257291e-23     
   1.0000        1.6681e+18    1.6681e+15    6.81257291e-23     
   1.0000        1.6681e+18    2.7826e+15    6.81257291e-23     
   1.0000        1.6681e+18    4.6416e+15    6.81257291e-23     
   1.0000        1.6681e+18    7.7426e+15    6.81257291e-23     
   1.0000        1.6681e+18    1.2915e+16    6.81257291e-23     
   1.0000        1.6681e+18    2.1544e+16    6.81257291e-23     
   1.0000        1.6681e+18    3.5938e+16    6.81257291e-23     
   1.0000        1.6681e+18    5.9948e+16    6.81257291e-23     
   1.0000        1.6681e+18    1.0000e+17    6.81257291e-23     
   1.0000        2.7826e+18    1.0000e+15    6.58767637e-23     
   1.0000        2.7826e+18    1.6681e+15    6.58767637e-23     
   1.0000        2.7826e+18    2.7826e+15    6.58767637e-23     
   1.0000        2.7826e+18    4.6416e+15    6.58767637e-23     
   1.0000        2.7826e+18    7.7426e+15    6.58767637e-23     
   1.0000        2.7826e+18    1.2915e+16    6.58767637e-23     
   1.0000        2.7826e+18    2.1544e+16    6.58767637e-23     
   1.0000        2.7826e+18    3.5938e+16    6.58767637e-23     
   1.0000        2.7826e+18    5.9948e+16    6.58767637e-23     
   1.0000        2.7826e+18    1.0000e+17    6.58767637e-23     
   1.0000        4.6416e+18    1.0000e+15    6.33707251e-23     
   1.0000        4.6416e+18    1.6681e+15    6.33707251e-23     
   1.0000        4.6416e+18    2.7826e+15    6.33707251e-23     
   1.0000        4.6416e+18    4.6416e+15    6.33707251e-23     
   1.0000        4.6416e+18    7.7426e+15    6.33707251e-23     
   1.0000        4.6416e+18    1.2915e+16    6.33707251e-23     
   1.0000        4.6416e+18    2.1544e+16    6.33707251e-23     
   1.0000        4.6416e+18    3.5938e+16    6.33707251e-23     
   1.0000        4.6416e+18    5.9948e+16    6.33707251e-23     
   1.0000        4.6416e+18    1.0000e+17    6.33707251e-23     
   1.0000        7.7426e+18    1.0000e+15    6.06661919e-23     
   1.0000        7.7426e+18    1.6681e+15    6.06661919e-23     
   1.0000        7.7426e+18    2.7826e+15    6.06661919e-23     
   1.0000        7.7426e+18    4.6416e+15    6.06661919e-23     
   1.0000        7.7426e+18    7.7426e+15    6.06661919e-23     
   1.0000        7.7426e+18    1.2915e+16    6.06661919e-23     
   1.0000        7.7426e+18    2.1544e+16    6.06661919e-23     
   1.0000        7.7426e+18    3.5938e+16    6.06661919e-23     
   1.0000        7.7426e+18    5.9948e+16    6.06661919e-23     
   1.0000        7.7426e+18    1.0000e+17    6.06661919e-23     
   1.0000        1.2915e+19    1.0000e+15    5.77780105e-23     
   1.0000        1.2915e+19    1.6681e+15    5.77780105e-23     
   1.0000        1.2915e+19    2.7826e+15    5.77780105e-23     
   1.0000        1.2915e+19    4.6416e+15    5.77780105e-23     
   1.0000        1.2915e+19    7.7426e+15    5.77780105e-23     
   1.0000        1.2915e+19    1.2915e+16    5.77780105e-23     
   1.0000        1.2915e+19    2.1544e+16    5.77780105e-23     
   1.0000        1.2915e+19    3.5938e+16    5.77780105e-23     
   1.0000        1.2915e+19    5.9948e+16    5.77780105e-23     
   1.0000        1.2915e+19    1.0000e+17    5.77780105e-23     
   1.0000        2.1544e+19    1.0000e+15    5.46674792e-23     
   1.0000        2.1544e+19    1.6681e+15    5.46674792e-23     
   1.0000        2.1544e+19    2.7826e+15    5.46674792e-23     
   1.0000        2.1544e+19    4.6416e+15    5.46674792e-23     
   1.0000        2.1544e+19    7.7426e+15    5.46674792e-23     
   1.0000        2.1544e+19    1.2915e+16    5.46674792e-23     
   1.0000        2.1544e+19    2.1544e+16    5.46674792e-23     
   1.0000        2.1544e+19    3.5938e+16    5.46674792e-23     
   1.0000        2.1544e+19    5.9948e+16    5.46674792e-23     
   1.0000        2.1544e+19    1.0000e+17    5.46674792e-23     
   1.0000        3.5938e+19    1.0000e+15    5.13225121e-23     
   1.0000        3.5938e+19    1.6681e+15    5.13225121e-23     
   1.0000        3.5938e+19    2.7826e+15    5.13225121e-23     
   1.0000        3.5938e+19    4.6416e+15    5.13225121e-23     
   1.0000        3.5938e+19    7.7426e+15    5.13225121e-23     
   1.0000        3.5938e+19    1.2915e+16    5.13225121e-23     
   1.0000        3.5938e+19    2.1544e+16    5.13225121e-23     
   1.0000        3.5938e+19    3.5938e+16    5.13225121e-23     
   1.0000        3.5938e+19    5.9948e+16    5.13225121e-23     
   1.0000        3.5938e+19    1.0000e+17    5.13225121e-23     
   1.0000        5.9948e+19    1.0000e+15    4.78506125e-23     
   1.0000        5.9948e+19    1.6681e+15    4.78506125e-23     
   1.0000        5.9948e+19    2.7826e+15    4.78506125e-23     
   1.0000        5.9948e+19    4.6416e+15    4.78506125e-23     
   1.0000        5.9948e+19    7.7426e+15    4.78506125e-23     
   1.0000        5.9948e+19    1.2915e+16    4.78506125e-23     
   1.0000        5.9948e+19    2.1544e+16    4.78506125e-23     
   1.0000        5.9948e+19    3.5938e+16    4.78506125e-23     
   1.0000        5.9948e+19    5.9948e+16    4.78506125e-23     
   1.0000        5.9948e+19    1.0000e+17    4.78506125e-23     
   1.0000        1.0000e+20    1.0000e+15    4.44655871e-23     
   1.0000        1.0000e+20    1.6681e+15    4.44655871e-23     
   1.0000        1.0000e+20    2.7826e+15    4.44655871e-23     
   1.0000        1.0000e+20    4.6416e+15    4.44655871e-23     
   1.0000        1.0000e+20    7.7426e+15    4.44655871e-23     
   1.0000        1.0000e+20    1.2915e+16    4.44655871e-23     
   1.0000        1.0000e+20    2.1544e+16    4.44655871e-23     
   1.0000        1.0000e+20    3.5938e+16    4.44655871e-23     
   1.0000        1.0000e+20    5.9948e+16    4.44655871e-23     
   1.0000        1.0000e+20    1.0000e+17    4.44655871e-23     
   1.2915        1.0000e+18    1.0000e+15    6.10343250e-23     
   1.2915        1.0000e+18    1.6681e+15    6.10343250e-23     
   1.2915        1.0000e+18    2.7826e+15    6.10343250e-23     
   1.2915        1.0000e+18    4.6416e+15    6.10343250e-23     
   1.2915        1.0000e+18    7.7426e+15    6.10343250e-23     
   1.2915        1.0000e+18    1.2915e+16    6.10343250e-23     
   1.2915        1.0000e+18    2.1544e+16    6.10343250e-23     
   1.2915        1.0000e+18    3.5938e+16    6.10343250e-23     
   1.2915        1.0000e+18    5.9948e+16    6.10343250e-23     
   1.2915        1.0000e+18    1.0000e+17    6.10343250e-23     
   1.2915        1.6681e+18    1.0000e+15    5.90142664e-23     
   1.2915        1.6681e+18    1.6681e+15    5.90142664e-23     
   1.2915        1.6681e+18    2.7826e+15    5.90142664e-23     
   1.2915        1.6681e+18    4.6416e+15    5.90142664e-23     
   1.2915        1.6681e+18    7.7426e+15    5.90142664e-23     
   1.2915        1.6681e+18    1.2915e+16    5.90142664e-23     
   1.2915        1.6681e+18    2.1544e+16    5.90142664e-23     
   1.2915        1.6681e+18    3.5938e+16    5.90142664e-23     
   1.2915        1.6681e+18    5.9948e+16    5.90142664e-23     
   1.2915        1.6681e+18    1.0000e+17    5.90142664e-23     
   1.2915        2.7826e+18    1.0000e+15    5.67083100e-23     
   1.2915        2.7826e+18    1.6681e+15    5.67083100e-23     
   1.2915        2.7826e+18    2.7826e+15    5.67083100e-23     
   1.2915        2.7826e+18    4.6416e+15    5.67083100e-23     
   1.2915        2.7826e+18    7.7426e+15    5.67083100e-23     
   1.2915        2.7826e+18    1.2915e+16    5.67083100e-23     
   1.2915        2.7826e+18    2.1544e+16    5.67083100e-23     
   1.2915        2.7826e+18    3.5938e+16    5.67083100e-23     
   1.2915        2.7826e+18    5.9948e+16    5.67083100e-23     
   1.2915        2.7826e+18    1.0000e+17    5.67083100e-23     
   1.2915        4.6416e+18    1.0000e+15    5.41600877e-23     
   1.2915        4.6416e+18    1.6681e+15    5.41600877e-23     
   1.2915        4.6416e+18    2.7826e+15    5.41600877e-23     
   1.2915        4.6416e+18    4.6416e+15    5.41600877e-23     
   1.2915        4.6416e+18    7.7426e+15    5.41600877e-23     
   1.2915        4.6416e+18    1.2915e+16    5.41600877e-23     
   1.2915        4.6416e+18    2.1544e+16    5.41600877e-23     
   1.2915        4.6416e+18    3.5938e+16    5.41600877e-23     
   1.2915        4.6416e+18    5.9948e+16    5.41600877e-23     
   1.2915        4.6416e+18    1.0000e+17    5.41600877e-23     
   1.2915        7.7426e+18    1.0000e+15    5.14084928e-23     
   1.2915        7.7426e+18    1.6681e+15    5.14084928e-23     
   1.2915        7.7426e+18    2.7826e+15    5.14084928e-23     
   1.2915        7.7426e+18    4.6416e+15    5.14084928e-23     
   1.2915        7.7426e+18    7.7426e+15    5.14084928e-23     
   1.2915        7.7426e+18    1.2915e+16    5.14084928e-23     
   1.2915        7.7426e+18    2.1544e+16    5.14084928e-23     
   1.2915        7.7426e+18    3.5938e+16    5.14084928e-23     
   1.2915        7.7426e+18    5.9948e+16    5.14084928e-23     
   1.2915        7.7426e+18    1.0000e+17    5.14084928e-23     
   1.2915        1.2915e+19    1.0000e+15    4.84424456e-23     
   1.2915        1.2915e+19    1.6681e+15    4.84424456e-23     
   1.2915        1.2915e+19    2.7826e+15    4.84424456e-23     
   1.2915        1.2915e+19    4.6416e+15    4.84424456e-23     
   1.2915        1.2915e+19    7.7426e+15    4.84424456e-23     
   1.2915        1.2915e+19    1.2915e+16    4.84424456e-23     
   1.2915        1.2915e+19    2.1544e+16    4.84424456e-23     
   1.2915        1.2915e+19    3.5938e+16    4.84424456e-23     
   1.2915        1.2915e+19    5.9948e+16    4.84424456e-23     
   1.2915        1.2915e+19    1.0000e+17    4.84424456e-23     
   1.2915        2.1544e+19    1.0000e+15    4.52310637e-23     
   1.2915        2.1544e+19    1.6681e+15    4.52310637e-23     
   1.2915        2.1544e+19    2.7826e+15    4.52310637e-23     
   1.2915        2.1544e+19    4.6416e+15    4.52310637e-23     
   1.2915        2.1544e+19    7.7426e+15    4.52310637e-23     
   1.2915        2.1544e+19    1.2915e+16    4.52310637e-23     
   1.2915        2.1544e+19    2.1544e+16    4.52310637e-23     
   1.2915        2.1544e+19    3.5938e+16    4.52310637e-23     
   1.2915        2.1544e+19    5.9948e+16    4.52310637e-23     
   1.2915        2.1544e+19    1.0000e+17    4.52310637e-23     
   1.2915        3.5938e+19    1.0000e+15    4.18194626e-23     
   1.2915        3.5938e+19    1.6681e+15    4.18194626e-23     
   1.2915        3.5938e+19    2.7826e+15    4.18194626e-23     
   1.2915        3.5938e+19    4.6416e+15    4.18194626e-23     
   1.2915        3.5938e+19    7.7426e+15    4.18194626e-23     
   1.2915        3.5938e+19    1.2915e+16    4.18194626e-23     
   1.2915        3.5938e+19    2.1544e+16    4.18194626e-23     
   1.2915        3.5938e+19    3.5938e+16    4.18194626e-23     
   1.2915        3.5938e+19    5.9948e+16    4.18194626e-23     
   1.2915        3.5938e+19    1.0000e+17    4.18194626e-23     
   1.2915        5.9948e+19    1.0000e+15    3.83806768e-23     
   1.2915        5.9948e+19    1.6681e+15    3.83806768e-23     
   1.2915        5.9948e+19    2.7826e+15    3.83806768e-23     
   1.2915        5.9948e+19    4.6416e+15    3.83806768e-23     
   1.2915        5.9948e+19    7.7426e+15    3.83806768e-23     
   1.2915        5.9948e+19    1.2915e+16    3.83806768e-23     
   1.2915        5.9948e+19    2.1544e+16    3.83806768e-23     
   1.2915        5.9948e+19    3.5938e+16    3.83806768e-23     
   1.2915        5.9948e+19    5.9948e+16    3.83806768e-23     
   1.2915        5.9948e+19    1.0000e+17    3.83806768e-23     
   1.2915        1.0000e+20    1.0000e+15    3.51365655e-23     
   1.2915        1.0000e+20    1.6681e+15    3.51365655e-23     
   1.2915        1.0000e+20    2.7826e+15    3.51365655e-23     
   1.2915        1.0000e+20    4.6416e+15    3.51365655e-23     
   1.2915        1.0000e+20    7.7426e+15    3.51365655e-23     
   1.2915        1.0000e+20    1.2915e+16    3.51365655e-23     
   1.2915        1.0000e+20    2.1544e+16    3.51365655e-23     
   1.2915        1.0000e+20    3.5938e+16    3.51365655e-23     
   1.2915        1.0000e+20    5.9948e+16    3.51365655e-23     
   1.2915        1.0000e+20    1.0000e+17    3.51365655e-23     
   1.6681        1.0000e+18    1.0000e+15    5.24858865e-23     
   1.6681        1.0000e+18    1.6681e+15    5.24858865e-23     
   1.6681        1.0000e+18    2.7826e+15    5.24858865e-23     
   1.6681        1.0000e+18    4.6416e+15    5.24858865e-23     
   1.6681        1.0000e+18    7.7426e+15    5.24858865e-23     
   1.6681        1.0000e+18    1.2915e+16    5.24858865e-23     
   1.6681        1.0000e+18    2.1544e+16    5.24858865e-23     
   1.6681        1.0000e+18    3.5938e+16    5.24858865e-23     
   1.6681        1.0000e+18    5.9948e+16    5.24858865e-23     
   1.6681        1.0000e+18    1.0000e+17    5.24858865e-23     
   1.6681        1.6681e+18    1.0000e+15    5.04825203e-23     
   1.6681        1.6681e+18    1.6681e+15    5.04825203e-23     
   1.6681        1.6681e+18    2.7826e+15    5.04825203e-23     
   1.6681        1.6681e+18    4.6416e+15    5.04825203e-23     
   1.6681        1.6681e+18    7.7426e+15    5.04825203e-23     
   1.6681        1.6681e+18    1.2915e+16    5.04825203e-23     
   1.6681        1.6681e+18    2.1544e+16    5.04825203e-23     
   1.6681        1.6681e+18    3.5938e+16    5.04825203e-23     
   1.6681        1.6681e+18    5.9948e+16    5.04825203e-23     
   1.6681        1.6681e+18    1.0000e+17    5.04825203e-23     
   1.6681        2.7826e+18    1.0000e+15    4.82169759e-23     
   1.6681        2.7826e+18    1.6681e+15    4.82169759e-23     
   1.6681        2.7826e+18    2.7826e+15    4.82169759e-23     
   1.6681        2.7826e+18    4.6416e+15    4.82169759e-23     
   1.6681        2.7826e+18    7.7426e+15    4.82169759e-23     
   1.6681        2.7826e+18    1.2915e+16    4.82169759e-23     
   1.6681        2.7826e+18    2.1544e+16    4.82169759e-23     
   1.6681        2.7826e+18    3.5938e+16    4.82169759e-23     
   1.6681        2.7826e+18    5.9948e+16    4.82169759e-23     
   1.6681        2.7826e+18    1.0000e+17    4.82169759e-23     
   1.6681        4.6416e+18    1.0000e+15    4.57312788e-23     
   1.6681        4.6416e+18    1.6681e+15    4.57312788e-23     
   1.6681        4.6416e+18    2.7826e+15    4.57312788e-23     
   1.6681        4.6416e+18    4.6416e+15    4.57312788e-23     
   1.6681        4.6416e+18    7.7426e+15    4.57312788e-23     
   1.6681        4.6416e+18    1.2915e+16    4.57312788e-23     
   1.6681        4.6416e+18    2.1544e+16    4.57312788e-23     
   1.6681        4.6416e+18    3.5938e+16    4.57312788e-23     
   1.6681        4.6416e+18    5.9948e+16    4.57312788e-23     
   1.6681        4.6416e+18    1.0000e+17    4.57312788e-23     
   1.6681        7.7426e+18    1.0000e+15    4.30477742e-23     
   1.6681        7.7426e+18    1.6681e+15    4.30477742e-23     
   1.6681        7.7426e+18    2.7826e+15    4.30477742e-23     
   1.6681        7.7426e+18    4.6416e+15    4.30477742e-23     
   1.6681        7.7426e+18    7.7426e+15    4.30477742e-23     
   1.6681        7.7426e+18    1.2915e+16    4.30477742e-23     
   1.6681        7.7426e+18    2.1544e+16    4.30477742e-23     
   1.6681        7.7426e+18    3.5938e+16    4.30477742e-23     
   1.6681        7.7426e+18    5.9948e+16    4.30477742e-23     
   1.6681        7.7426e+18    1.0000e+17    4.30477742e-23     
   1.6681        1.2915e+19    1.0000e+15    4.01474957e-23     
   1.6681        1.2915e+19    1.6681e+15    4.01474957e-23     
   1.6681        1.2915e+19    2.7826e+15    4.01474957e-23     
   1.6681        1.2915e+19    4.6416e+15    4.01474957e-23     
   1.6681        1.2915e+19    7.7426e+15    4.01474957e-23     
   1.6681        1.2915e+19    1.2915e+16    4.01474957e-23     
   1.6681        1.2915e+19    2.1544e+16    4.01474957e-23     
   1.6681        1.2915e+19    3.5938e+16    4.01474957e-23     
   1.6681        1.2915e+19    5.9948e+16    4.01474957e-23     
   1.6681        1.2915e+19    1.0000e+17    4.01474957e-23     
   1.6681        2.1544e+19    1.0000e+15    3.70264216e-23     
   1.6681        2.1544e+19    1.6681e+15    3.70264216e-23     
   1.6681        2.1544e+19    2.7826e+15    3.70264216e-23     
   1.6681        2.1544e+19    4.6416e+15    3.70264216e-23     
   1.6681        2.1544e+19    7.7426e+15    3.70264216e-23     
   1.6681        2.1544e+19    1.2915e+16    3.70264216e-23     
   1.6681        2.1544e+19    2.1544e+16    3.70264216e-23     
   1.6681        2.1544e+19    3.5938e+16    3.70264216e-23     
   1.6681        2.1544e+19    5.9948e+16    3.70264216e-23     
   1.6681        2.1544e+19    1.0000e+17    3.70264216e-23     
   1.6681        3.5938e+19    1.0000e+15    3.37801094e-23     
   1.6681        3.5938e+19    1.6681e+15    3.37801094e-23     
   1.6681        3.5938e+19    2.7826e+15    3.37801094e-23     
   1.6681        3.5938e+19    4.6416e+15    3.37801094e-23     
   1.6681        3.5938e+19    7.7426e+15    3.37801094e-23     
   1.6681        3.5938e+19    1.2915e+16    3.37801094e-23     
   1.6681        3.5938e+19    2.1544e+16    3.37801094e-23     
   1.6681        3.5938e+19    3.5938e+16    3.37801094e-23     
   1.6681        3.5938e+19    5.9948e+16    3.37801094e-23     
   1.6681        3.5938e+19    1.0000e+17    3.37801094e-23     
   1.6681        5.9948e+19    1.0000e+15    3.06051395e-23     
   1.6681        5.9948e+19    1.6681e+15    3.06051395e-23     
   1.6681        5.9948e+19    2.7826e+15    3.06051395e-23     
   1.6681        5.9948e+19    4.6416e+15    3.06051395e-23     
   1.6681        5.9948e+19    7.7426e+15    3.06051395e-23     
   1.6681        5.9948e+19    1.2915e+16    3.06051395e-23     
   1.6681        5.9948e+19    2.1544e+16    3.06051395e-23     
   1.6681        5.9948e+19    3.5938e+16    3.06051395e-23     
   1.6681        5.9948e+19    5.9948e+16    3.06051395e-23     
   1.6681        5.9948e+19    1.0000e+17    3.06051395e-23     
   1.6681        1.0000e+20    1.0000e+15    2.76838714e-23     
   1.6681        1.0000e+20    1.6681e+15    2.76838714e-23     
   1.6681        1.0000e+20    2.7826e+15    2.76838714e-23     
   1.6681        1.0000e+20    4.6416e+15    2.76838714e-23     
   1.6681        1.0000e+20    7.7426e+15    2.76838714e-23     
   1.6681        1.0000e+20    1.2915e+16    2.76838714e-23     
   1.6681        1.0000e+20    2.1544e+16    2.76838714e-23     
   1.6681        1.0000e+20    3.5938e+16    2.76838714e-23     
   1.6681        1.0000e+20    5.9948e+16    2.76838714e-23     
   1.6681        1.0000e+20    1.0000e+17    2.76838714e-23     
   2.1544        1.0000e+18    1.0000e+15    4.44871932e-23     
   2.1544        1.0000e+18    1.6681e+15    4.44871932e-23     
   2.1544        1.0000e+18    2.7826e+15    4.44871932e-23     
   2.1544        1.0000e+18    4.6416e+15    4.44871932e-23     
   2.1544        1.0000e+18    7.7426e+15    4.44871932e-23     
   2.1544        1.0000e+18    1.2915e+16    4.44871932e-23     
   2.1544        1.0000e+18    2.1544e+16    4.44871932e-23     
   2.1544        1.0000e+18    3.5938e+16    4.44871932e-23     
   2.1544        1.0000e+18    5.9948e+16    4.44871932e-23     
   2.1544        1.0000e+18    1.0000e+17    4.44871932e-23     
   2.1544        1.6681e+18    1.0000e+15    4.25804803e-23     
   2.1544        1.6681e+18    1.6681e+15    4.25804803e-23     
   2.1544        1.6681e+18    2.7826e+15    4.25804803e-23     
   2.1544        1.6681e+18    4.6416e+15    4.25804803e-23     
   2.1544        1.6681e+18    7.7426e+15    4.25804803e-23     
   2.1544        1.6681e+18    1.2915e+16    4.25804803e-23     
   2.1544        1.6681e+18    2.1544e+16    4.25804803e-23     
   2.1544        1.6681e+18    3.5938e+16    4.25804803e-23     
   2.1544        1.6681e+18    5.9948e+16    4.25804803e-23     
   2.1544        1.6681e+18    1.0000e+17    4.25804803e-23     
   2.1544        2.7826e+18    1.0000e+15    4.04423316e-23     
   2.1544        2.7826e+18    1.6681e+15    4.04423316e-23     
   2.1544        2.7826e+18    2.7826e+15    4.04423316e-23     
   2.1544        2.7826e+18    4.6416e+15    4.04423316e-23     
   2.1544        2.7826e+18    7.7426e+15    4.04423316e-23     
   2.1544        2.7826e+18    1.2915e+16    4.04423316e-23     
   2.1544        2.7826e+18    2.1544e+16    4.04423316e-23     
   2.1544        2.7826e+18    3.5938e+16    4.04423316e-23     
   2.1544        2.7826e+18    5.9948e+16    4.04423316e-23     
   2.1544        2.7826e+18    1.0000e+17    4.04423316e-23     
   2.1544        4.6416e+18    1.0000e+15    3.81100730e-23     
   2.1544        4.6416e+18    1.6681e+15    3.81100730e-23     
   2.1544        4.6416e+18    2.7826e+15    3.81100730e-23     
   2.1544        4.6416e+18    4.6416e+15    3.81100730e-23     
   2.1544        4.6416e+18    7.7426e+15    3.81100730e-23     
   2.1544        4.6416e+18    1.2915e+16    3.81100730e-23     
   2.1544        4.6416e+18    2.1544e+16    3.81100730e-23     
   2.1544        4.6416e+18    3.5938e+16    3.81100730e-23     
   2.1544        4.6416e+18    5.9948e+16    3.81100730e-23     
   2.1544        4.6416e+18    1.0000e+17    3.81100730e-23     
   2.1544        7.7426e+18    1.0000e+15    3.55951786e-23     
   2.1544        7.7426e+18    1.6681e+15    3.55951786e-23     
   2.1544        7.7426e+18    2.7826e+15    3.55951786e-23     
   2.1544        7.7426e+18    4.6416e+15    3.55951786e-23     
   2.1544        7.7426e+18    7.7426e+15    3.55951786e-23     
   2.1544        7.7426e+18    1.2915e+16    3.55951786e-23     
   2.1544        7.7426e+18    2.1544e+16    3.55951786e-23     
   2.1544        7.7426e+18    3.5938e+16    3.55951786e-23     
   2.1544        7.7426e+18    5.9948e+16    3.55951786e-23     
   2.1544        7.7426e+18    1.0000e+17    3.55951786e-23     
   2.1544        1.2915e+19    1.0000e+15    3.28831371e-23     
   2.1544        1.2915e+19    1.6681e+15    3.28831371e-23     
   2.1544        1.2915e+19    2.7826e+15    3.28831371e-23     
   2.1544        1.2915e+19    4.6416e+15    3.28831371e-23     
   2.1544        1.2915e+19    7.7426e+15    3.28831371e-23     
   2.1544        1.2915e+19    1.2915e+16    3.28831371e-23     
   2.1544        1.2915e+19    2.1544e+16    3.28831371e-23     
   2.1544        1.2915e+19    3.5938e+16    3.28831371e-23     
   2.1544        1.2915e+19    5.9948e+16    3.28831371e-23     
   2.1544        1.2915e+19    1.0000e+17    3.28831371e-23     
   2.1544        2.1544e+19    1.0000e+15    2.99990371e-23     
   2.1544        2.1544e+19    1.6681e+15    2.99990371e-23     
   2.1544        2.1544e+19    2.7826e+15    2.99990371e-23     
   2.1544        2.1544e+19    4.6416e+15    2.99990371e-23     
   2.1544        2.1544e+19    7.7426e+15    2.99990371e-23     
   2.1544        2.1544e+19    1.2915e+16    2.99990371e-23     
   2.1544        2.1544e+19    2.1544e+16    2.99990371e-23     
   2.1544        2.1544e+19    3.5938e+16    2.99990371e-23     
   2.1544        2.1544e+19    5.9948e+16    2.99990371e-23     
   2.1544        2.1544e+19    1.0000e+17    2.99990371e-23     
   2.1544        3.5938e+19    1.0000e+15    2.70668251e-23     
   2.1544        3.5938e+19    1.6681e+15    2.70668251e-23     
   2.1544        3.5938e+19    2.7826e+15    2.70668251e-23     
   2.1544        3.5938e+19    4.6416e+15    2.70668251e-23     
   2.1544        3.5938e+19    7.7426e+15    2.70668251e-23     
   2.1544        3.5938e+19    1.2915e+16    2.70668251e-23     
   2.1544        3.5938e+19    2.1544e+16    2.70668251e-23     
   2.1544        3.5938e+19    3.5938e+16    2.70668251e-23     
   2.1544        3.5938e+19    5.9948e+16    2.70668251e-23     
   2.1544        3.5938e+19    1.0000e+17    2.70668251e-23     
   2.1544        5.9948e+19    1.0000e+15    2.42712041e-23     
   2.1544        5.9948e+19    1.6681e+15    2.42712041e-23     
   2.1544        5.9948e+19    2.7826e+15    2.42712041e-23     
   2.1544        5.9948e+19    4.6416e+15    2.42712041e-23     
   2.1544        5.9948e+19    7.7426e+15    2.42712041e-23     
   2.1544        5.9948e+19    1.2915e+16    2.42712041e-23     
   2.1544        5.9948e+19    2.1544e+16    2.42712041e-23     
   2.1544        5.9948e+19    3.5938e+16    2.42712041e-23     
   2.1544        5.9948e+19    5.9948e+16    2.42712041e-23     
   2.1544        5.9948e+19    1.0000e+17    2.42712041e-23     
   2.1544        1.0000e+20    1.0000e+15    2.17379767e-23     
   2.1544        1.0000e+20    1.6681e+15    2.17379767e-23     
   2.1544        1.0000e+20    2.7826e+15    2.17379767e-23     
   2.1544        1.0000e+20    4.6416e+15    2.17379767e-23     
   2.1544        1.0000e+20    7.7426e+15    2.17379767e-23     
   2.1544        1.0000e+20    1.2915e+16    2.17379767e-23     
   2.1544        1.0000e+20    2.1544e+16    2.17379767e-23     
   2.1544        1.0000e+20    3.5938e+16    2.17379767e-23     
   2.1544        1.0000e+20    5.9948e+16    2.17379767e-23     
   2.1544        1.0000e+20    1.0000e+17    2.17379767e-23     
   2.7826        1.0000e+18    1.0000e+15    3.71696437e-23     
   2.7826        1.0000e+18    1.6681e+15    3.71696437e-23     
   2.7826        1.0000e+18    2.7826e+15    3.71696437e-23     
   2.7826        1.0000e+18    4.6416e+15    3.71696437e-23     
   2.7826        1.0000e+18    7.7426e+15    3.71696437e-23     
   2.7826        1.0000e+18    1.2915e+16    3.71696437e-23     
   2.7826        1.0000e+18    2.1544e+16    3.71696437e-23     
   2.7826        1.0000e+18    3.5938e+16    3.71696437e-23     
   2.7826        1.0000e+18    5.9948e+16    3.71696437e-23     
   2.7826        1.0000e+18    1.0000e+17    3.71696437e-23     
   2.7826        1.6681e+18    1.0000e+15    3.54250521e-23     
   2.7826        1.6681e+18    1.6681e+15    3.54250521e-23     
   2.7826        1.6681e+18    2.7826e+15    3.54250521e-23     
   2.7826        1.6681e+18    4.6416e+15    3.54250521e-23     
   2.7826        1.6681e+18    7.7426e+15    3.54250521e-23     
   2.7826        1.6681e+18    1.2915e+16    3.54250521e-23     
   2.7826        1.6681e+18    2.1544e+16    3.54250521e-23     
   2.7826        1.6681e+18    3.5938e+16    3.54250521e-23     
   2.7826        1.6681e+18    5.9948e+16    3.54250521e-23     
   2.7826        1.6681e+18    1.0000e+17    3.54250521e-23     
   2.7826        2.7826e+18    1.0000e+15    3.34823607e-23     
   2.7826        2.7826e+18    1.6681e+15    3.34823607e-23     
   2.7826        2.7826e+18    2.7826e+15    3.34823607e-23     
   2.7826        2.7826e+18    4.6416e+15    3.34823607e-23     
   2.7826        2.7826e+18    7.7426e+15    3.34823607e-23     
   2.7826        2.7826e+18    1.2915e+16    3.34823607e-23     
   2.7826        2.7826e+18    2.1544e+16    3.34823607e-23     
   2.7826        2.7826e+18    3.5938e+16    3.34823607e-23     
   2.7826        2.7826e+18    5.9948e+16    3.34823607e-23     
   2.7826        2.7826e+18    1.0000e+17    3.34823607e-23     
   2.7826        4.6416e+18    1.0000e+15    3.13730110e-23     
   2.7826        4.6416e+18    1.6681e+15    3.13730110e-23     
   2.7826        4.6416e+18    2.7826e+15    3.13730110e-23     
   2.7826        4.6416e+18    4.6416e+15    3.13730110e-23     
   2.7826        4.6416e+18    7.7426e+15    3.13730110e-23     
   2.7826        4.6416e+18    1.2915e+16    3.13730110e-23     
   2.7826        4.6416e+18    2.1544e+16    3.13730110e-23     
   2.7826        4.6416e+18    3.5938e+16    3.13730110e-23     
   2.7826        4.6416e+18    5.9948e+16    3.13730110e-23     
   2.7826        4.6416e+18    1.0000e+17    3.13730110e-23     
   2.7826        7.7426e+18    1.0000e+15    2.91029458e-23     
   2.7826        7.7426e+18    1.6681e+15    2.91029458e-23     
   2.7826        7.7426e+18    2.7826e+15    2.91029458e-23     
   2.7826        7.7426e+18    4.6416e+15    2.91029458e-23     
   2.7826        7.7426e+18    7.7426e+15    2.91029458e-23     
   2.7826        7.7426e+18    1.2915e+16    2.91029458e-23     
   2.7826        7.7426e+18    2.1544e+16    2.91029458e-23     
   2.7826        7.7426e+18    3.5938e+16    2.91029458e-23     
   2.7826        7.7426e+18    5.9948e+16    2.91029458e-23     
   2.7826        7.7426e+18    1.0000e+17    2.91029458e-23     
   2.7826        1.2915e+19    1.0000e+15    2.66671077e-23     
   2.7826        1.2915e+19    1.6681e+15    2.66671077e-23     
   2.7826        1.2915e+19    2.7826e+15    2.66671077e-23     
   2.7826        1.2915e+19    4.6416e+15    2.66671077e-23     
   2.7826        1.2915e+19    7.7426e+15    2.66671077e-23     
   2.7826        1.2915e+19    1.2915e+16    2.66671077e-23     
   2.7826        1.2915e+19    2.1544e+16    2.66671077e-23     
   2.7826        1.2915e+19    3.5938e+16    2.66671077e-23     
   2.7826        1.2915e+19    5.9948e+16    2.66671077e-23     
   2.7826        1.2915e+19    1.0000e+17    2.66671077e-23     
   2.7826        2.1544e+19    1.0000e+15    2.41115754e-23     
   2.7826        2.1544e+19    1.6681e+15    2.41115754e-23     
   2.7826        2.1544e+19    2.7826e+15    2.41115754e-23     
   2.7826        2.1544e+19    4.6416e+15    2.41115754e-23     
   2.7826        2.1544e+19    7.7426e+15    2.41115754e-23     
   2.7826        2.1544e+19    1.2915e+16    2.41115754e-23     
   2.7826        2.1544e+19    2.1544e+16    2.41115754e-23     
   2.7826        2.1544e+19    3.5938e+16    2.41115754e-23     
   2.7826        2.1544e+19    5.9948e+16    2.41115754e-23     
   2.7826        2.1544e+19    1.0000e+17    2.41115754e-23     
   2.7826        3.5938e+19    1.0000e+15    2.15659041e-23     
   2.7826        3.5938e+19    1.6681e+15    2.15659041e-23     
   2.7826        3.5938e+19    2.7826e+15    2.15659041e-23     
   2.7826        3.5938e+19    4.6416e+15    2.15659041e-23     
   2.7826        3.5938e+19    7.7426e+15    2.15659041e-23     
   2.7826        3.5938e+19    1.2915e+16    2.15659041e-23     
   2.7826        3.5938e+19    2.1544e+16    2.15659041e-23     
   2.7826        3.5938e+19    3.5938e+16    2.15659041e-23     
   2.7826        3.5938e+19    5.9948e+16    2.15659041e-23     
   2.7826        3.5938e+19    1.0000e+17    2.15659041e-23     
   2.7826        5.9948e+19    1.0000e+15    1.91837783e-23     
   2.7826        5.9948e+19    1.6681e+15    1.91837783e-23     
   2.7826        5.9948e+19    2.7826e+15    1.91837783e-23     
   2.7826        5.9948e+19    4.6416e+15    1.91837783e-23     
   2.7826        5.9948e+19    7.7426e+15    1.91837783e-23     
   2.7826        5.9948e+19    1.2915e+16    1.91837783e-23     
   2.7826        5.9948e+19    2.1544e+16    1.91837783e-23     
   2.7826        5.9948e+19    3.5938e+16    1.91837783e-23     
   2.7826        5.9948e+19    5.9948e+16    1.91837783e-23     
   2.7826        5.9948e+19    1.0000e+17    1.91837783e-23     
   2.7826        1.0000e+20    1.0000e+15    1.70388390e-23     
   2.7826        1.0000e+20    1.6681e+15    1.70388390e-23     
   2.7826        1.0000e+20    2.7826e+15    1.70388390e-23     
   2.7826        1.0000e+20    4.6416e+15    1.70388390e-23     
   2.7826        1.0000e+20    7.7426e+15    1.70388390e-23     
   2.7826        1.0000e+20    1.2915e+16    1.70388390e-23     
   2.7826        1.0000e+20    2.1544e+16    1.70388390e-23     
   2.7826        1.0000e+20    3.5938e+16    1.70388390e-23     
   2.7826        1.0000e+20    5.9948e+16    1.70388390e-23     
   2.7826        1.0000e+20    1.0000e+17    1.70388390e-23     
   3.5938        1.0000e+18    1.0000e+15    3.08145675e-23     
   3.5938        1.0000e+18    1.6681e+15    3.08145675e-23     
   3.5938        1.0000e+18    2.7826e+15    3.08145675e-23     
   3.5938        1.0000e+18    4.6416e+15    3.08145675e-23     
   3.5938        1.0000e+18    7.7426e+15    3.08145675e-23     
   3.5938        1.0000e+18    1.2915e+16    3.08145675e-23     
   3.5938        1.0000e+18    2.1544e+16    3.08145675e-23     
   3.5938        1.0000e+18    3.5938e+16    3.08145675e-23     
   3.5938        1.0000e+18    5.9948e+16    3.08145675e-23     
   3.5938        1.0000e+18    1.0000e+17    3.08145675e-23     
   3.5938        1.6681e+18    1.0000e+15    2.92755610e-23     
   3.5938        1.6681e+18    1.6681e+15    2.92755610e-23     
   3.5938        1.6681e+18    2.7826e+15    2.92755610e-23     
   3.5938        1.6681e+18    4.6416e+15    2.92755610e-23     
   3.5938        1.6681e+18    7.7426e+15    2.92755610e-23     
   3.5938        1.6681e+18    1.2915e+16    2.92755610e-23     
   3.5938        1.6681e+18    2.1544e+16    2.92755610e-23     
   3.5938        1.6681e+18    3.5938e+16    2.92755610e-23     
   3.5938        1.6681e+18    5.9948e+16    2.92755610e-23     
   3.5938        1.6681e+18    1.0000e+17    2.92755610e-23     
   3.5938        2.7826e+18    1.0000e+15    2.75709010e-23     
   3.5938        2.7826e+18    1.6681e+15    2.75709010e-23     
   3.5938        2.7826e+18    2.7826e+15    2.75709010e-23     
   3.5938        2.7826e+18    4.6416e+15    2.75709010e-23     
   3.5938        2.7826e+18    7.7426e+15    2.75709010e-23     
   3.5938        2.7826e+18    1.2915e+16    2.75709010e-23     
   3.5938        2.7826e+18    2.1544e+16    2.75709010e-23     
   3.5938        2.7826e+18    3.5938e+16    2.75709010e-23     
   3.5938        2.7826e+18    5.9948e+16    2.75709010e-23     
   3.5938        2.7826e+18    1.0000e+17    2.75709010e-23     
   3.5938        4.6416e+18    1.0000e+15    2.57261669e-23     
   3.5938        4.6416e+18    1.6681e+15    2.57261669e-23     
   3.5938        4.6416e+18    2.7826e+15    2.57261669e-23     
   3.5938        4.6416e+18    4.6416e+15    2.57261669e-23     
   3.5938        4.6416e+18    7.7426e+15    2.57261669e-23     
   3.5938        4.6416e+18    1.2915e+16    2.57261669e-23     
   3.5938        4.6416e+18    2.1544e+16    2.57261669e-23     
   3.5938        4.6416e+18    3.5938e+16    2.57261669e-23     
   3.5938        4.6416e+18    5.9948e+16    2.57261669e-23     
   3.5938        4.6416e+18    1.0000e+17    2.57261669e-23     
   3.5938        7.7426e+18    1.0000e+15    2.37451915e-23     
   3.5938        7.7426e+18    1.6681e+15    2.37451915e-23     
   3.5938        7.7426e+18    2.7826e+15    2.37451915e-23     
   3.5938        7.7426e+18    4.6416e+15    2.37451915e-23     
   3.5938        7.7426e+18    7.7426e+15    2.37451915e-23     
   3.5938        7.7426e+18    1.2915e+16    2.37451915e-23     
   3.5938        7.7426e+18    2.1544e+16    2.37451915e-23     
   3.5938        7.7426e+18    3.5938e+16    2.37451915e-23     
   3.5938        7.7426e+18    5.9948e+16    2.37451915e-23     
   3.5938        7.7426e+18    1.0000e+17    2.37451915e-23     
   3.5938        1.2915e+19    1.0000e+15    2.16316938e-23     
   3.5938        1.2915e+19    1.6681e+15    2.16316938e-23     
   3.5938        1.2915e+19    2.7826e+15    2.16316938e-23     
   3.5938        1.2915e+19    4.6416e+15    2.16316938e-23     
   3.5938        1.2915e+19    7.7426e+15    2.16316938e-23     
   3.5938        1.2915e+19    1.2915e+16    2.16316938e-23     
   3.5938        1.2915e+19    2.1544e+16    2.16316938e-23     
   3.5938        1.2915e+19    3.5938e+16    2.16316938e-23     
   3.5938        1.2915e+19    5.9948e+16    2.16316938e-23     
   3.5938        1.2915e+19    1.0000e+17    2.16316938e-23     
   3.5938        2.1544e+19    1.0000e+15    1.94413657e-23     
   3.5938        2.1544e+19    1.6681e+15    1.94413657e-23     
   3.5938        2.1544e+19    2.7826e+15    1.94413657e-23     
   3.5938        2.1544e+19    4.6416e+15    1.94413657e-23     
   3.5938        2.1544e+19    7.7426e+15    1.94413657e-23     
   3.5938        2.1544e+19    1.2915e+16    1.94413657e-23     
   3.5938        2.1544e+19    2.1544e+16    1.94413657e-23     
   3.5938        2.1544e+19    3.5938e+16    1.94413657e-23     
   3.5938        2.1544e+19    5.9948e+16    1.94413657e-23     
   3.5938        2.1544e+19    1.0000e+17    1.94413657e-23     
   3.5938        3.5938e+19    1.0000e+15    1.72931865e-23     
   3.5938        3.5938e+19    1.6681e+15    1.72931865e-23     
   3.5938        3.5938e+19    2.7826e+15    1.72931865e-23     
   3.5938        3.5938e+19    4.6416e+15    1.72931865e-23     
   3.5938        3.5938e+19    7.7426e+15    1.72931865e-23     
   3.5938        3.5938e+19    1.2915e+16    1.72931865e-23     
   3.5938        3.5938e+19    2.1544e+16    1.72931865e-23     
   3.5938        3.5938e+19    3.5938e+16    1.72931865e-23     
   3.5938        3.5938e+19    5.9948e+16    1.72931865e-23     
   3.5938        3.5938e+19    1.0000e+17    1.72931865e-23     
   3.5938        5.9948e+19    1.0000e+15    1.53046275e-23     
   3.5938        5.9948e+19    1.6681e+15    1.53046275e-23     
   3.5938        5.9948e+19    2.7826e+15    1.53046275e-23     
   3.5938        5.9948e+19    4.6416e+15    1.53046275e-23     
   3.5938        5.9948e+19    7.7426e+15    1.53046275e-23     
   3.5938        5.9948e+19    1.2915e+16    1.53046275e-23     
   3.5938        5.9948e+19    2.1544e+16    1.53046275e-23     
   3.5938        5.9948e+19    3.5938e+16    1.53046275e-23     
   3.5938        5.9948e+19    5.9948e+16    1.53046275e-23     
   3.5938        5.9948e+19    1.0000e+17    1.53046275e-23     
   3.5938        1.0000e+20    1.0000e+15    1.35100182e-23     
   3.5938        1.0000e+20    1.6681e+15    1.35100182e-23     
   3.5938        1.0000e+20    2.7826e+15    1.35100182e-23     
   3.5938        1.0000e+20    4.6416e+15    1.35100182e-23     
   3.5938        1.0000e+20    7.7426e+15    1.35100182e-23     
   3.5938        1.0000e+20    1.2915e+16    1.35100182e-23     
   3.5938        1.0000e+20    2.1544e+16    1.35100182e-23     
   3.5938        1.0000e+20    3.5938e+16    1.35100182e-23     
   3.5938        1.0000e+20    5.9948e+16    1.35100182e-23     
   3.5938        1.0000e+20    1.0000e+17    1.35100182e-23     
   4.6416        1.0000e+18    1.0000e+15    2.58369514e-23     
   4.6416        1.0000e+18    1.6681e+15    2.58369514e-23     
   4.6416        1.0000e+18    2.7826e+15    2.58369514e-23     
   4.6416        1.0000e+18    4.6416e+15    2.58369514e-23     
   4.6416        1.0000e+18    7.7426e+15    2.58369514e-23     
   4.6416        1.0000e+18    1.2915e+16    2.58369514e-23     
   4.6416        1.0000e+18    2.1544e+16    2.58369514e-23     
   4.6416        1.0000e+18    3.5938e+16    2.58369514e-23     
   4.6416        1.0000e+18    5.9948e+16    2.58369514e-23     
   4.6416        1.0000e+18    1.0000e+17    2.58369514e-23     
   4.6416        1.6681e+18    1.0000e+15    2.45203124e-23     
   4.6416        1.6681e+18    1.6681e+15    2.45203124e-23     
   4.6416        1.6681e+18    2.7826e+15    2.45203124e-23     
   4.6416        1.6681e+18    4.6416e+15    2.45203124e-23     
   4.6416        1.6681e+18    7.7426e+15    2.45203124e-23     
   4.6416        1.6681e+18    1.2915e+16    2.45203124e-23     
   4.6416        1.6681e+18    2.1544e+16    2.45203124e-23     
   4.6416        1.6681e+18    3.5938e+16    2.45203124e-23     
   4.6416        1.6681e+18    5.9948e+16    2.45203124e-23     
   4.6416        1.6681e+18    1.0000e+17    2.45203124e-23     
   4.6416        2.7826e+18    1.0000e+15    2.30668392e-23     
   4.6416        2.7826e+18    1.6681e+15    2.30668392e-23     
   4.6416        2.7826e+18    2.7826e+15    2.30668392e-23     
   4.6416        2.7826e+18    4.6416e+15    2.30668392e-23     
   4.6416        2.7826e+18    7.7426e+15    2.30668392e-23     
   4.6416        2.7826e+18    1.2915e+16    2.30668392e-23     
   4.6416        2.7826e+18    2.1544e+16    2.30668392e-23     
   4.6416        2.7826e+18    3.5938e+16    2.30668392e-23     
   4.6416        2.7826e+18    5.9948e+16    2.30668392e-23     
   4.6416        2.7826e+18    1.0000e+17    2.30668392e-23     
   4.6416        4.6416e+18    1.0000e+15    2.14966536e-23     
   4.6416        4.6416e+18    1.6681e+15    2.14966536e-23     
   4.6416        4.6416e+18    2.7826e+15    2.14966536e-23     
   4.6416        4.6416e+18    4.6416e+15    2.14966536e-23     
   4.6416        4.6416e+18    7.7426e+15    2.14966536e-23     
   4.6416        4.6416e+18    1.2915e+16    2.14966536e-23     
   4.6416        4.6416e+18    2.1544e+16    2.14966536e-23     
   4.6416        4.6416e+18    3.5938e+16    2.14966536e-23     
   4.6416        4.6416e+18    5.9948e+16    2.14966536e-23     
   4.6416        4.6416e+18    1.0000e+17    2.14966536e-23     
   4.6416        7.7426e+18    1.0000e+15    1.98127042e-23     
   4.6416        7.7426e+18    1.6681e+15    1.98127042e-23     
   4.6416        7.7426e+18    2.7826e+15    1.98127042e-23     
   4.6416        7.7426e+18    4.6416e+15    1.98127042e-23     
   4.6416        7.7426e+18    7.7426e+15    1.98127042e-23     
   4.6416        7.7426e+18    1.2915e+16    1.98127042e-23     
   4.6416        7.7426e+18    2.1544e+16    1.98127042e-23     
   4.6416        7.7426e+18    3.5938e+16    1.98127042e-23     
   4.6416        7.7426e+18    5.9948e+16    1.98127042e-23     
   4.6416        7.7426e+18    1.0000e+17    1.98127042e-23     
   4.6416        1.2915e+19    1.0000e+15    1.80238044e-23     
   4.6416        1.2915e+19    1.6681e+15    1.80238044e-23     
   4.6416        1.2915e+19    2.7826e+15    1.80238044e-23     
   4.6416        1.2915e+19    4.6416e+15    1.80238044e-23     
   4.6416        1.2915e+19    7.7426e+15    1.80238044e-23     
   4.6416        1.2915e+19    1.2915e+16    1.80238044e-23     
   4.6416        1.2915e+19    2.1544e+16    1.80238044e-23     
   4.6416        1.2915e+19    3.5938e+16    1.80238044e-23     
   4.6416        1.2915e+19    5.9948e+16    1.80238044e-23     
   4.6416        1.2915e+19    1.0000e+17    1.80238044e-23     
   4.6416        2.1544e+19    1.0000e+15    1.61851513e-23     
   4.6416        2.1544e+19    1.6681e+15    1.61851513e-23     
   4.6416        2.1544e+19    2.7826e+15    1.61851513e-23     
   4.6416        2.1544e+19    4.6416e+15    1.61851513e-23     
   4.6416        2.1544e+19    7.7426e+15    1.61851513e-23     
   4.6416        2.1544e+19    1.2915e+16    1.61851513e-23     
   4.6416        2.1544e+19    2.1544e+16    1.61851513e-23     
   4.6416        2.1544e+19    3.5938e+16    1.61851513e-23     
   4.6416        2.1544e+19    5.9948e+16    1.61851513e-23     
   4.6416        2.1544e+19    1.0000e+17    1.61851513e-23     
   4.6416        3.5938e+19    1.0000e+15    1.43963964e-23     
   4.6416        3.5938e+19    1.6681e+15    1.43963964e-23     
   4.6416        3.5938e+19    2.7826e+15    1.43963964e-23     
   4.6416        3.5938e+19    4.6416e+15    1.43963964e-23     
   4.6416        3.5938e+19    7.7426e+15    1.43963964e-23     
   4.6416        3.5938e+19    1.2915e+16    1.43963964e-23     
   4.6416        3.5938e+19    2.1544e+16    1.43963964e-23     
   4.6416        3.5938e+19    3.5938e+16    1.43963964e-23     
   4.6416        3.5938e+19    5.9948e+16    1.43963964e-23     
   4.6416        3.5938e+19    1.0000e+17    1.43963964e-23     
   4.6416        5.9948e+19    1.0000e+15    1.27409431e-23     
   4.6416        5.9948e+19    1.6681e+15    1.27409431e-23     
   4.6416        5.9948e+19    2.7826e+15    1.27409431e-23     
   4.6416        5.9948e+19    4.6416e+15    1.27409431e-23     
   4.6416        5.9948e+19    7.7426e+15    1.27409431e-23     
   4.6416        5.9948e+19    1.2915e+16    1.27409431e-23     
   4.6416        5.9948e+19    2.1544e+16    1.27409431e-23     
   4.6416        5.9948e+19    3.5938e+16    1.27409431e-23     
   4.6416        5.9948e+19    5.9948e+16    1.27409431e-23     
   4.6416        5.9948e+19    1.0000e+17    1.27409431e-23     
   4.6416        1.0000e+20    1.0000e+15    1.12257406e-23     
   4.6416        1.0000e+20    1.6681e+15    1.12257406e-23     
   4.6416        1.0000e+20    2.7826e+15    1.12257406e-23     
   4.6416        1.0000e+20    4.6416e+15    1.12257406e-23     
   4.6416        1.0000e+20    7.7426e+15    1.12257406e-23     
   4.6416        1.0000e+20    1.2915e+16    1.12257406e-23     
   4.6416        1.0000e+20    2.1544e+16    1.12257406e-23     
   4.6416        1.0000e+20    3.5938e+16    1.12257406e-23     
   4.6416        1.0000e+20    5.9948e+16    1.12257406e-23     
   4.6416        1.0000e+20    1.0000e+17    1.12257406e-23     
   5.9948        1.0000e+18    1.0000e+15    2.26175530e-23     
   5.9948        1.0000e+18    1.6681e+15    2.26175530e-23     
   5.9948        1.0000e+18    2.7826e+15    2.26175530e-23     
   5.9948        1.0000e+18    4.6416e+15    2.26175530e-23     
   5.9948        1.0000e+18    7.7426e+15    2.26175530e-23     
   5.9948        1.0000e+18    1.2915e+16    2.26175530e-23     
   5.9948        1.0000e+18    2.1544e+16    2.26175530e-23     
   5.9948        1.0000e+18    3.5938e+16    2.26175530e-23     
   5.9948        1.0000e+18    5.9948e+16    2.26175530e-23     
   5.9948        1.0000e+18    1.0000e+17    2.26175530e-23     
   5.9948        1.6681e+18    1.0000e+15    2.15143352e-23     
   5.9948        1.6681e+18    1.6681e+15    2.15143352e-23     
   5.9948        1.6681e+18    2.7826e+15    2.15143352e-23     
   5.9948        1.6681e+18    4.6416e+15    2.15143352e-23     
   5.9948        1.6681e+18    7.7426e+15    2.15143352e-23     
   5.9948        1.6681e+18    1.2915e+16    2.15143352e-23     
   5.9948        1.6681e+18    2.1544e+16    2.15143352e-23     
   5.9948        1.6681e+18    3.5938e+16    2.15143352e-23     
   5.9948        1.6681e+18    5.9948e+16    2.15143352e-23     
   5.9948        1.6681e+18    1.0000e+17    2.15143352e-23     
   5.9948        2.7826e+18    1.0000e+15    2.02975493e-23     
   5.9948        2.7826e+18    1.6681e+15    2.02975493e-23     
   5.9948        2.7826e+18    2.7826e+15    2.02975493e-23     
   5.9948        2.7826e+18    4.6416e+15    2.02975493e-23     
   5.9948        2.7826e+18    7.7426e+15    2.02975493e-23     
   5.9948        2.7826e+18    1.2915e+16    2.02975493e-23     
   5.9948        2.7826e+18    2.1544e+16    2.02975493e-23     
   5.9948        2.7826e+18    3.5938e+16    2.02975493e-23     
   5.9948        2.7826e+18    5.9948e+16    2.02975493e-23     
   5.9948        2.7826e+18    1.0000e+17    2.02975493e-23     
   5.9948        4.6416e+18    1.0000e+15    1.89821158e-23     
   5.9948        4.6416e+18    1.6681e+15    1.89821158e-23     
   5.9948        4.6416e+18    2.7826e+15    1.89821158e-23     
   5.9948        4.6416e+18    4.6416e+15    1.89821158e-23     
   5.9948        4.6416e+18    7.7426e+15    1.89821158e-23     
   5.9948        4.6416e+18    1.2915e+16    1.89821158e-23     
   5.9948        4.6416e+18    2.1544e+16    1.89821158e-23     
   5.9948        4.6416e+18    3.5938e+16    1.89821158e-23     
   5.9948        4.6416e+18    5.9948e+16    1.89821158e-23     
   5.9948        4.6416e+18    1.0000e+17    1.89821158e-23     
   5.9948        7.7426e+18    1.0000e+15    1.75696588e-23     
   5.9948        7.7426e+18    1.6681e+15    1.75696588e-23     
   5.9948        7.7426e+18    2.7826e+15    1.75696588e-23     
   5.9948        7.7426e+18    4.6416e+15    1.75696588e-23     
   5.9948        7.7426e+18    7.7426e+15    1.75696588e-23     
   5.9948        7.7426e+18    1.2915e+16    1.75696588e-23     
   5.9948        7.7426e+18    2.1544e+16    1.75696588e-23     
   5.9948        7.7426e+18    3.5938e+16    1.75696588e-23     
   5.9948        7.7426e+18    5.9948e+16    1.75696588e-23     
   5.9948        7.7426e+18    1.0000e+17    1.75696588e-23     
   5.9948        1.2915e+19    1.0000e+15    1.60696085e-23     
   5.9948        1.2915e+19    1.6681e+15    1.60696085e-23     
   5.9948        1.2915e+19    2.7826e+15    1.60696085e-23     
   5.9948        1.2915e+19    4.6416e+15    1.60696085e-23     
   5.9948        1.2915e+19    7.7426e+15    1.60696085e-23     
   5.9948        1.2915e+19    1.2915e+16    1.60696085e-23     
   5.9948        1.2915e+19    2.1544e+16    1.60696085e-23     
   5.9948        1.2915e+19    3.5938e+16    1.60696085e-23     
   5.9948        1.2915e+19    5.9948e+16    1.60696085e-23     
   5.9948        1.2915e+19    1.0000e+17    1.60696085e-23     
   5.9948        2.1544e+19    1.0000e+15    1.45294495e-23     
   5.9948        2.1544e+19    1.6681e+15    1.45294495e-23     
   5.9948        2.1544e+19    2.7826e+15    1.45294495e-23     
   5.9948        2.1544e+19    4.6416e+15    1.45294495e-23     
   5.9948        2.1544e+19    7.7426e+15    1.45294495e-23     
   5.9948        2.1544e+19    1.2915e+16    1.45294495e-23     
   5.9948        2.1544e+19    2.1544e+16    1.45294495e-23     
   5.9948        2.1544e+19    3.5938e+16    1.45294495e-23     
   5.9948        2.1544e+19    5.9948e+16    1.45294495e-23     
   5.9948        2.1544e+19    1.0000e+17    1.45294495e-23     
   5.9948        3.5938e+19    1.0000e+15    1.30259049e-23     
   5.9948        3.5938e+19    1.6681e+15    1.30259049e-23     
   5.9948        3.5938e+19    2.7826e+15    1.30259049e-23     
   5.9948        3.5938e+19    4.6416e+15    1.30259049e-23     
   5.9948        3.5938e+19    7.7426e+15    1.30259049e-23     
   5.9948        3.5938e+19    1.2915e+16    1.30259049e-23     
   5.9948        3.5938e+19    2.1544e+16    1.30259049e-23     
   5.9948        3.5938e+19    3.5938e+16    1.30259049e-23     
   5.9948        3.5938e+19    5.9948e+16    1.30259049e-23     
   5.9948        3.5938e+19    1.0000e+17    1.30259049e-23     
   5.9948        5.9948e+19    1.0000e+15    1.16121491e-23     
   5.9948        5.9948e+19    1.6681e+15    1.16121491e-23     
   5.9948        5.9948e+19    2.7826e+15    1.16121491e-23     
   5.9948        5.9948e+19    4.6416e+15    1.16121491e-23     
   5.9948        5.9948e+19    7.7426e+15    1.16121491e-23     
   5.9948        5.9948e+19    1.2915e+16    1.16121491e-23     
   5.9948        5.9948e+19    2.1544e+16    1.16121491e-23     
   5.9948        5.9948e+19    3.5938e+16    1.16121491e-23     
   5.9948        5.9948e+19    5.9948e+16    1.16121491e-23     
   5.9948        5.9948e+19    1.0000e+17    1.16121491e-23     
   5.9948        1.0000e+20    1.0000e+15    1.02747572e-23     
   5.9948        1.0000e+20    1.6681e+15    1.02747572e-23     
   5.9948        1.0000e+20    2.7826e+15    1.02747572e-23     
   5.9948        1.0000e+20    4.6416e+15    1.02747572e-23     
   5.9948        1.0000e+20    7.7426e+15    1.02747572e-23     
   5.9948        1.0000e+20    1.2915e+16    1.02747572e-23     
   5.9948        1.0000e+20    2.1544e+16    1.02747572e-23     
   5.9948        1.0000e+20    3.5938e+16    1.02747572e-23     
   5.9948        1.0000e+20    5.9948e+16    1.02747572e-23     
   5.9948        1.0000e+20    1.0000e+17    1.02747572e-23     
   7.7426        1.0000e+18    1.0000e+15    2.14256947e-23     
   7.7426        1.0000e+18    1.6681e+15    2.14256947e-23     
   7.7426        1.0000e+18    2.7826e+15    2.14256947e-23     
   7.7426        1.0000e+18    4.6416e+15    2.14256947e-23     
   7.7426        1.0000e+18    7.7426e+15    2.14256947e-23     
   7.7426        1.0000e+18    1.2915e+16    2.14256947e-23     
   7.7426        1.0000e+18    2.1544e+16    2.14256947e-23     
   7.7426        1.0000e+18    3.5938e+16    2.14256947e-23     
   7.7426        1.0000e+18    5.9948e+16    2.14256947e-23     
   7.7426        1.0000e+18    1.0000e+17    2.14256947e-23     
   7.7426        1.6681e+18    1.0000e+15    2.05061732e-23     
   7.7426        1.6681e+18    1.6681e+15    2.05061732e-23     
   7.7426        1.6681e+18    2.7826e+15    2.05061732e-23     
   7.7426        1.6681e+18    4.6416e+15    2.05061732e-23     
   7.7426        1.6681e+18    7.7426e+15    2.05061732e-23     
   7.7426        1.6681e+18    1.2915e+16    2.05061732e-23     
   7.7426        1.6681e+18    2.1544e+16    2.05061732e-23     
   7.7426        1.6681e+18    3.5938e+16    2.05061732e-23     
   7.7426        1.6681e+18    5.9948e+16    2.05061732e-23     
   7.7426        1.6681e+18    1.0000e+17    2.05061732e-23     
   7.7426        2.7826e+18    1.0000e+15    1.94895917e-23     
   7.7426        2.7826e+18    1.6681e+15    1.94895917e-23     
   7.7426        2.7826e+18    2.7826e+15    1.94895917e-23     
   7.7426        2.7826e+18    4.6416e+15    1.94895917e-23     
   7.7426        2.7826e+18    7.7426e+15    1.94895917e-23     
   7.7426        2.7826e+18    1.2915e+16    1.94895917e-23     
   7.7426        2.7826e+18    2.1544e+16    1.94895917e-23     
   7.7426        2.7826e+18    3.5938e+16    1.94895917e-23     
   7.7426        2.7826e+18    5.9948e+16    1.94895917e-23     
   7.7426        2.7826e+18    1.0000e+17    1.94895917e-23     
   7.7426        4.6416e+18    1.0000e+15    1.83855922e-23     
   7.7426        4.6416e+18    1.6681e+15    1.83855922e-23     
   7.7426        4.6416e+18    2.7826e+15    1.83855922e-23     
   7.7426        4.6416e+18    4.6416e+15    1.83855922e-23     
   7.7426        4.6416e+18    7.7426e+15    1.83855922e-23     
   7.7426        4.6416e+18    1.2915e+16    1.83855922e-23     
   7.7426        4.6416e+18    2.1544e+16    1.83855922e-23     
   7.7426        4.6416e+18    3.5938e+16    1.83855922e-23     
   7.7426        4.6416e+18    5.9948e+16    1.83855922e-23     
   7.7426        4.6416e+18    1.0000e+17    1.83855922e-23     
   7.7426        7.7426e+18    1.0000e+15    1.71930904e-23     
   7.7426        7.7426e+18    1.6681e+15    1.71930904e-23     
   7.7426        7.7426e+18    2.7826e+15    1.71930904e-23     
   7.7426        7.7426e+18    4.6416e+15    1.71930904e-23     
   7.7426        7.7426e+18    7.7426e+15    1.71930904e-23     
   7.7426        7.7426e+18    1.2915e+16    1.71930904e-23     
   7.7426        7.7426e+18    2.1544e+16    1.71930904e-23     
   7.7426        7.7426e+18    3.5938e+16    1.71930904e-23     
   7.7426        7.7426e+18    5.9948e+16    1.71930904e-23     
   7.7426        7.7426e+18    1.0000e+17    1.71930904e-23     
   7.7426        1.2915e+19    1.0000e+15    1.59180735e-23     
   7.7426        1.2915e+19    1.6681e+15    1.59180735e-23     
   7.7426        1.2915e+19    2.7826e+15    1.59180735e-23     
   7.7426        1.2915e+19    4.6416e+15    1.59180735e-23     
   7.7426        1.2915e+19    7.7426e+15    1.59180735e-23     
   7.7426        1.2915e+19    1.2915e+16    1.59180735e-23     
   7.7426        1.2915e+19    2.1544e+16    1.59180735e-23     
   7.7426        1.2915e+19    3.5938e+16    1.59180735e-23     
   7.7426        1.2915e+19    5.9948e+16    1.59180735e-23     
   7.7426        1.2915e+19    1.0000e+17    1.59180735e-23     
   7.7426        2.1544e+19    1.0000e+15    1.45958223e-23     
   7.7426        2.1544e+19    1.6681e+15    1.45958223e-23     
   7.7426        2.1544e+19    2.7826e+15    1.45958223e-23     
   7.7426        2.1544e+19    4.6416e+15    1.45958223e-23     
   7.7426        2.1544e+19    7.7426e+15    1.45958223e-23     
   7.7426        2.1544e+19    1.2915e+16    1.45958223e-23     
   7.7426        2.1544e+19    2.1544e+16    1.45958223e-23     
   7.7426        2.1544e+19    3.5938e+16    1.45958223e-23     
   7.7426        2.1544e+19    5.9948e+16    1.45958223e-23     
   7.7426        2.1544e+19    1.0000e+17    1.45958223e-23     
   7.7426        3.5938e+19    1.0000e+15    1.32791163e-23     
   7.7426        3.5938e+19    1.6681e+15    1.32791163e-23     
   7.7426        3.5938e+19    2.7826e+15    1.32791163e-23     
   7.7426        3.5938e+19    4.6416e+15    1.32791163e-23     
   7.7426        3.5938e+19    7.7426e+15    1.32791163e-23     
   7.7426        3.5938e+19    1.2915e+16    1.32791163e-23     
   7.7426        3.5938e+19    2.1544e+16    1.32791163e-23     
   7.7426        3.5938e+19    3.5938e+16    1.32791163e-23     
   7.7426        3.5938e+19    5.9948e+16    1.32791163e-23     
   7.7426        3.5938e+19    1.0000e+17    1.32791163e-23     
   7.7426        5.9948e+19    1.0000e+15    1.19935099e-23     
   7.7426        5.9948e+19    1.6681e+15    1.19935099e-23     
   7.7426        5.9948e+19    2.7826e+15    1.19935099e-23     
   7.7426        5.9948e+19    4.6416e+15    1.19935099e-23     
   7.7426        5.9948e+19    7.7426e+15    1.19935099e-23     
   7.7426        5.9948e+19    1.2915e+16    1.19935099e-23     
   7.7426        5.9948e+19    2.1544e+16    1.19935099e-23     
   7.7426        5.9948e+19    3.5938e+16    1.19935099e-23     
   7.7426        5.9948e+19    5.9948e+16    1.19935099e-23     
   7.7426        5.9948e+19    1.0000e+17    1.19935099e-23     
   7.7426        1.0000e+20    1.0000e+15    1.07070955e-23     
   7.7426        1.0000e+20    1.6681e+15    1.07070955e-23     
   7.7426        1.0000e+20    2.7826e+15    1.07070955e-23     
   7.7426        1.0000e+20    4.6416e+15    1.07070955e-23     
   7.7426        1.0000e+20    7.7426e+15    1.07070955e-23     
   7.7426        1.0000e+20    1.2915e+16    1.07070955e-23     
   7.7426        1.0000e+20    2.1544e+16    1.07070955e-23     
   7.7426        1.0000e+20    3.5938e+16    1.07070955e-23     
   7.7426        1.0000e+20    5.9948e+16    1.07070955e-23     
   7.7426        1.0000e+20    1.0000e+17    1.07070955e-23     
   10.0000       1.0000e+18    1.0000e+15    2.21238046e-23     
   10.0000       1.0000e+18    1.6681e+15    2.21238046e-23     
   10.0000       1.0000e+18    2.7826e+15    2.21238046e-23     
   10.0000       1.0000e+18    4.6416e+15    2.21238046e-23     
   10.0000       1.0000e+18    7.7426e+15    2.21238046e-23     
   10.0000       1.0000e+18    1.2915e+16    2.21238046e-23     
   10.0000       1.0000e+18    2.1544e+16    2.21238046e-23     
   10.0000       1.0000e+18    3.5938e+16    2.21238046e-23     
   10.0000       1.0000e+18    5.9948e+16    2.21238046e-23     
   10.0000       1.0000e+18    1.0000e+17    2.21238046e-23     
   10.0000       1.6681e+18    1.0000e+15    2.13480098e-23     
   10.0000       1.6681e+18    1.6681e+15    2.13480098e-23     
   10.0000       1.6681e+18    2.7826e+15    2.13480098e-23     
   10.0000       1.6681e+18    4.6416e+15    2.13480098e-23     
   10.0000       1.6681e+18    7.7426e+15    2.13480098e-23     
   10.0000       1.6681e+18    1.2915e+16    2.13480098e-23     
   10.0000       1.6681e+18    2.1544e+16    2.13480098e-23     
   10.0000       1.6681e+18    3.5938e+16    2.13480098e-23     
   10.0000       1.6681e+18    5.9948e+16    2.13480098e-23     
   10.0000       1.6681e+18    1.0000e+17    2.13480098e-23     
   10.0000       2.7826e+18    1.0000e+15    2.04849556e-23     
   10.0000       2.7826e+18    1.6681e+15    2.04849556e-23     
   10.0000       2.7826e+18    2.7826e+15    2.04849556e-23     
   10.0000       2.7826e+18    4.6416e+15    2.04849556e-23     
   10.0000       2.7826e+18    7.7426e+15    2.04849556e-23     
   10.0000       2.7826e+18    1.2915e+16    2.04849556e-23     
   10.0000       2.7826e+18    2.1544e+16    2.04849556e-23     
   10.0000       2.7826e+18    3.5938e+16    2.04849556e-23     
   10.0000       2.7826e+18    5.9948e+16    2.04849556e-23     
   10.0000       2.7826e+18    1.0000e+17    2.04849556e-23     
   10.0000       4.6416e+18    1.0000e+15    1.95387937e-23     
   10.0000       4.6416e+18    1.6681e+15    1.95387937e-23     
   10.0000       4.6416e+18    2.7826e+15    1.95387937e-23     
   10.0000       4.6416e+18    4.6416e+15    1.95387937e-23     
   10.0000       4.6416e+18    7.7426e+15    1.95387937e-23     
   10.0000       4.6416e+18    1.2915e+16    1.95387937e-23     
   10.0000       4.6416e+18    2.1544e+16    1.95387937e-23     
   10.0000       4.6416e+18    3.5938e+16    1.95387937e-23     
   10.0000       4.6416e+18    5.9948e+16    1.95387937e-23     
   10.0000       4.6416e+18    1.0000e+17    1.95387937e-23     
   10.0000       7.7426e+18    1.0000e+15    1.85042128e-23     
   10.0000       7.7426e+18    1.6681e+15    1.85042128e-23     
   10.0000       7.7426e+18    2.7826e+15    1.85042128e-23     
   10.0000       7.7426e+18    4.6416e+15    1.85042128e-23     
   10.0000       7.7426e+18    7.7426e+15    1.85042128e-23     
   10.0000       7.7426e+18    1.2915e+16    1.85042128e-23     
   10.0000       7.7426e+18    2.1544e+16    1.85042128e-23     
   10.0000       7.7426e+18    3.5938e+16    1.85042128e-23     
   10.0000       7.7426e+18    5.9948e+16    1.85042128e-23     
   10.0000       7.7426e+18    1.0000e+17    1.85042128e-23     
   10.0000       1.2915e+19    1.0000e+15    1.73807671e-23     
   10.0000       1.2915e+19    1.6681e+15    1.73807671e-23     
   10.0000       1.2915e+19    2.7826e+15    1.73807671e-23     
   10.0000       1.2915e+19    4.6416e+15    1.73807671e-23     
   10.0000       1.2915e+19    7.7426e+15    1.73807671e-23     
   10.0000       1.2915e+19    1.2915e+16    1.73807671e-23     
   10.0000       1.2915e+19    2.1544e+16    1.73807671e-23     
   10.0000       1.2915e+19    3.5938e+16    1.73807671e-23     
   10.0000       1.2915e+19    5.9948e+16    1.73807671e-23     
   10.0000       1.2915e+19    1.0000e+17    1.73807671e-23     
   10.0000       2.1544e+19    1.0000e+15    1.61892217e-23     
   10.0000       2.1544e+19    1.6681e+15    1.61892217e-23     
   10.0000       2.1544e+19    2.7826e+15    1.61892217e-23     
   10.0000       2.1544e+19    4.6416e+15    1.61892217e-23     
   10.0000       2.1544e+19    7.7426e+15    1.61892217e-23     
   10.0000       2.1544e+19    1.2915e+16    1.61892217e-23     
   10.0000       2.1544e+19    2.1544e+16    1.61892217e-23     
   10.0000       2.1544e+19    3.5938e+16    1.61892217e-23     
   10.0000       2.1544e+19    5.9948e+16    1.61892217e-23     
   10.0000       2.1544e+19    1.0000e+17    1.61892217e-23     
   10.0000       3.5938e+19    1.0000e+15    1.49586962e-23     
   10.0000       3.5938e+19    1.6681e+15    1.49586962e-23     
   10.0000       3.5938e+19    2.7826e+15    1.49586962e-23     
   10.0000       3.5938e+19    4.6416e+15    1.49586962e-23     
   10.0000       3.5938e+19    7.7426e+15    1.49586962e-23     
   10.0000       3.5938e+19    1.2915e+16    1.49586962e-23     
   10.0000       3.5938e+19    2.1544e+16    1.49586962e-23     
   10.0000       3.5938e+19    3.5938e+16    1.49586962e-23     
   10.0000       3.5938e+19    5.9948e+16    1.49586962e-23     
   10.0000       3.5938e+19    1.0000e+17    1.49586962e-23     
   10.0000       5.9948e+19    1.0000e+15    1.36885475e-23     
   10.0000       5.9948e+19    1.6681e+15    1.36885475e-23     
   10.0000       5.9948e+19    2.7826e+15    1.36885475e-23     
   10.0000       5.9948e+19    4.6416e+15    1.36885475e-23     
   10.0000       5.9948e+19    7.7426e+15    1.36885475e-23     
   10.0000       5.9948e+19    1.2915e+16    1.36885475e-23     
   10.0000       5.9948e+19    2.1544e+16    1.36885475e-23     
   10.0000       5.9948e+19    3.5938e+16    1.36885475e-23     
   10.0000       5.9948e+19    5.9948e+16    1.36885475e-23     
   10.0000       5.9948e+19    1.0000e+17    1.36885475e-23     
   10.0000       1.0000e+20    1.0000e+15    1.23277204e-23     
   10.0000       1.0000e+20    1.6681e+15    1.23277204e-23     
   10.0000       1.0000e+20    2.7826e+15    1.23277204e-23     
   10.0000       1.0000e+20    4.6416e+15    1.23277204e-23     
   10.0000       1.0000e+20    7.7426e+15    1.23277204e-23     
   10.0000       1.0000e+20    1.2915e+16    1.23277204e-23     
   10.0000       1.0000e+20    2.1544e+16    1.23277204e-23     
   10.0000       1.0000e+20    3.5938e+16    1.23277204e-23     
   10.0000       1.0000e+20    5.9948e+16    1.23277204e-23     
   10.0000       1.0000e+20    1.0000e+17    1.23277204e-23     
