#
# Output file generated by Yacora 1.5.0
# =====================================
#   Filename: 'YacoraRun_PopCoeff_n=3.dat'
#   Date of creation: 11. May 2022
#   Time of creation: 08:15:18
#   Used input file: 'H_20_11_2019.txt'
#   Performed calculation: Population Coefficient for state 'H(3)' coupled to the particle 'H2+'
#
#   Please cite D. Wünderlich, M. Giacomin, R. Ritz and U. Fantz, J. Quant. Spectrosc. Radiat. Transfer 240, 2020, 106695, if you use Yacora results.
#
# Description of the used Parameters:
# ===================================
#
#   Temperatures and Densities: 
#              T_e: 10 calculated values between 1.0000 and 10.0000
#              T_n1: Fixed value 8000.0000
#              n_e: 10 calculated values between 1.0000e+18 and 1.0000e+20
#              n_i1: Fixed value 0.0000
#              n_i2: 10 calculated values between 1.0000e+15 and 1.0000e+17

#   Electron energy distribution function: 
#              Maxwellian
#
# Calculated Data:
# ================
#  T_e           n_e           n_i2          POP_COEFF      
   1.0000        1.0000e+18    1.0000e+15    3.67467129e-22     
   1.0000        1.0000e+18    1.6681e+15    3.67467129e-22     
   1.0000        1.0000e+18    2.7826e+15    3.67467129e-22     
   1.0000        1.0000e+18    4.6416e+15    3.67467129e-22     
   1.0000        1.0000e+18    7.7426e+15    3.67467129e-22     
   1.0000        1.0000e+18    1.2915e+16    3.67467129e-22     
   1.0000        1.0000e+18    2.1544e+16    3.67467129e-22     
   1.0000        1.0000e+18    3.5938e+16    3.67467129e-22     
   1.0000        1.0000e+18    5.9948e+16    3.67467129e-22     
   1.0000        1.0000e+18    1.0000e+17    3.67467129e-22     
   1.0000        1.6681e+18    1.0000e+15    3.59822554e-22     
   1.0000        1.6681e+18    1.6681e+15    3.59822554e-22     
   1.0000        1.6681e+18    2.7826e+15    3.59822554e-22     
   1.0000        1.6681e+18    4.6416e+15    3.59822554e-22     
   1.0000        1.6681e+18    7.7426e+15    3.59822554e-22     
   1.0000        1.6681e+18    1.2915e+16    3.59822554e-22     
   1.0000        1.6681e+18    2.1544e+16    3.59822554e-22     
   1.0000        1.6681e+18    3.5938e+16    3.59822554e-22     
   1.0000        1.6681e+18    5.9948e+16    3.59822554e-22     
   1.0000        1.6681e+18    1.0000e+17    3.59822554e-22     
   1.0000        2.7826e+18    1.0000e+15    3.49617476e-22     
   1.0000        2.7826e+18    1.6681e+15    3.49617476e-22     
   1.0000        2.7826e+18    2.7826e+15    3.49617476e-22     
   1.0000        2.7826e+18    4.6416e+15    3.49617476e-22     
   1.0000        2.7826e+18    7.7426e+15    3.49617476e-22     
   1.0000        2.7826e+18    1.2915e+16    3.49617476e-22     
   1.0000        2.7826e+18    2.1544e+16    3.49617476e-22     
   1.0000        2.7826e+18    3.5938e+16    3.49617476e-22     
   1.0000        2.7826e+18    5.9948e+16    3.49617476e-22     
   1.0000        2.7826e+18    1.0000e+17    3.49617476e-22     
   1.0000        4.6416e+18    1.0000e+15    3.35783419e-22     
   1.0000        4.6416e+18    1.6681e+15    3.35783419e-22     
   1.0000        4.6416e+18    2.7826e+15    3.35783419e-22     
   1.0000        4.6416e+18    4.6416e+15    3.35783419e-22     
   1.0000        4.6416e+18    7.7426e+15    3.35783419e-22     
   1.0000        4.6416e+18    1.2915e+16    3.35783419e-22     
   1.0000        4.6416e+18    2.1544e+16    3.35783419e-22     
   1.0000        4.6416e+18    3.5938e+16    3.35783419e-22     
   1.0000        4.6416e+18    5.9948e+16    3.35783419e-22     
   1.0000        4.6416e+18    1.0000e+17    3.35783419e-22     
   1.0000        7.7426e+18    1.0000e+15    3.16924411e-22     
   1.0000        7.7426e+18    1.6681e+15    3.16924411e-22     
   1.0000        7.7426e+18    2.7826e+15    3.16924411e-22     
   1.0000        7.7426e+18    4.6416e+15    3.16924411e-22     
   1.0000        7.7426e+18    7.7426e+15    3.16924411e-22     
   1.0000        7.7426e+18    1.2915e+16    3.16924411e-22     
   1.0000        7.7426e+18    2.1544e+16    3.16924411e-22     
   1.0000        7.7426e+18    3.5938e+16    3.16924411e-22     
   1.0000        7.7426e+18    5.9948e+16    3.16924411e-22     
   1.0000        7.7426e+18    1.0000e+17    3.16924411e-22     
   1.0000        1.2915e+19    1.0000e+15    2.91439781e-22     
   1.0000        1.2915e+19    1.6681e+15    2.91439781e-22     
   1.0000        1.2915e+19    2.7826e+15    2.91439781e-22     
   1.0000        1.2915e+19    4.6416e+15    2.91439781e-22     
   1.0000        1.2915e+19    7.7426e+15    2.91439781e-22     
   1.0000        1.2915e+19    1.2915e+16    2.91439781e-22     
   1.0000        1.2915e+19    2.1544e+16    2.91439781e-22     
   1.0000        1.2915e+19    3.5938e+16    2.91439781e-22     
   1.0000        1.2915e+19    5.9948e+16    2.91439781e-22     
   1.0000        1.2915e+19    1.0000e+17    2.91439781e-22     
   1.0000        2.1544e+19    1.0000e+15    2.58170297e-22     
   1.0000        2.1544e+19    1.6681e+15    2.58170297e-22     
   1.0000        2.1544e+19    2.7826e+15    2.58170297e-22     
   1.0000        2.1544e+19    4.6416e+15    2.58170297e-22     
   1.0000        2.1544e+19    7.7426e+15    2.58170297e-22     
   1.0000        2.1544e+19    1.2915e+16    2.58170297e-22     
   1.0000        2.1544e+19    2.1544e+16    2.58170297e-22     
   1.0000        2.1544e+19    3.5938e+16    2.58170297e-22     
   1.0000        2.1544e+19    5.9948e+16    2.58170297e-22     
   1.0000        2.1544e+19    1.0000e+17    2.58170297e-22     
   1.0000        3.5938e+19    1.0000e+15    2.17609134e-22     
   1.0000        3.5938e+19    1.6681e+15    2.17609134e-22     
   1.0000        3.5938e+19    2.7826e+15    2.17609134e-22     
   1.0000        3.5938e+19    4.6416e+15    2.17609134e-22     
   1.0000        3.5938e+19    7.7426e+15    2.17609134e-22     
   1.0000        3.5938e+19    1.2915e+16    2.17609134e-22     
   1.0000        3.5938e+19    2.1544e+16    2.17609134e-22     
   1.0000        3.5938e+19    3.5938e+16    2.17609134e-22     
   1.0000        3.5938e+19    5.9948e+16    2.17609134e-22     
   1.0000        3.5938e+19    1.0000e+17    2.17609134e-22     
   1.0000        5.9948e+19    1.0000e+15    1.72856826e-22     
   1.0000        5.9948e+19    1.6681e+15    1.72856826e-22     
   1.0000        5.9948e+19    2.7826e+15    1.72856826e-22     
   1.0000        5.9948e+19    4.6416e+15    1.72856826e-22     
   1.0000        5.9948e+19    7.7426e+15    1.72856826e-22     
   1.0000        5.9948e+19    1.2915e+16    1.72856826e-22     
   1.0000        5.9948e+19    2.1544e+16    1.72856826e-22     
   1.0000        5.9948e+19    3.5938e+16    1.72856826e-22     
   1.0000        5.9948e+19    5.9948e+16    1.72856826e-22     
   1.0000        5.9948e+19    1.0000e+17    1.72856826e-22     
   1.0000        1.0000e+20    1.0000e+15    1.29018376e-22     
   1.0000        1.0000e+20    1.6681e+15    1.29018376e-22     
   1.0000        1.0000e+20    2.7826e+15    1.29018376e-22     
   1.0000        1.0000e+20    4.6416e+15    1.29018376e-22     
   1.0000        1.0000e+20    7.7426e+15    1.29018376e-22     
   1.0000        1.0000e+20    1.2915e+16    1.29018376e-22     
   1.0000        1.0000e+20    2.1544e+16    1.29018376e-22     
   1.0000        1.0000e+20    3.5938e+16    1.29018376e-22     
   1.0000        1.0000e+20    5.9948e+16    1.29018376e-22     
   1.0000        1.0000e+20    1.0000e+17    1.29018376e-22     
   1.2915        1.0000e+18    1.0000e+15    3.22337381e-22     
   1.2915        1.0000e+18    1.6681e+15    3.22337381e-22     
   1.2915        1.0000e+18    2.7826e+15    3.22337381e-22     
   1.2915        1.0000e+18    4.6416e+15    3.22337381e-22     
   1.2915        1.0000e+18    7.7426e+15    3.22337381e-22     
   1.2915        1.0000e+18    1.2915e+16    3.22337381e-22     
   1.2915        1.0000e+18    2.1544e+16    3.22337381e-22     
   1.2915        1.0000e+18    3.5938e+16    3.22337381e-22     
   1.2915        1.0000e+18    5.9948e+16    3.22337381e-22     
   1.2915        1.0000e+18    1.0000e+17    3.22337381e-22     
   1.2915        1.6681e+18    1.0000e+15    3.14073299e-22     
   1.2915        1.6681e+18    1.6681e+15    3.14073299e-22     
   1.2915        1.6681e+18    2.7826e+15    3.14073299e-22     
   1.2915        1.6681e+18    4.6416e+15    3.14073299e-22     
   1.2915        1.6681e+18    7.7426e+15    3.14073299e-22     
   1.2915        1.6681e+18    1.2915e+16    3.14073299e-22     
   1.2915        1.6681e+18    2.1544e+16    3.14073299e-22     
   1.2915        1.6681e+18    3.5938e+16    3.14073299e-22     
   1.2915        1.6681e+18    5.9948e+16    3.14073299e-22     
   1.2915        1.6681e+18    1.0000e+17    3.14073299e-22     
   1.2915        2.7826e+18    1.0000e+15    3.03100336e-22     
   1.2915        2.7826e+18    1.6681e+15    3.03100336e-22     
   1.2915        2.7826e+18    2.7826e+15    3.03100336e-22     
   1.2915        2.7826e+18    4.6416e+15    3.03100336e-22     
   1.2915        2.7826e+18    7.7426e+15    3.03100336e-22     
   1.2915        2.7826e+18    1.2915e+16    3.03100336e-22     
   1.2915        2.7826e+18    2.1544e+16    3.03100336e-22     
   1.2915        2.7826e+18    3.5938e+16    3.03100336e-22     
   1.2915        2.7826e+18    5.9948e+16    3.03100336e-22     
   1.2915        2.7826e+18    1.0000e+17    3.03100336e-22     
   1.2915        4.6416e+18    1.0000e+15    2.88390463e-22     
   1.2915        4.6416e+18    1.6681e+15    2.88390463e-22     
   1.2915        4.6416e+18    2.7826e+15    2.88390463e-22     
   1.2915        4.6416e+18    4.6416e+15    2.88390463e-22     
   1.2915        4.6416e+18    7.7426e+15    2.88390463e-22     
   1.2915        4.6416e+18    1.2915e+16    2.88390463e-22     
   1.2915        4.6416e+18    2.1544e+16    2.88390463e-22     
   1.2915        4.6416e+18    3.5938e+16    2.88390463e-22     
   1.2915        4.6416e+18    5.9948e+16    2.88390463e-22     
   1.2915        4.6416e+18    1.0000e+17    2.88390463e-22     
   1.2915        7.7426e+18    1.0000e+15    2.68663492e-22     
   1.2915        7.7426e+18    1.6681e+15    2.68663492e-22     
   1.2915        7.7426e+18    2.7826e+15    2.68663492e-22     
   1.2915        7.7426e+18    4.6416e+15    2.68663492e-22     
   1.2915        7.7426e+18    7.7426e+15    2.68663492e-22     
   1.2915        7.7426e+18    1.2915e+16    2.68663492e-22     
   1.2915        7.7426e+18    2.1544e+16    2.68663492e-22     
   1.2915        7.7426e+18    3.5938e+16    2.68663492e-22     
   1.2915        7.7426e+18    5.9948e+16    2.68663492e-22     
   1.2915        7.7426e+18    1.0000e+17    2.68663492e-22     
   1.2915        1.2915e+19    1.0000e+15    2.42652821e-22     
   1.2915        1.2915e+19    1.6681e+15    2.42652821e-22     
   1.2915        1.2915e+19    2.7826e+15    2.42652821e-22     
   1.2915        1.2915e+19    4.6416e+15    2.42652821e-22     
   1.2915        1.2915e+19    7.7426e+15    2.42652821e-22     
   1.2915        1.2915e+19    1.2915e+16    2.42652821e-22     
   1.2915        1.2915e+19    2.1544e+16    2.42652821e-22     
   1.2915        1.2915e+19    3.5938e+16    2.42652821e-22     
   1.2915        1.2915e+19    5.9948e+16    2.42652821e-22     
   1.2915        1.2915e+19    1.0000e+17    2.42652821e-22     
   1.2915        2.1544e+19    1.0000e+15    2.09921546e-22     
   1.2915        2.1544e+19    1.6681e+15    2.09921546e-22     
   1.2915        2.1544e+19    2.7826e+15    2.09921546e-22     
   1.2915        2.1544e+19    4.6416e+15    2.09921546e-22     
   1.2915        2.1544e+19    7.7426e+15    2.09921546e-22     
   1.2915        2.1544e+19    1.2915e+16    2.09921546e-22     
   1.2915        2.1544e+19    2.1544e+16    2.09921546e-22     
   1.2915        2.1544e+19    3.5938e+16    2.09921546e-22     
   1.2915        2.1544e+19    5.9948e+16    2.09921546e-22     
   1.2915        2.1544e+19    1.0000e+17    2.09921546e-22     
   1.2915        3.5938e+19    1.0000e+15    1.71952687e-22     
   1.2915        3.5938e+19    1.6681e+15    1.71952687e-22     
   1.2915        3.5938e+19    2.7826e+15    1.71952687e-22     
   1.2915        3.5938e+19    4.6416e+15    1.71952687e-22     
   1.2915        3.5938e+19    7.7426e+15    1.71952687e-22     
   1.2915        3.5938e+19    1.2915e+16    1.71952687e-22     
   1.2915        3.5938e+19    2.1544e+16    1.71952687e-22     
   1.2915        3.5938e+19    3.5938e+16    1.71952687e-22     
   1.2915        3.5938e+19    5.9948e+16    1.71952687e-22     
   1.2915        3.5938e+19    1.0000e+17    1.71952687e-22     
   1.2915        5.9948e+19    1.0000e+15    1.32455531e-22     
   1.2915        5.9948e+19    1.6681e+15    1.32455531e-22     
   1.2915        5.9948e+19    2.7826e+15    1.32455531e-22     
   1.2915        5.9948e+19    4.6416e+15    1.32455531e-22     
   1.2915        5.9948e+19    7.7426e+15    1.32455531e-22     
   1.2915        5.9948e+19    1.2915e+16    1.32455531e-22     
   1.2915        5.9948e+19    2.1544e+16    1.32455531e-22     
   1.2915        5.9948e+19    3.5938e+16    1.32455531e-22     
   1.2915        5.9948e+19    5.9948e+16    1.32455531e-22     
   1.2915        5.9948e+19    1.0000e+17    1.32455531e-22     
   1.2915        1.0000e+20    1.0000e+15    9.60460770e-23     
   1.2915        1.0000e+20    1.6681e+15    9.60460770e-23     
   1.2915        1.0000e+20    2.7826e+15    9.60460770e-23     
   1.2915        1.0000e+20    4.6416e+15    9.60460770e-23     
   1.2915        1.0000e+20    7.7426e+15    9.60460770e-23     
   1.2915        1.0000e+20    1.2915e+16    9.60460770e-23     
   1.2915        1.0000e+20    2.1544e+16    9.60460770e-23     
   1.2915        1.0000e+20    3.5938e+16    9.60460770e-23     
   1.2915        1.0000e+20    5.9948e+16    9.60460770e-23     
   1.2915        1.0000e+20    1.0000e+17    9.60460770e-23     
   1.6681        1.0000e+18    1.0000e+15    2.79042403e-22     
   1.6681        1.0000e+18    1.6681e+15    2.79042403e-22     
   1.6681        1.0000e+18    2.7826e+15    2.79042403e-22     
   1.6681        1.0000e+18    4.6416e+15    2.79042403e-22     
   1.6681        1.0000e+18    7.7426e+15    2.79042403e-22     
   1.6681        1.0000e+18    1.2915e+16    2.79042403e-22     
   1.6681        1.0000e+18    2.1544e+16    2.79042403e-22     
   1.6681        1.0000e+18    3.5938e+16    2.79042403e-22     
   1.6681        1.0000e+18    5.9948e+16    2.79042403e-22     
   1.6681        1.0000e+18    1.0000e+17    2.79042403e-22     
   1.6681        1.6681e+18    1.0000e+15    2.70535119e-22     
   1.6681        1.6681e+18    1.6681e+15    2.70535119e-22     
   1.6681        1.6681e+18    2.7826e+15    2.70535119e-22     
   1.6681        1.6681e+18    4.6416e+15    2.70535119e-22     
   1.6681        1.6681e+18    7.7426e+15    2.70535119e-22     
   1.6681        1.6681e+18    1.2915e+16    2.70535119e-22     
   1.6681        1.6681e+18    2.1544e+16    2.70535119e-22     
   1.6681        1.6681e+18    3.5938e+16    2.70535119e-22     
   1.6681        1.6681e+18    5.9948e+16    2.70535119e-22     
   1.6681        1.6681e+18    1.0000e+17    2.70535119e-22     
   1.6681        2.7826e+18    1.0000e+15    2.59302526e-22     
   1.6681        2.7826e+18    1.6681e+15    2.59302526e-22     
   1.6681        2.7826e+18    2.7826e+15    2.59302526e-22     
   1.6681        2.7826e+18    4.6416e+15    2.59302526e-22     
   1.6681        2.7826e+18    7.7426e+15    2.59302526e-22     
   1.6681        2.7826e+18    1.2915e+16    2.59302526e-22     
   1.6681        2.7826e+18    2.1544e+16    2.59302526e-22     
   1.6681        2.7826e+18    3.5938e+16    2.59302526e-22     
   1.6681        2.7826e+18    5.9948e+16    2.59302526e-22     
   1.6681        2.7826e+18    1.0000e+17    2.59302526e-22     
   1.6681        4.6416e+18    1.0000e+15    2.44393452e-22     
   1.6681        4.6416e+18    1.6681e+15    2.44393452e-22     
   1.6681        4.6416e+18    2.7826e+15    2.44393452e-22     
   1.6681        4.6416e+18    4.6416e+15    2.44393452e-22     
   1.6681        4.6416e+18    7.7426e+15    2.44393452e-22     
   1.6681        4.6416e+18    1.2915e+16    2.44393452e-22     
   1.6681        4.6416e+18    2.1544e+16    2.44393452e-22     
   1.6681        4.6416e+18    3.5938e+16    2.44393452e-22     
   1.6681        4.6416e+18    5.9948e+16    2.44393452e-22     
   1.6681        4.6416e+18    1.0000e+17    2.44393452e-22     
   1.6681        7.7426e+18    1.0000e+15    2.24700297e-22     
   1.6681        7.7426e+18    1.6681e+15    2.24700297e-22     
   1.6681        7.7426e+18    2.7826e+15    2.24700297e-22     
   1.6681        7.7426e+18    4.6416e+15    2.24700297e-22     
   1.6681        7.7426e+18    7.7426e+15    2.24700297e-22     
   1.6681        7.7426e+18    1.2915e+16    2.24700297e-22     
   1.6681        7.7426e+18    2.1544e+16    2.24700297e-22     
   1.6681        7.7426e+18    3.5938e+16    2.24700297e-22     
   1.6681        7.7426e+18    5.9948e+16    2.24700297e-22     
   1.6681        7.7426e+18    1.0000e+17    2.24700297e-22     
   1.6681        1.2915e+19    1.0000e+15    1.99353377e-22     
   1.6681        1.2915e+19    1.6681e+15    1.99353377e-22     
   1.6681        1.2915e+19    2.7826e+15    1.99353377e-22     
   1.6681        1.2915e+19    4.6416e+15    1.99353377e-22     
   1.6681        1.2915e+19    7.7426e+15    1.99353377e-22     
   1.6681        1.2915e+19    1.2915e+16    1.99353377e-22     
   1.6681        1.2915e+19    2.1544e+16    1.99353377e-22     
   1.6681        1.2915e+19    3.5938e+16    1.99353377e-22     
   1.6681        1.2915e+19    5.9948e+16    1.99353377e-22     
   1.6681        1.2915e+19    1.0000e+17    1.99353377e-22     
   1.6681        2.1544e+19    1.0000e+15    1.68585645e-22     
   1.6681        2.1544e+19    1.6681e+15    1.68585645e-22     
   1.6681        2.1544e+19    2.7826e+15    1.68585645e-22     
   1.6681        2.1544e+19    4.6416e+15    1.68585645e-22     
   1.6681        2.1544e+19    7.7426e+15    1.68585645e-22     
   1.6681        2.1544e+19    1.2915e+16    1.68585645e-22     
   1.6681        2.1544e+19    2.1544e+16    1.68585645e-22     
   1.6681        2.1544e+19    3.5938e+16    1.68585645e-22     
   1.6681        2.1544e+19    5.9948e+16    1.68585645e-22     
   1.6681        2.1544e+19    1.0000e+17    1.68585645e-22     
   1.6681        3.5938e+19    1.0000e+15    1.34527399e-22     
   1.6681        3.5938e+19    1.6681e+15    1.34527399e-22     
   1.6681        3.5938e+19    2.7826e+15    1.34527399e-22     
   1.6681        3.5938e+19    4.6416e+15    1.34527399e-22     
   1.6681        3.5938e+19    7.7426e+15    1.34527399e-22     
   1.6681        3.5938e+19    1.2915e+16    1.34527399e-22     
   1.6681        3.5938e+19    2.1544e+16    1.34527399e-22     
   1.6681        3.5938e+19    3.5938e+16    1.34527399e-22     
   1.6681        3.5938e+19    5.9948e+16    1.34527399e-22     
   1.6681        3.5938e+19    1.0000e+17    1.34527399e-22     
   1.6681        5.9948e+19    1.0000e+15    1.00911834e-22     
   1.6681        5.9948e+19    1.6681e+15    1.00911834e-22     
   1.6681        5.9948e+19    2.7826e+15    1.00911834e-22     
   1.6681        5.9948e+19    4.6416e+15    1.00911834e-22     
   1.6681        5.9948e+19    7.7426e+15    1.00911834e-22     
   1.6681        5.9948e+19    1.2915e+16    1.00911834e-22     
   1.6681        5.9948e+19    2.1544e+16    1.00911834e-22     
   1.6681        5.9948e+19    3.5938e+16    1.00911834e-22     
   1.6681        5.9948e+19    5.9948e+16    1.00911834e-22     
   1.6681        5.9948e+19    1.0000e+17    1.00911834e-22     
   1.6681        1.0000e+20    1.0000e+15    7.14723865e-23     
   1.6681        1.0000e+20    1.6681e+15    7.14723865e-23     
   1.6681        1.0000e+20    2.7826e+15    7.14723865e-23     
   1.6681        1.0000e+20    4.6416e+15    7.14723865e-23     
   1.6681        1.0000e+20    7.7426e+15    7.14723865e-23     
   1.6681        1.0000e+20    1.2915e+16    7.14723865e-23     
   1.6681        1.0000e+20    2.1544e+16    7.14723865e-23     
   1.6681        1.0000e+20    3.5938e+16    7.14723865e-23     
   1.6681        1.0000e+20    5.9948e+16    7.14723865e-23     
   1.6681        1.0000e+20    1.0000e+17    7.14723865e-23     
   2.1544        1.0000e+18    1.0000e+15    2.37812590e-22     
   2.1544        1.0000e+18    1.6681e+15    2.37812590e-22     
   2.1544        1.0000e+18    2.7826e+15    2.37812590e-22     
   2.1544        1.0000e+18    4.6416e+15    2.37812590e-22     
   2.1544        1.0000e+18    7.7426e+15    2.37812590e-22     
   2.1544        1.0000e+18    1.2915e+16    2.37812590e-22     
   2.1544        1.0000e+18    2.1544e+16    2.37812590e-22     
   2.1544        1.0000e+18    3.5938e+16    2.37812590e-22     
   2.1544        1.0000e+18    5.9948e+16    2.37812590e-22     
   2.1544        1.0000e+18    1.0000e+17    2.37812590e-22     
   2.1544        1.6681e+18    1.0000e+15    2.29455622e-22     
   2.1544        1.6681e+18    1.6681e+15    2.29455622e-22     
   2.1544        1.6681e+18    2.7826e+15    2.29455622e-22     
   2.1544        1.6681e+18    4.6416e+15    2.29455622e-22     
   2.1544        1.6681e+18    7.7426e+15    2.29455622e-22     
   2.1544        1.6681e+18    1.2915e+16    2.29455622e-22     
   2.1544        1.6681e+18    2.1544e+16    2.29455622e-22     
   2.1544        1.6681e+18    3.5938e+16    2.29455622e-22     
   2.1544        1.6681e+18    5.9948e+16    2.29455622e-22     
   2.1544        1.6681e+18    1.0000e+17    2.29455622e-22     
   2.1544        2.7826e+18    1.0000e+15    2.18480573e-22     
   2.1544        2.7826e+18    1.6681e+15    2.18480573e-22     
   2.1544        2.7826e+18    2.7826e+15    2.18480573e-22     
   2.1544        2.7826e+18    4.6416e+15    2.18480573e-22     
   2.1544        2.7826e+18    7.7426e+15    2.18480573e-22     
   2.1544        2.7826e+18    1.2915e+16    2.18480573e-22     
   2.1544        2.7826e+18    2.1544e+16    2.18480573e-22     
   2.1544        2.7826e+18    3.5938e+16    2.18480573e-22     
   2.1544        2.7826e+18    5.9948e+16    2.18480573e-22     
   2.1544        2.7826e+18    1.0000e+17    2.18480573e-22     
   2.1544        4.6416e+18    1.0000e+15    2.04043094e-22     
   2.1544        4.6416e+18    1.6681e+15    2.04043094e-22     
   2.1544        4.6416e+18    2.7826e+15    2.04043094e-22     
   2.1544        4.6416e+18    4.6416e+15    2.04043094e-22     
   2.1544        4.6416e+18    7.7426e+15    2.04043094e-22     
   2.1544        4.6416e+18    1.2915e+16    2.04043094e-22     
   2.1544        4.6416e+18    2.1544e+16    2.04043094e-22     
   2.1544        4.6416e+18    3.5938e+16    2.04043094e-22     
   2.1544        4.6416e+18    5.9948e+16    2.04043094e-22     
   2.1544        4.6416e+18    1.0000e+17    2.04043094e-22     
   2.1544        7.7426e+18    1.0000e+15    1.85245093e-22     
   2.1544        7.7426e+18    1.6681e+15    1.85245093e-22     
   2.1544        7.7426e+18    2.7826e+15    1.85245093e-22     
   2.1544        7.7426e+18    4.6416e+15    1.85245093e-22     
   2.1544        7.7426e+18    7.7426e+15    1.85245093e-22     
   2.1544        7.7426e+18    1.2915e+16    1.85245093e-22     
   2.1544        7.7426e+18    2.1544e+16    1.85245093e-22     
   2.1544        7.7426e+18    3.5938e+16    1.85245093e-22     
   2.1544        7.7426e+18    5.9948e+16    1.85245093e-22     
   2.1544        7.7426e+18    1.0000e+17    1.85245093e-22     
   2.1544        1.2915e+19    1.0000e+15    1.61608032e-22     
   2.1544        1.2915e+19    1.6681e+15    1.61608032e-22     
   2.1544        1.2915e+19    2.7826e+15    1.61608032e-22     
   2.1544        1.2915e+19    4.6416e+15    1.61608032e-22     
   2.1544        1.2915e+19    7.7426e+15    1.61608032e-22     
   2.1544        1.2915e+19    1.2915e+16    1.61608032e-22     
   2.1544        1.2915e+19    2.1544e+16    1.61608032e-22     
   2.1544        1.2915e+19    3.5938e+16    1.61608032e-22     
   2.1544        1.2915e+19    5.9948e+16    1.61608032e-22     
   2.1544        1.2915e+19    1.0000e+17    1.61608032e-22     
   2.1544        2.1544e+19    1.0000e+15    1.33869477e-22     
   2.1544        2.1544e+19    1.6681e+15    1.33869477e-22     
   2.1544        2.1544e+19    2.7826e+15    1.33869477e-22     
   2.1544        2.1544e+19    4.6416e+15    1.33869477e-22     
   2.1544        2.1544e+19    7.7426e+15    1.33869477e-22     
   2.1544        2.1544e+19    1.2915e+16    1.33869477e-22     
   2.1544        2.1544e+19    2.1544e+16    1.33869477e-22     
   2.1544        2.1544e+19    3.5938e+16    1.33869477e-22     
   2.1544        2.1544e+19    5.9948e+16    1.33869477e-22     
   2.1544        2.1544e+19    1.0000e+17    1.33869477e-22     
   2.1544        3.5938e+19    1.0000e+15    1.04425659e-22     
   2.1544        3.5938e+19    1.6681e+15    1.04425659e-22     
   2.1544        3.5938e+19    2.7826e+15    1.04425659e-22     
   2.1544        3.5938e+19    4.6416e+15    1.04425659e-22     
   2.1544        3.5938e+19    7.7426e+15    1.04425659e-22     
   2.1544        3.5938e+19    1.2915e+16    1.04425659e-22     
   2.1544        3.5938e+19    2.1544e+16    1.04425659e-22     
   2.1544        3.5938e+19    3.5938e+16    1.04425659e-22     
   2.1544        3.5938e+19    5.9948e+16    1.04425659e-22     
   2.1544        3.5938e+19    1.0000e+17    1.04425659e-22     
   2.1544        5.9948e+19    1.0000e+15    7.66360949e-23     
   2.1544        5.9948e+19    1.6681e+15    7.66360949e-23     
   2.1544        5.9948e+19    2.7826e+15    7.66360949e-23     
   2.1544        5.9948e+19    4.6416e+15    7.66360949e-23     
   2.1544        5.9948e+19    7.7426e+15    7.66360949e-23     
   2.1544        5.9948e+19    1.2915e+16    7.66360949e-23     
   2.1544        5.9948e+19    2.1544e+16    7.66360949e-23     
   2.1544        5.9948e+19    3.5938e+16    7.66360949e-23     
   2.1544        5.9948e+19    5.9948e+16    7.66360949e-23     
   2.1544        5.9948e+19    1.0000e+17    7.66360949e-23     
   2.1544        1.0000e+20    1.0000e+15    5.32885223e-23     
   2.1544        1.0000e+20    1.6681e+15    5.32885223e-23     
   2.1544        1.0000e+20    2.7826e+15    5.32885223e-23     
   2.1544        1.0000e+20    4.6416e+15    5.32885223e-23     
   2.1544        1.0000e+20    7.7426e+15    5.32885223e-23     
   2.1544        1.0000e+20    1.2915e+16    5.32885223e-23     
   2.1544        1.0000e+20    2.1544e+16    5.32885223e-23     
   2.1544        1.0000e+20    3.5938e+16    5.32885223e-23     
   2.1544        1.0000e+20    5.9948e+16    5.32885223e-23     
   2.1544        1.0000e+20    1.0000e+17    5.32885223e-23     
   2.7826        1.0000e+18    1.0000e+15    1.99176919e-22     
   2.7826        1.0000e+18    1.6681e+15    1.99176919e-22     
   2.7826        1.0000e+18    2.7826e+15    1.99176919e-22     
   2.7826        1.0000e+18    4.6416e+15    1.99176919e-22     
   2.7826        1.0000e+18    7.7426e+15    1.99176919e-22     
   2.7826        1.0000e+18    1.2915e+16    1.99176919e-22     
   2.7826        1.0000e+18    2.1544e+16    1.99176919e-22     
   2.7826        1.0000e+18    3.5938e+16    1.99176919e-22     
   2.7826        1.0000e+18    5.9948e+16    1.99176919e-22     
   2.7826        1.0000e+18    1.0000e+17    1.99176919e-22     
   2.7826        1.6681e+18    1.0000e+15    1.91329048e-22     
   2.7826        1.6681e+18    1.6681e+15    1.91329048e-22     
   2.7826        1.6681e+18    2.7826e+15    1.91329048e-22     
   2.7826        1.6681e+18    4.6416e+15    1.91329048e-22     
   2.7826        1.6681e+18    7.7426e+15    1.91329048e-22     
   2.7826        1.6681e+18    1.2915e+16    1.91329048e-22     
   2.7826        1.6681e+18    2.1544e+16    1.91329048e-22     
   2.7826        1.6681e+18    3.5938e+16    1.91329048e-22     
   2.7826        1.6681e+18    5.9948e+16    1.91329048e-22     
   2.7826        1.6681e+18    1.0000e+17    1.91329048e-22     
   2.7826        2.7826e+18    1.0000e+15    1.81072390e-22     
   2.7826        2.7826e+18    1.6681e+15    1.81072390e-22     
   2.7826        2.7826e+18    2.7826e+15    1.81072390e-22     
   2.7826        2.7826e+18    4.6416e+15    1.81072390e-22     
   2.7826        2.7826e+18    7.7426e+15    1.81072390e-22     
   2.7826        2.7826e+18    1.2915e+16    1.81072390e-22     
   2.7826        2.7826e+18    2.1544e+16    1.81072390e-22     
   2.7826        2.7826e+18    3.5938e+16    1.81072390e-22     
   2.7826        2.7826e+18    5.9948e+16    1.81072390e-22     
   2.7826        2.7826e+18    1.0000e+17    1.81072390e-22     
   2.7826        4.6416e+18    1.0000e+15    1.67687812e-22     
   2.7826        4.6416e+18    1.6681e+15    1.67687812e-22     
   2.7826        4.6416e+18    2.7826e+15    1.67687812e-22     
   2.7826        4.6416e+18    4.6416e+15    1.67687812e-22     
   2.7826        4.6416e+18    7.7426e+15    1.67687812e-22     
   2.7826        4.6416e+18    1.2915e+16    1.67687812e-22     
   2.7826        4.6416e+18    2.1544e+16    1.67687812e-22     
   2.7826        4.6416e+18    3.5938e+16    1.67687812e-22     
   2.7826        4.6416e+18    5.9948e+16    1.67687812e-22     
   2.7826        4.6416e+18    1.0000e+17    1.67687812e-22     
   2.7826        7.7426e+18    1.0000e+15    1.50492773e-22     
   2.7826        7.7426e+18    1.6681e+15    1.50492773e-22     
   2.7826        7.7426e+18    2.7826e+15    1.50492773e-22     
   2.7826        7.7426e+18    4.6416e+15    1.50492773e-22     
   2.7826        7.7426e+18    7.7426e+15    1.50492773e-22     
   2.7826        7.7426e+18    1.2915e+16    1.50492773e-22     
   2.7826        7.7426e+18    2.1544e+16    1.50492773e-22     
   2.7826        7.7426e+18    3.5938e+16    1.50492773e-22     
   2.7826        7.7426e+18    5.9948e+16    1.50492773e-22     
   2.7826        7.7426e+18    1.0000e+17    1.50492773e-22     
   2.7826        1.2915e+19    1.0000e+15    1.29332946e-22     
   2.7826        1.2915e+19    1.6681e+15    1.29332946e-22     
   2.7826        1.2915e+19    2.7826e+15    1.29332946e-22     
   2.7826        1.2915e+19    4.6416e+15    1.29332946e-22     
   2.7826        1.2915e+19    7.7426e+15    1.29332946e-22     
   2.7826        1.2915e+19    1.2915e+16    1.29332946e-22     
   2.7826        1.2915e+19    2.1544e+16    1.29332946e-22     
   2.7826        1.2915e+19    3.5938e+16    1.29332946e-22     
   2.7826        1.2915e+19    5.9948e+16    1.29332946e-22     
   2.7826        1.2915e+19    1.0000e+17    1.29332946e-22     
   2.7826        2.1544e+19    1.0000e+15    1.05238811e-22     
   2.7826        2.1544e+19    1.6681e+15    1.05238811e-22     
   2.7826        2.1544e+19    2.7826e+15    1.05238811e-22     
   2.7826        2.1544e+19    4.6416e+15    1.05238811e-22     
   2.7826        2.1544e+19    7.7426e+15    1.05238811e-22     
   2.7826        2.1544e+19    1.2915e+16    1.05238811e-22     
   2.7826        2.1544e+19    2.1544e+16    1.05238811e-22     
   2.7826        2.1544e+19    3.5938e+16    1.05238811e-22     
   2.7826        2.1544e+19    5.9948e+16    1.05238811e-22     
   2.7826        2.1544e+19    1.0000e+17    1.05238811e-22     
   2.7826        3.5938e+19    1.0000e+15    8.05627360e-23     
   2.7826        3.5938e+19    1.6681e+15    8.05627360e-23     
   2.7826        3.5938e+19    2.7826e+15    8.05627360e-23     
   2.7826        3.5938e+19    4.6416e+15    8.05627360e-23     
   2.7826        3.5938e+19    7.7426e+15    8.05627360e-23     
   2.7826        3.5938e+19    1.2915e+16    8.05627360e-23     
   2.7826        3.5938e+19    2.1544e+16    8.05627360e-23     
   2.7826        3.5938e+19    3.5938e+16    8.05627360e-23     
   2.7826        3.5938e+19    5.9948e+16    8.05627360e-23     
   2.7826        3.5938e+19    1.0000e+17    8.05627360e-23     
   2.7826        5.9948e+19    1.0000e+15    5.81084774e-23     
   2.7826        5.9948e+19    1.6681e+15    5.81084774e-23     
   2.7826        5.9948e+19    2.7826e+15    5.81084774e-23     
   2.7826        5.9948e+19    4.6416e+15    5.81084774e-23     
   2.7826        5.9948e+19    7.7426e+15    5.81084774e-23     
   2.7826        5.9948e+19    1.2915e+16    5.81084774e-23     
   2.7826        5.9948e+19    2.1544e+16    5.81084774e-23     
   2.7826        5.9948e+19    3.5938e+16    5.81084774e-23     
   2.7826        5.9948e+19    5.9948e+16    5.81084774e-23     
   2.7826        5.9948e+19    1.0000e+17    5.81084774e-23     
   2.7826        1.0000e+20    1.0000e+15    3.98464925e-23     
   2.7826        1.0000e+20    1.6681e+15    3.98464925e-23     
   2.7826        1.0000e+20    2.7826e+15    3.98464925e-23     
   2.7826        1.0000e+20    4.6416e+15    3.98464925e-23     
   2.7826        1.0000e+20    7.7426e+15    3.98464925e-23     
   2.7826        1.0000e+20    1.2915e+16    3.98464925e-23     
   2.7826        1.0000e+20    2.1544e+16    3.98464925e-23     
   2.7826        1.0000e+20    3.5938e+16    3.98464925e-23     
   2.7826        1.0000e+20    5.9948e+16    3.98464925e-23     
   2.7826        1.0000e+20    1.0000e+17    3.98464925e-23     
   3.5938        1.0000e+18    1.0000e+15    1.63966856e-22     
   3.5938        1.0000e+18    1.6681e+15    1.63966856e-22     
   3.5938        1.0000e+18    2.7826e+15    1.63966856e-22     
   3.5938        1.0000e+18    4.6416e+15    1.63966856e-22     
   3.5938        1.0000e+18    7.7426e+15    1.63966856e-22     
   3.5938        1.0000e+18    1.2915e+16    1.63966856e-22     
   3.5938        1.0000e+18    2.1544e+16    1.63966856e-22     
   3.5938        1.0000e+18    3.5938e+16    1.63966856e-22     
   3.5938        1.0000e+18    5.9948e+16    1.63966856e-22     
   3.5938        1.0000e+18    1.0000e+17    1.63966856e-22     
   3.5938        1.6681e+18    1.0000e+15    1.56900648e-22     
   3.5938        1.6681e+18    1.6681e+15    1.56900648e-22     
   3.5938        1.6681e+18    2.7826e+15    1.56900648e-22     
   3.5938        1.6681e+18    4.6416e+15    1.56900648e-22     
   3.5938        1.6681e+18    7.7426e+15    1.56900648e-22     
   3.5938        1.6681e+18    1.2915e+16    1.56900648e-22     
   3.5938        1.6681e+18    2.1544e+16    1.56900648e-22     
   3.5938        1.6681e+18    3.5938e+16    1.56900648e-22     
   3.5938        1.6681e+18    5.9948e+16    1.56900648e-22     
   3.5938        1.6681e+18    1.0000e+17    1.56900648e-22     
   3.5938        2.7826e+18    1.0000e+15    1.47703503e-22     
   3.5938        2.7826e+18    1.6681e+15    1.47703503e-22     
   3.5938        2.7826e+18    2.7826e+15    1.47703503e-22     
   3.5938        2.7826e+18    4.6416e+15    1.47703503e-22     
   3.5938        2.7826e+18    7.7426e+15    1.47703503e-22     
   3.5938        2.7826e+18    1.2915e+16    1.47703503e-22     
   3.5938        2.7826e+18    2.1544e+16    1.47703503e-22     
   3.5938        2.7826e+18    3.5938e+16    1.47703503e-22     
   3.5938        2.7826e+18    5.9948e+16    1.47703503e-22     
   3.5938        2.7826e+18    1.0000e+17    1.47703503e-22     
   3.5938        4.6416e+18    1.0000e+15    1.35784998e-22     
   3.5938        4.6416e+18    1.6681e+15    1.35784998e-22     
   3.5938        4.6416e+18    2.7826e+15    1.35784998e-22     
   3.5938        4.6416e+18    4.6416e+15    1.35784998e-22     
   3.5938        4.6416e+18    7.7426e+15    1.35784998e-22     
   3.5938        4.6416e+18    1.2915e+16    1.35784998e-22     
   3.5938        4.6416e+18    2.1544e+16    1.35784998e-22     
   3.5938        4.6416e+18    3.5938e+16    1.35784998e-22     
   3.5938        4.6416e+18    5.9948e+16    1.35784998e-22     
   3.5938        4.6416e+18    1.0000e+17    1.35784998e-22     
   3.5938        7.7426e+18    1.0000e+15    1.20655144e-22     
   3.5938        7.7426e+18    1.6681e+15    1.20655144e-22     
   3.5938        7.7426e+18    2.7826e+15    1.20655144e-22     
   3.5938        7.7426e+18    4.6416e+15    1.20655144e-22     
   3.5938        7.7426e+18    7.7426e+15    1.20655144e-22     
   3.5938        7.7426e+18    1.2915e+16    1.20655144e-22     
   3.5938        7.7426e+18    2.1544e+16    1.20655144e-22     
   3.5938        7.7426e+18    3.5938e+16    1.20655144e-22     
   3.5938        7.7426e+18    5.9948e+16    1.20655144e-22     
   3.5938        7.7426e+18    1.0000e+17    1.20655144e-22     
   3.5938        1.2915e+19    1.0000e+15    1.02384903e-22     
   3.5938        1.2915e+19    1.6681e+15    1.02384903e-22     
   3.5938        1.2915e+19    2.7826e+15    1.02384903e-22     
   3.5938        1.2915e+19    4.6416e+15    1.02384903e-22     
   3.5938        1.2915e+19    7.7426e+15    1.02384903e-22     
   3.5938        1.2915e+19    1.2915e+16    1.02384903e-22     
   3.5938        1.2915e+19    2.1544e+16    1.02384903e-22     
   3.5938        1.2915e+19    3.5938e+16    1.02384903e-22     
   3.5938        1.2915e+19    5.9948e+16    1.02384903e-22     
   3.5938        1.2915e+19    1.0000e+17    1.02384903e-22     
   3.5938        2.1544e+19    1.0000e+15    8.21039105e-23     
   3.5938        2.1544e+19    1.6681e+15    8.21039105e-23     
   3.5938        2.1544e+19    2.7826e+15    8.21039105e-23     
   3.5938        2.1544e+19    4.6416e+15    8.21039105e-23     
   3.5938        2.1544e+19    7.7426e+15    8.21039105e-23     
   3.5938        2.1544e+19    1.2915e+16    8.21039105e-23     
   3.5938        2.1544e+19    2.1544e+16    8.21039105e-23     
   3.5938        2.1544e+19    3.5938e+16    8.21039105e-23     
   3.5938        2.1544e+19    5.9948e+16    8.21039105e-23     
   3.5938        2.1544e+19    1.0000e+17    8.21039105e-23     
   3.5938        3.5938e+19    1.0000e+15    6.19288784e-23     
   3.5938        3.5938e+19    1.6681e+15    6.19288784e-23     
   3.5938        3.5938e+19    2.7826e+15    6.19288784e-23     
   3.5938        3.5938e+19    4.6416e+15    6.19288784e-23     
   3.5938        3.5938e+19    7.7426e+15    6.19288784e-23     
   3.5938        3.5938e+19    1.2915e+16    6.19288784e-23     
   3.5938        3.5938e+19    2.1544e+16    6.19288784e-23     
   3.5938        3.5938e+19    3.5938e+16    6.19288784e-23     
   3.5938        3.5938e+19    5.9948e+16    6.19288784e-23     
   3.5938        3.5938e+19    1.0000e+17    6.19288784e-23     
   3.5938        5.9948e+19    1.0000e+15    4.40884553e-23     
   3.5938        5.9948e+19    1.6681e+15    4.40884553e-23     
   3.5938        5.9948e+19    2.7826e+15    4.40884553e-23     
   3.5938        5.9948e+19    4.6416e+15    4.40884553e-23     
   3.5938        5.9948e+19    7.7426e+15    4.40884553e-23     
   3.5938        5.9948e+19    1.2915e+16    4.40884553e-23     
   3.5938        5.9948e+19    2.1544e+16    4.40884553e-23     
   3.5938        5.9948e+19    3.5938e+16    4.40884553e-23     
   3.5938        5.9948e+19    5.9948e+16    4.40884553e-23     
   3.5938        5.9948e+19    1.0000e+17    4.40884553e-23     
   3.5938        1.0000e+20    1.0000e+15    2.99309768e-23     
   3.5938        1.0000e+20    1.6681e+15    2.99309768e-23     
   3.5938        1.0000e+20    2.7826e+15    2.99309768e-23     
   3.5938        1.0000e+20    4.6416e+15    2.99309768e-23     
   3.5938        1.0000e+20    7.7426e+15    2.99309768e-23     
   3.5938        1.0000e+20    1.2915e+16    2.99309768e-23     
   3.5938        1.0000e+20    2.1544e+16    2.99309768e-23     
   3.5938        1.0000e+20    3.5938e+16    2.99309768e-23     
   3.5938        1.0000e+20    5.9948e+16    2.99309768e-23     
   3.5938        1.0000e+20    1.0000e+17    2.99309768e-23     
   4.6416        1.0000e+18    1.0000e+15    1.33220903e-22     
   4.6416        1.0000e+18    1.6681e+15    1.33220903e-22     
   4.6416        1.0000e+18    2.7826e+15    1.33220903e-22     
   4.6416        1.0000e+18    4.6416e+15    1.33220903e-22     
   4.6416        1.0000e+18    7.7426e+15    1.33220903e-22     
   4.6416        1.0000e+18    1.2915e+16    1.33220903e-22     
   4.6416        1.0000e+18    2.1544e+16    1.33220903e-22     
   4.6416        1.0000e+18    3.5938e+16    1.33220903e-22     
   4.6416        1.0000e+18    5.9948e+16    1.33220903e-22     
   4.6416        1.0000e+18    1.0000e+17    1.33220903e-22     
   4.6416        1.6681e+18    1.0000e+15    1.27083266e-22     
   4.6416        1.6681e+18    1.6681e+15    1.27083266e-22     
   4.6416        1.6681e+18    2.7826e+15    1.27083266e-22     
   4.6416        1.6681e+18    4.6416e+15    1.27083266e-22     
   4.6416        1.6681e+18    7.7426e+15    1.27083266e-22     
   4.6416        1.6681e+18    1.2915e+16    1.27083266e-22     
   4.6416        1.6681e+18    2.1544e+16    1.27083266e-22     
   4.6416        1.6681e+18    3.5938e+16    1.27083266e-22     
   4.6416        1.6681e+18    5.9948e+16    1.27083266e-22     
   4.6416        1.6681e+18    1.0000e+17    1.27083266e-22     
   4.6416        2.7826e+18    1.0000e+15    1.19119866e-22     
   4.6416        2.7826e+18    1.6681e+15    1.19119866e-22     
   4.6416        2.7826e+18    2.7826e+15    1.19119866e-22     
   4.6416        2.7826e+18    4.6416e+15    1.19119866e-22     
   4.6416        2.7826e+18    7.7426e+15    1.19119866e-22     
   4.6416        2.7826e+18    1.2915e+16    1.19119866e-22     
   4.6416        2.7826e+18    2.1544e+16    1.19119866e-22     
   4.6416        2.7826e+18    3.5938e+16    1.19119866e-22     
   4.6416        2.7826e+18    5.9948e+16    1.19119866e-22     
   4.6416        2.7826e+18    1.0000e+17    1.19119866e-22     
   4.6416        4.6416e+18    1.0000e+15    1.08858170e-22     
   4.6416        4.6416e+18    1.6681e+15    1.08858170e-22     
   4.6416        4.6416e+18    2.7826e+15    1.08858170e-22     
   4.6416        4.6416e+18    4.6416e+15    1.08858170e-22     
   4.6416        4.6416e+18    7.7426e+15    1.08858170e-22     
   4.6416        4.6416e+18    1.2915e+16    1.08858170e-22     
   4.6416        4.6416e+18    2.1544e+16    1.08858170e-22     
   4.6416        4.6416e+18    3.5938e+16    1.08858170e-22     
   4.6416        4.6416e+18    5.9948e+16    1.08858170e-22     
   4.6416        4.6416e+18    1.0000e+17    1.08858170e-22     
   4.6416        7.7426e+18    1.0000e+15    9.59598376e-23     
   4.6416        7.7426e+18    1.6681e+15    9.59598376e-23     
   4.6416        7.7426e+18    2.7826e+15    9.59598376e-23     
   4.6416        7.7426e+18    4.6416e+15    9.59598376e-23     
   4.6416        7.7426e+18    7.7426e+15    9.59598376e-23     
   4.6416        7.7426e+18    1.2915e+16    9.59598376e-23     
   4.6416        7.7426e+18    2.1544e+16    9.59598376e-23     
   4.6416        7.7426e+18    3.5938e+16    9.59598376e-23     
   4.6416        7.7426e+18    5.9948e+16    9.59598376e-23     
   4.6416        7.7426e+18    1.0000e+17    9.59598376e-23     
   4.6416        1.2915e+19    1.0000e+15    8.06225587e-23     
   4.6416        1.2915e+19    1.6681e+15    8.06225587e-23     
   4.6416        1.2915e+19    2.7826e+15    8.06225587e-23     
   4.6416        1.2915e+19    4.6416e+15    8.06225587e-23     
   4.6416        1.2915e+19    7.7426e+15    8.06225587e-23     
   4.6416        1.2915e+19    1.2915e+16    8.06225587e-23     
   4.6416        1.2915e+19    2.1544e+16    8.06225587e-23     
   4.6416        1.2915e+19    3.5938e+16    8.06225587e-23     
   4.6416        1.2915e+19    5.9948e+16    8.06225587e-23     
   4.6416        1.2915e+19    1.0000e+17    8.06225587e-23     
   4.6416        2.1544e+19    1.0000e+15    6.39377597e-23     
   4.6416        2.1544e+19    1.6681e+15    6.39377597e-23     
   4.6416        2.1544e+19    2.7826e+15    6.39377597e-23     
   4.6416        2.1544e+19    4.6416e+15    6.39377597e-23     
   4.6416        2.1544e+19    7.7426e+15    6.39377597e-23     
   4.6416        2.1544e+19    1.2915e+16    6.39377597e-23     
   4.6416        2.1544e+19    2.1544e+16    6.39377597e-23     
   4.6416        2.1544e+19    3.5938e+16    6.39377597e-23     
   4.6416        2.1544e+19    5.9948e+16    6.39377597e-23     
   4.6416        2.1544e+19    1.0000e+17    6.39377597e-23     
   4.6416        3.5938e+19    1.0000e+15    4.77077975e-23     
   4.6416        3.5938e+19    1.6681e+15    4.77077975e-23     
   4.6416        3.5938e+19    2.7826e+15    4.77077975e-23     
   4.6416        3.5938e+19    4.6416e+15    4.77077975e-23     
   4.6416        3.5938e+19    7.7426e+15    4.77077975e-23     
   4.6416        3.5938e+19    1.2915e+16    4.77077975e-23     
   4.6416        3.5938e+19    2.1544e+16    4.77077975e-23     
   4.6416        3.5938e+19    3.5938e+16    4.77077975e-23     
   4.6416        3.5938e+19    5.9948e+16    4.77077975e-23     
   4.6416        3.5938e+19    1.0000e+17    4.77077975e-23     
   4.6416        5.9948e+19    1.0000e+15    3.36592495e-23     
   4.6416        5.9948e+19    1.6681e+15    3.36592495e-23     
   4.6416        5.9948e+19    2.7826e+15    3.36592495e-23     
   4.6416        5.9948e+19    4.6416e+15    3.36592495e-23     
   4.6416        5.9948e+19    7.7426e+15    3.36592495e-23     
   4.6416        5.9948e+19    1.2915e+16    3.36592495e-23     
   4.6416        5.9948e+19    2.1544e+16    3.36592495e-23     
   4.6416        5.9948e+19    3.5938e+16    3.36592495e-23     
   4.6416        5.9948e+19    5.9948e+16    3.36592495e-23     
   4.6416        5.9948e+19    1.0000e+17    3.36592495e-23     
   4.6416        1.0000e+20    1.0000e+15    2.27066975e-23     
   4.6416        1.0000e+20    1.6681e+15    2.27066975e-23     
   4.6416        1.0000e+20    2.7826e+15    2.27066975e-23     
   4.6416        1.0000e+20    4.6416e+15    2.27066975e-23     
   4.6416        1.0000e+20    7.7426e+15    2.27066975e-23     
   4.6416        1.0000e+20    1.2915e+16    2.27066975e-23     
   4.6416        1.0000e+20    2.1544e+16    2.27066975e-23     
   4.6416        1.0000e+20    3.5938e+16    2.27066975e-23     
   4.6416        1.0000e+20    5.9948e+16    2.27066975e-23     
   4.6416        1.0000e+20    1.0000e+17    2.27066975e-23     
   5.9948        1.0000e+18    1.0000e+15    1.07807616e-22     
   5.9948        1.0000e+18    1.6681e+15    1.07807616e-22     
   5.9948        1.0000e+18    2.7826e+15    1.07807616e-22     
   5.9948        1.0000e+18    4.6416e+15    1.07807616e-22     
   5.9948        1.0000e+18    7.7426e+15    1.07807616e-22     
   5.9948        1.0000e+18    1.2915e+16    1.07807616e-22     
   5.9948        1.0000e+18    2.1544e+16    1.07807616e-22     
   5.9948        1.0000e+18    3.5938e+16    1.07807616e-22     
   5.9948        1.0000e+18    5.9948e+16    1.07807616e-22     
   5.9948        1.0000e+18    1.0000e+17    1.07807616e-22     
   5.9948        1.6681e+18    1.0000e+15    1.02611762e-22     
   5.9948        1.6681e+18    1.6681e+15    1.02611762e-22     
   5.9948        1.6681e+18    2.7826e+15    1.02611762e-22     
   5.9948        1.6681e+18    4.6416e+15    1.02611762e-22     
   5.9948        1.6681e+18    7.7426e+15    1.02611762e-22     
   5.9948        1.6681e+18    1.2915e+16    1.02611762e-22     
   5.9948        1.6681e+18    2.1544e+16    1.02611762e-22     
   5.9948        1.6681e+18    3.5938e+16    1.02611762e-22     
   5.9948        1.6681e+18    5.9948e+16    1.02611762e-22     
   5.9948        1.6681e+18    1.0000e+17    1.02611762e-22     
   5.9948        2.7826e+18    1.0000e+15    9.58830593e-23     
   5.9948        2.7826e+18    1.6681e+15    9.58830593e-23     
   5.9948        2.7826e+18    2.7826e+15    9.58830593e-23     
   5.9948        2.7826e+18    4.6416e+15    9.58830593e-23     
   5.9948        2.7826e+18    7.7426e+15    9.58830593e-23     
   5.9948        2.7826e+18    1.2915e+16    9.58830593e-23     
   5.9948        2.7826e+18    2.1544e+16    9.58830593e-23     
   5.9948        2.7826e+18    3.5938e+16    9.58830593e-23     
   5.9948        2.7826e+18    5.9948e+16    9.58830593e-23     
   5.9948        2.7826e+18    1.0000e+17    9.58830593e-23     
   5.9948        4.6416e+18    1.0000e+15    8.72463088e-23     
   5.9948        4.6416e+18    1.6681e+15    8.72463088e-23     
   5.9948        4.6416e+18    2.7826e+15    8.72463088e-23     
   5.9948        4.6416e+18    4.6416e+15    8.72463088e-23     
   5.9948        4.6416e+18    7.7426e+15    8.72463088e-23     
   5.9948        4.6416e+18    1.2915e+16    8.72463088e-23     
   5.9948        4.6416e+18    2.1544e+16    8.72463088e-23     
   5.9948        4.6416e+18    3.5938e+16    8.72463088e-23     
   5.9948        4.6416e+18    5.9948e+16    8.72463088e-23     
   5.9948        4.6416e+18    1.0000e+17    8.72463088e-23     
   5.9948        7.7426e+18    1.0000e+15    7.64697009e-23     
   5.9948        7.7426e+18    1.6681e+15    7.64697009e-23     
   5.9948        7.7426e+18    2.7826e+15    7.64697009e-23     
   5.9948        7.7426e+18    4.6416e+15    7.64697009e-23     
   5.9948        7.7426e+18    7.7426e+15    7.64697009e-23     
   5.9948        7.7426e+18    1.2915e+16    7.64697009e-23     
   5.9948        7.7426e+18    2.1544e+16    7.64697009e-23     
   5.9948        7.7426e+18    3.5938e+16    7.64697009e-23     
   5.9948        7.7426e+18    5.9948e+16    7.64697009e-23     
   5.9948        7.7426e+18    1.0000e+17    7.64697009e-23     
   5.9948        1.2915e+19    1.0000e+15    6.38012834e-23     
   5.9948        1.2915e+19    1.6681e+15    6.38012834e-23     
   5.9948        1.2915e+19    2.7826e+15    6.38012834e-23     
   5.9948        1.2915e+19    4.6416e+15    6.38012834e-23     
   5.9948        1.2915e+19    7.7426e+15    6.38012834e-23     
   5.9948        1.2915e+19    1.2915e+16    6.38012834e-23     
   5.9948        1.2915e+19    2.1544e+16    6.38012834e-23     
   5.9948        1.2915e+19    3.5938e+16    6.38012834e-23     
   5.9948        1.2915e+19    5.9948e+16    6.38012834e-23     
   5.9948        1.2915e+19    1.0000e+17    6.38012834e-23     
   5.9948        2.1544e+19    1.0000e+15    5.02216860e-23     
   5.9948        2.1544e+19    1.6681e+15    5.02216860e-23     
   5.9948        2.1544e+19    2.7826e+15    5.02216860e-23     
   5.9948        2.1544e+19    4.6416e+15    5.02216860e-23     
   5.9948        2.1544e+19    7.7426e+15    5.02216860e-23     
   5.9948        2.1544e+19    1.2915e+16    5.02216860e-23     
   5.9948        2.1544e+19    2.1544e+16    5.02216860e-23     
   5.9948        2.1544e+19    3.5938e+16    5.02216860e-23     
   5.9948        2.1544e+19    5.9948e+16    5.02216860e-23     
   5.9948        2.1544e+19    1.0000e+17    5.02216860e-23     
   5.9948        3.5938e+19    1.0000e+15    3.72217062e-23     
   5.9948        3.5938e+19    1.6681e+15    3.72217062e-23     
   5.9948        3.5938e+19    2.7826e+15    3.72217062e-23     
   5.9948        3.5938e+19    4.6416e+15    3.72217062e-23     
   5.9948        3.5938e+19    7.7426e+15    3.72217062e-23     
   5.9948        3.5938e+19    1.2915e+16    3.72217062e-23     
   5.9948        3.5938e+19    2.1544e+16    3.72217062e-23     
   5.9948        3.5938e+19    3.5938e+16    3.72217062e-23     
   5.9948        3.5938e+19    5.9948e+16    3.72217062e-23     
   5.9948        3.5938e+19    1.0000e+17    3.72217062e-23     
   5.9948        5.9948e+19    1.0000e+15    2.61342294e-23     
   5.9948        5.9948e+19    1.6681e+15    2.61342294e-23     
   5.9948        5.9948e+19    2.7826e+15    2.61342294e-23     
   5.9948        5.9948e+19    4.6416e+15    2.61342294e-23     
   5.9948        5.9948e+19    7.7426e+15    2.61342294e-23     
   5.9948        5.9948e+19    1.2915e+16    2.61342294e-23     
   5.9948        5.9948e+19    2.1544e+16    2.61342294e-23     
   5.9948        5.9948e+19    3.5938e+16    2.61342294e-23     
   5.9948        5.9948e+19    5.9948e+16    2.61342294e-23     
   5.9948        5.9948e+19    1.0000e+17    2.61342294e-23     
   5.9948        1.0000e+20    1.0000e+15    1.75907922e-23     
   5.9948        1.0000e+20    1.6681e+15    1.75907922e-23     
   5.9948        1.0000e+20    2.7826e+15    1.75907922e-23     
   5.9948        1.0000e+20    4.6416e+15    1.75907922e-23     
   5.9948        1.0000e+20    7.7426e+15    1.75907922e-23     
   5.9948        1.0000e+20    1.2915e+16    1.75907922e-23     
   5.9948        1.0000e+20    2.1544e+16    1.75907922e-23     
   5.9948        1.0000e+20    3.5938e+16    1.75907922e-23     
   5.9948        1.0000e+20    5.9948e+16    1.75907922e-23     
   5.9948        1.0000e+20    1.0000e+17    1.75907922e-23     
   7.7426        1.0000e+18    1.0000e+15    8.82804965e-23     
   7.7426        1.0000e+18    1.6681e+15    8.82804965e-23     
   7.7426        1.0000e+18    2.7826e+15    8.82804965e-23     
   7.7426        1.0000e+18    4.6416e+15    8.82804965e-23     
   7.7426        1.0000e+18    7.7426e+15    8.82804965e-23     
   7.7426        1.0000e+18    1.2915e+16    8.82804965e-23     
   7.7426        1.0000e+18    2.1544e+16    8.82804965e-23     
   7.7426        1.0000e+18    3.5938e+16    8.82804965e-23     
   7.7426        1.0000e+18    5.9948e+16    8.82804965e-23     
   7.7426        1.0000e+18    1.0000e+17    8.82804965e-23     
   7.7426        1.6681e+18    1.0000e+15    8.39240076e-23     
   7.7426        1.6681e+18    1.6681e+15    8.39240076e-23     
   7.7426        1.6681e+18    2.7826e+15    8.39240076e-23     
   7.7426        1.6681e+18    4.6416e+15    8.39240076e-23     
   7.7426        1.6681e+18    7.7426e+15    8.39240076e-23     
   7.7426        1.6681e+18    1.2915e+16    8.39240076e-23     
   7.7426        1.6681e+18    2.1544e+16    8.39240076e-23     
   7.7426        1.6681e+18    3.5938e+16    8.39240076e-23     
   7.7426        1.6681e+18    5.9948e+16    8.39240076e-23     
   7.7426        1.6681e+18    1.0000e+17    8.39240076e-23     
   7.7426        2.7826e+18    1.0000e+15    7.82837559e-23     
   7.7426        2.7826e+18    1.6681e+15    7.82837559e-23     
   7.7426        2.7826e+18    2.7826e+15    7.82837559e-23     
   7.7426        2.7826e+18    4.6416e+15    7.82837559e-23     
   7.7426        2.7826e+18    7.7426e+15    7.82837559e-23     
   7.7426        2.7826e+18    1.2915e+16    7.82837559e-23     
   7.7426        2.7826e+18    2.1544e+16    7.82837559e-23     
   7.7426        2.7826e+18    3.5938e+16    7.82837559e-23     
   7.7426        2.7826e+18    5.9948e+16    7.82837559e-23     
   7.7426        2.7826e+18    1.0000e+17    7.82837559e-23     
   7.7426        4.6416e+18    1.0000e+15    7.10568278e-23     
   7.7426        4.6416e+18    1.6681e+15    7.10568278e-23     
   7.7426        4.6416e+18    2.7826e+15    7.10568278e-23     
   7.7426        4.6416e+18    4.6416e+15    7.10568278e-23     
   7.7426        4.6416e+18    7.7426e+15    7.10568278e-23     
   7.7426        4.6416e+18    1.2915e+16    7.10568278e-23     
   7.7426        4.6416e+18    2.1544e+16    7.10568278e-23     
   7.7426        4.6416e+18    3.5938e+16    7.10568278e-23     
   7.7426        4.6416e+18    5.9948e+16    7.10568278e-23     
   7.7426        4.6416e+18    1.0000e+17    7.10568278e-23     
   7.7426        7.7426e+18    1.0000e+15    6.20781891e-23     
   7.7426        7.7426e+18    1.6681e+15    6.20781891e-23     
   7.7426        7.7426e+18    2.7826e+15    6.20781891e-23     
   7.7426        7.7426e+18    4.6416e+15    6.20781891e-23     
   7.7426        7.7426e+18    7.7426e+15    6.20781891e-23     
   7.7426        7.7426e+18    1.2915e+16    6.20781891e-23     
   7.7426        7.7426e+18    2.1544e+16    6.20781891e-23     
   7.7426        7.7426e+18    3.5938e+16    6.20781891e-23     
   7.7426        7.7426e+18    5.9948e+16    6.20781891e-23     
   7.7426        7.7426e+18    1.0000e+17    6.20781891e-23     
   7.7426        1.2915e+19    1.0000e+15    5.15993173e-23     
   7.7426        1.2915e+19    1.6681e+15    5.15993173e-23     
   7.7426        1.2915e+19    2.7826e+15    5.15993173e-23     
   7.7426        1.2915e+19    4.6416e+15    5.15993173e-23     
   7.7426        1.2915e+19    7.7426e+15    5.15993173e-23     
   7.7426        1.2915e+19    1.2915e+16    5.15993173e-23     
   7.7426        1.2915e+19    2.1544e+16    5.15993173e-23     
   7.7426        1.2915e+19    3.5938e+16    5.15993173e-23     
   7.7426        1.2915e+19    5.9948e+16    5.15993173e-23     
   7.7426        1.2915e+19    1.0000e+17    5.15993173e-23     
   7.7426        2.1544e+19    1.0000e+15    4.04714537e-23     
   7.7426        2.1544e+19    1.6681e+15    4.04714537e-23     
   7.7426        2.1544e+19    2.7826e+15    4.04714537e-23     
   7.7426        2.1544e+19    4.6416e+15    4.04714537e-23     
   7.7426        2.1544e+19    7.7426e+15    4.04714537e-23     
   7.7426        2.1544e+19    1.2915e+16    4.04714537e-23     
   7.7426        2.1544e+19    2.1544e+16    4.04714537e-23     
   7.7426        2.1544e+19    3.5938e+16    4.04714537e-23     
   7.7426        2.1544e+19    5.9948e+16    4.04714537e-23     
   7.7426        2.1544e+19    1.0000e+17    4.04714537e-23     
   7.7426        3.5938e+19    1.0000e+15    2.99241328e-23     
   7.7426        3.5938e+19    1.6681e+15    2.99241328e-23     
   7.7426        3.5938e+19    2.7826e+15    2.99241328e-23     
   7.7426        3.5938e+19    4.6416e+15    2.99241328e-23     
   7.7426        3.5938e+19    7.7426e+15    2.99241328e-23     
   7.7426        3.5938e+19    1.2915e+16    2.99241328e-23     
   7.7426        3.5938e+19    2.1544e+16    2.99241328e-23     
   7.7426        3.5938e+19    3.5938e+16    2.99241328e-23     
   7.7426        3.5938e+19    5.9948e+16    2.99241328e-23     
   7.7426        3.5938e+19    1.0000e+17    2.99241328e-23     
   7.7426        5.9948e+19    1.0000e+15    2.10073388e-23     
   7.7426        5.9948e+19    1.6681e+15    2.10073388e-23     
   7.7426        5.9948e+19    2.7826e+15    2.10073388e-23     
   7.7426        5.9948e+19    4.6416e+15    2.10073388e-23     
   7.7426        5.9948e+19    7.7426e+15    2.10073388e-23     
   7.7426        5.9948e+19    1.2915e+16    2.10073388e-23     
   7.7426        5.9948e+19    2.1544e+16    2.10073388e-23     
   7.7426        5.9948e+19    3.5938e+16    2.10073388e-23     
   7.7426        5.9948e+19    5.9948e+16    2.10073388e-23     
   7.7426        5.9948e+19    1.0000e+17    2.10073388e-23     
   7.7426        1.0000e+20    1.0000e+15    1.41786706e-23     
   7.7426        1.0000e+20    1.6681e+15    1.41786706e-23     
   7.7426        1.0000e+20    2.7826e+15    1.41786706e-23     
   7.7426        1.0000e+20    4.6416e+15    1.41786706e-23     
   7.7426        1.0000e+20    7.7426e+15    1.41786706e-23     
   7.7426        1.0000e+20    1.2915e+16    1.41786706e-23     
   7.7426        1.0000e+20    2.1544e+16    1.41786706e-23     
   7.7426        1.0000e+20    3.5938e+16    1.41786706e-23     
   7.7426        1.0000e+20    5.9948e+16    1.41786706e-23     
   7.7426        1.0000e+20    1.0000e+17    1.41786706e-23     
   10.0000       1.0000e+18    1.0000e+15    7.44439410e-23     
   10.0000       1.0000e+18    1.6681e+15    7.44439410e-23     
   10.0000       1.0000e+18    2.7826e+15    7.44439410e-23     
   10.0000       1.0000e+18    4.6416e+15    7.44439410e-23     
   10.0000       1.0000e+18    7.7426e+15    7.44439410e-23     
   10.0000       1.0000e+18    1.2915e+16    7.44439410e-23     
   10.0000       1.0000e+18    2.1544e+16    7.44439410e-23     
   10.0000       1.0000e+18    3.5938e+16    7.44439410e-23     
   10.0000       1.0000e+18    5.9948e+16    7.44439410e-23     
   10.0000       1.0000e+18    1.0000e+17    7.44439410e-23     
   10.0000       1.6681e+18    1.0000e+15    7.07606205e-23     
   10.0000       1.6681e+18    1.6681e+15    7.07606205e-23     
   10.0000       1.6681e+18    2.7826e+15    7.07606205e-23     
   10.0000       1.6681e+18    4.6416e+15    7.07606205e-23     
   10.0000       1.6681e+18    7.7426e+15    7.07606205e-23     
   10.0000       1.6681e+18    1.2915e+16    7.07606205e-23     
   10.0000       1.6681e+18    2.1544e+16    7.07606205e-23     
   10.0000       1.6681e+18    3.5938e+16    7.07606205e-23     
   10.0000       1.6681e+18    5.9948e+16    7.07606205e-23     
   10.0000       1.6681e+18    1.0000e+17    7.07606205e-23     
   10.0000       2.7826e+18    1.0000e+15    6.59841440e-23     
   10.0000       2.7826e+18    1.6681e+15    6.59841440e-23     
   10.0000       2.7826e+18    2.7826e+15    6.59841440e-23     
   10.0000       2.7826e+18    4.6416e+15    6.59841440e-23     
   10.0000       2.7826e+18    7.7426e+15    6.59841440e-23     
   10.0000       2.7826e+18    1.2915e+16    6.59841440e-23     
   10.0000       2.7826e+18    2.1544e+16    6.59841440e-23     
   10.0000       2.7826e+18    3.5938e+16    6.59841440e-23     
   10.0000       2.7826e+18    5.9948e+16    6.59841440e-23     
   10.0000       2.7826e+18    1.0000e+17    6.59841440e-23     
   10.0000       4.6416e+18    1.0000e+15    5.98598530e-23     
   10.0000       4.6416e+18    1.6681e+15    5.98598530e-23     
   10.0000       4.6416e+18    2.7826e+15    5.98598530e-23     
   10.0000       4.6416e+18    4.6416e+15    5.98598530e-23     
   10.0000       4.6416e+18    7.7426e+15    5.98598530e-23     
   10.0000       4.6416e+18    1.2915e+16    5.98598530e-23     
   10.0000       4.6416e+18    2.1544e+16    5.98598530e-23     
   10.0000       4.6416e+18    3.5938e+16    5.98598530e-23     
   10.0000       4.6416e+18    5.9948e+16    5.98598530e-23     
   10.0000       4.6416e+18    1.0000e+17    5.98598530e-23     
   10.0000       7.7426e+18    1.0000e+15    5.22594950e-23     
   10.0000       7.7426e+18    1.6681e+15    5.22594950e-23     
   10.0000       7.7426e+18    2.7826e+15    5.22594950e-23     
   10.0000       7.7426e+18    4.6416e+15    5.22594950e-23     
   10.0000       7.7426e+18    7.7426e+15    5.22594950e-23     
   10.0000       7.7426e+18    1.2915e+16    5.22594950e-23     
   10.0000       7.7426e+18    2.1544e+16    5.22594950e-23     
   10.0000       7.7426e+18    3.5938e+16    5.22594950e-23     
   10.0000       7.7426e+18    5.9948e+16    5.22594950e-23     
   10.0000       7.7426e+18    1.0000e+17    5.22594950e-23     
   10.0000       1.2915e+19    1.0000e+15    4.34156526e-23     
   10.0000       1.2915e+19    1.6681e+15    4.34156526e-23     
   10.0000       1.2915e+19    2.7826e+15    4.34156526e-23     
   10.0000       1.2915e+19    4.6416e+15    4.34156526e-23     
   10.0000       1.2915e+19    7.7426e+15    4.34156526e-23     
   10.0000       1.2915e+19    1.2915e+16    4.34156526e-23     
   10.0000       1.2915e+19    2.1544e+16    4.34156526e-23     
   10.0000       1.2915e+19    3.5938e+16    4.34156526e-23     
   10.0000       1.2915e+19    5.9948e+16    4.34156526e-23     
   10.0000       1.2915e+19    1.0000e+17    4.34156526e-23     
   10.0000       2.1544e+19    1.0000e+15    3.40638104e-23     
   10.0000       2.1544e+19    1.6681e+15    3.40638104e-23     
   10.0000       2.1544e+19    2.7826e+15    3.40638104e-23     
   10.0000       2.1544e+19    4.6416e+15    3.40638104e-23     
   10.0000       2.1544e+19    7.7426e+15    3.40638104e-23     
   10.0000       2.1544e+19    1.2915e+16    3.40638104e-23     
   10.0000       2.1544e+19    2.1544e+16    3.40638104e-23     
   10.0000       2.1544e+19    3.5938e+16    3.40638104e-23     
   10.0000       2.1544e+19    5.9948e+16    3.40638104e-23     
   10.0000       2.1544e+19    1.0000e+17    3.40638104e-23     
   10.0000       3.5938e+19    1.0000e+15    2.52388954e-23     
   10.0000       3.5938e+19    1.6681e+15    2.52388954e-23     
   10.0000       3.5938e+19    2.7826e+15    2.52388954e-23     
   10.0000       3.5938e+19    4.6416e+15    2.52388954e-23     
   10.0000       3.5938e+19    7.7426e+15    2.52388954e-23     
   10.0000       3.5938e+19    1.2915e+16    2.52388954e-23     
   10.0000       3.5938e+19    2.1544e+16    2.52388954e-23     
   10.0000       3.5938e+19    3.5938e+16    2.52388954e-23     
   10.0000       3.5938e+19    5.9948e+16    2.52388954e-23     
   10.0000       3.5938e+19    1.0000e+17    2.52388954e-23     
   10.0000       5.9948e+19    1.0000e+15    1.78030847e-23     
   10.0000       5.9948e+19    1.6681e+15    1.78030847e-23     
   10.0000       5.9948e+19    2.7826e+15    1.78030847e-23     
   10.0000       5.9948e+19    4.6416e+15    1.78030847e-23     
   10.0000       5.9948e+19    7.7426e+15    1.78030847e-23     
   10.0000       5.9948e+19    1.2915e+16    1.78030847e-23     
   10.0000       5.9948e+19    2.1544e+16    1.78030847e-23     
   10.0000       5.9948e+19    3.5938e+16    1.78030847e-23     
   10.0000       5.9948e+19    5.9948e+16    1.78030847e-23     
   10.0000       5.9948e+19    1.0000e+17    1.78030847e-23     
   10.0000       1.0000e+20    1.0000e+15    1.21138533e-23     
   10.0000       1.0000e+20    1.6681e+15    1.21138533e-23     
   10.0000       1.0000e+20    2.7826e+15    1.21138533e-23     
   10.0000       1.0000e+20    4.6416e+15    1.21138533e-23     
   10.0000       1.0000e+20    7.7426e+15    1.21138533e-23     
   10.0000       1.0000e+20    1.2915e+16    1.21138533e-23     
   10.0000       1.0000e+20    2.1544e+16    1.21138533e-23     
   10.0000       1.0000e+20    3.5938e+16    1.21138533e-23     
   10.0000       1.0000e+20    5.9948e+16    1.21138533e-23     
   10.0000       1.0000e+20    1.0000e+17    1.21138533e-23     
