#
# Output file generated by Yacora 1.5.0
# =====================================
#   Filename: 'YacoraRun_PopCoeff_n=7.dat'
#   Date of creation: 11. May 2022
#   Time of creation: 07:58:44
#   Used input file: 'H_20_11_2019.txt'
#   Performed calculation: Population Coefficient for state 'H(7)' coupled to the particle 'H2'
#
#   Please cite D. Wünderlich, M. Giacomin, R. Ritz and U. Fantz, J. Quant. Spectrosc. Radiat. Transfer 240, 2020, 106695, if you use Yacora results.
#
# Description of the used Parameters:
# ===================================
#
#   Temperatures and Densities: 
#              T_e: 10 calculated values between 1.0000 and 10.0000
#              T_n1: Fixed value 8000.0000
#              n_e: 10 calculated values between 1.0000e+18 and 1.0000e+20
#              n_i1: Fixed value 0.0000
#              n_n2: 10 calculated values between 1.0000e+18 and 1.0000e+20

#   Electron energy distribution function: 
#              Maxwellian
#
# Calculated Data:
# ================
#  T_e           n_e           n_n2          POP_COEFF      
   1.0000        1.0000e+18    1.0000e+18    9.46280618e-33     
   1.0000        1.0000e+18    1.6681e+18    9.46280618e-33     
   1.0000        1.0000e+18    2.7826e+18    9.46280618e-33     
   1.0000        1.0000e+18    4.6416e+18    9.46280618e-33     
   1.0000        1.0000e+18    7.7426e+18    9.46280618e-33     
   1.0000        1.0000e+18    1.2915e+19    9.46280618e-33     
   1.0000        1.0000e+18    2.1544e+19    9.46280618e-33     
   1.0000        1.0000e+18    3.5938e+19    9.46280618e-33     
   1.0000        1.0000e+18    5.9948e+19    9.46280618e-33     
   1.0000        1.0000e+18    1.0000e+20    9.46280618e-33     
   1.0000        1.6681e+18    1.0000e+18    7.63320627e-33     
   1.0000        1.6681e+18    1.6681e+18    7.63320627e-33     
   1.0000        1.6681e+18    2.7826e+18    7.63320627e-33     
   1.0000        1.6681e+18    4.6416e+18    7.63320627e-33     
   1.0000        1.6681e+18    7.7426e+18    7.63320627e-33     
   1.0000        1.6681e+18    1.2915e+19    7.63320627e-33     
   1.0000        1.6681e+18    2.1544e+19    7.63320627e-33     
   1.0000        1.6681e+18    3.5938e+19    7.63320627e-33     
   1.0000        1.6681e+18    5.9948e+19    7.63320627e-33     
   1.0000        1.6681e+18    1.0000e+20    7.63320627e-33     
   1.0000        2.7826e+18    1.0000e+18    6.14061082e-33     
   1.0000        2.7826e+18    1.6681e+18    6.14061082e-33     
   1.0000        2.7826e+18    2.7826e+18    6.14061082e-33     
   1.0000        2.7826e+18    4.6416e+18    6.14061082e-33     
   1.0000        2.7826e+18    7.7426e+18    6.14061082e-33     
   1.0000        2.7826e+18    1.2915e+19    6.14061082e-33     
   1.0000        2.7826e+18    2.1544e+19    6.14061082e-33     
   1.0000        2.7826e+18    3.5938e+19    6.14061082e-33     
   1.0000        2.7826e+18    5.9948e+19    6.14061082e-33     
   1.0000        2.7826e+18    1.0000e+20    6.14061082e-33     
   1.0000        4.6416e+18    1.0000e+18    4.92785869e-33     
   1.0000        4.6416e+18    1.6681e+18    4.92785869e-33     
   1.0000        4.6416e+18    2.7826e+18    4.92785869e-33     
   1.0000        4.6416e+18    4.6416e+18    4.92785869e-33     
   1.0000        4.6416e+18    7.7426e+18    4.92785869e-33     
   1.0000        4.6416e+18    1.2915e+19    4.92785869e-33     
   1.0000        4.6416e+18    2.1544e+19    4.92785869e-33     
   1.0000        4.6416e+18    3.5938e+19    4.92785869e-33     
   1.0000        4.6416e+18    5.9948e+19    4.92785869e-33     
   1.0000        4.6416e+18    1.0000e+20    4.92785869e-33     
   1.0000        7.7426e+18    1.0000e+18    3.95199346e-33     
   1.0000        7.7426e+18    1.6681e+18    3.95199346e-33     
   1.0000        7.7426e+18    2.7826e+18    3.95199346e-33     
   1.0000        7.7426e+18    4.6416e+18    3.95199346e-33     
   1.0000        7.7426e+18    7.7426e+18    3.95199346e-33     
   1.0000        7.7426e+18    1.2915e+19    3.95199346e-33     
   1.0000        7.7426e+18    2.1544e+19    3.95199346e-33     
   1.0000        7.7426e+18    3.5938e+19    3.95199346e-33     
   1.0000        7.7426e+18    5.9948e+19    3.95199346e-33     
   1.0000        7.7426e+18    1.0000e+20    3.95199346e-33     
   1.0000        1.2915e+19    1.0000e+18    3.17543807e-33     
   1.0000        1.2915e+19    1.6681e+18    3.17543807e-33     
   1.0000        1.2915e+19    2.7826e+18    3.17543807e-33     
   1.0000        1.2915e+19    4.6416e+18    3.17543807e-33     
   1.0000        1.2915e+19    7.7426e+18    3.17543807e-33     
   1.0000        1.2915e+19    1.2915e+19    3.17543807e-33     
   1.0000        1.2915e+19    2.1544e+19    3.17543807e-33     
   1.0000        1.2915e+19    3.5938e+19    3.17543807e-33     
   1.0000        1.2915e+19    5.9948e+19    3.17543807e-33     
   1.0000        1.2915e+19    1.0000e+20    3.17543807e-33     
   1.0000        2.1544e+19    1.0000e+18    2.55614352e-33     
   1.0000        2.1544e+19    1.6681e+18    2.55614352e-33     
   1.0000        2.1544e+19    2.7826e+18    2.55614352e-33     
   1.0000        2.1544e+19    4.6416e+18    2.55614352e-33     
   1.0000        2.1544e+19    7.7426e+18    2.55614352e-33     
   1.0000        2.1544e+19    1.2915e+19    2.55614352e-33     
   1.0000        2.1544e+19    2.1544e+19    2.55614352e-33     
   1.0000        2.1544e+19    3.5938e+19    2.55614352e-33     
   1.0000        2.1544e+19    5.9948e+19    2.55614352e-33     
   1.0000        2.1544e+19    1.0000e+20    2.55614352e-33     
   1.0000        3.5938e+19    1.0000e+18    2.05278050e-33     
   1.0000        3.5938e+19    1.6681e+18    2.05278050e-33     
   1.0000        3.5938e+19    2.7826e+18    2.05278050e-33     
   1.0000        3.5938e+19    4.6416e+18    2.05278050e-33     
   1.0000        3.5938e+19    7.7426e+18    2.05278050e-33     
   1.0000        3.5938e+19    1.2915e+19    2.05278050e-33     
   1.0000        3.5938e+19    2.1544e+19    2.05278050e-33     
   1.0000        3.5938e+19    3.5938e+19    2.05278050e-33     
   1.0000        3.5938e+19    5.9948e+19    2.05278050e-33     
   1.0000        3.5938e+19    1.0000e+20    2.05278050e-33     
   1.0000        5.9948e+19    1.0000e+18    1.63712532e-33     
   1.0000        5.9948e+19    1.6681e+18    1.63712532e-33     
   1.0000        5.9948e+19    2.7826e+18    1.63712532e-33     
   1.0000        5.9948e+19    4.6416e+18    1.63712532e-33     
   1.0000        5.9948e+19    7.7426e+18    1.63712532e-33     
   1.0000        5.9948e+19    1.2915e+19    1.63712532e-33     
   1.0000        5.9948e+19    2.1544e+19    1.63712532e-33     
   1.0000        5.9948e+19    3.5938e+19    1.63712532e-33     
   1.0000        5.9948e+19    5.9948e+19    1.63712532e-33     
   1.0000        5.9948e+19    1.0000e+20    1.63712532e-33     
   1.0000        1.0000e+20    1.0000e+18    1.29770332e-33     
   1.0000        1.0000e+20    1.6681e+18    1.29770332e-33     
   1.0000        1.0000e+20    2.7826e+18    1.29770332e-33     
   1.0000        1.0000e+20    4.6416e+18    1.29770332e-33     
   1.0000        1.0000e+20    7.7426e+18    1.29770332e-33     
   1.0000        1.0000e+20    1.2915e+19    1.29770332e-33     
   1.0000        1.0000e+20    2.1544e+19    1.29770332e-33     
   1.0000        1.0000e+20    3.5938e+19    1.29770332e-33     
   1.0000        1.0000e+20    5.9948e+19    1.29770332e-33     
   1.0000        1.0000e+20    1.0000e+20    1.29770332e-33     
   1.2915        1.0000e+18    1.0000e+18    5.29629010e-31     
   1.2915        1.0000e+18    1.6681e+18    5.29629010e-31     
   1.2915        1.0000e+18    2.7826e+18    5.29629010e-31     
   1.2915        1.0000e+18    4.6416e+18    5.29629010e-31     
   1.2915        1.0000e+18    7.7426e+18    5.29629010e-31     
   1.2915        1.0000e+18    1.2915e+19    5.29629010e-31     
   1.2915        1.0000e+18    2.1544e+19    5.29629010e-31     
   1.2915        1.0000e+18    3.5938e+19    5.29629010e-31     
   1.2915        1.0000e+18    5.9948e+19    5.29629010e-31     
   1.2915        1.0000e+18    1.0000e+20    5.29629010e-31     
   1.2915        1.6681e+18    1.0000e+18    4.29504529e-31     
   1.2915        1.6681e+18    1.6681e+18    4.29504529e-31     
   1.2915        1.6681e+18    2.7826e+18    4.29504529e-31     
   1.2915        1.6681e+18    4.6416e+18    4.29504529e-31     
   1.2915        1.6681e+18    7.7426e+18    4.29504529e-31     
   1.2915        1.6681e+18    1.2915e+19    4.29504529e-31     
   1.2915        1.6681e+18    2.1544e+19    4.29504529e-31     
   1.2915        1.6681e+18    3.5938e+19    4.29504529e-31     
   1.2915        1.6681e+18    5.9948e+19    4.29504529e-31     
   1.2915        1.6681e+18    1.0000e+20    4.29504529e-31     
   1.2915        2.7826e+18    1.0000e+18    3.47529662e-31     
   1.2915        2.7826e+18    1.6681e+18    3.47529662e-31     
   1.2915        2.7826e+18    2.7826e+18    3.47529662e-31     
   1.2915        2.7826e+18    4.6416e+18    3.47529662e-31     
   1.2915        2.7826e+18    7.7426e+18    3.47529662e-31     
   1.2915        2.7826e+18    1.2915e+19    3.47529662e-31     
   1.2915        2.7826e+18    2.1544e+19    3.47529662e-31     
   1.2915        2.7826e+18    3.5938e+19    3.47529662e-31     
   1.2915        2.7826e+18    5.9948e+19    3.47529662e-31     
   1.2915        2.7826e+18    1.0000e+20    3.47529662e-31     
   1.2915        4.6416e+18    1.0000e+18    2.80741237e-31     
   1.2915        4.6416e+18    1.6681e+18    2.80741237e-31     
   1.2915        4.6416e+18    2.7826e+18    2.80741237e-31     
   1.2915        4.6416e+18    4.6416e+18    2.80741237e-31     
   1.2915        4.6416e+18    7.7426e+18    2.80741237e-31     
   1.2915        4.6416e+18    1.2915e+19    2.80741237e-31     
   1.2915        4.6416e+18    2.1544e+19    2.80741237e-31     
   1.2915        4.6416e+18    3.5938e+19    2.80741237e-31     
   1.2915        4.6416e+18    5.9948e+19    2.80741237e-31     
   1.2915        4.6416e+18    1.0000e+20    2.80741237e-31     
   1.2915        7.7426e+18    1.0000e+18    2.26827437e-31     
   1.2915        7.7426e+18    1.6681e+18    2.26827437e-31     
   1.2915        7.7426e+18    2.7826e+18    2.26827437e-31     
   1.2915        7.7426e+18    4.6416e+18    2.26827437e-31     
   1.2915        7.7426e+18    7.7426e+18    2.26827437e-31     
   1.2915        7.7426e+18    1.2915e+19    2.26827437e-31     
   1.2915        7.7426e+18    2.1544e+19    2.26827437e-31     
   1.2915        7.7426e+18    3.5938e+19    2.26827437e-31     
   1.2915        7.7426e+18    5.9948e+19    2.26827437e-31     
   1.2915        7.7426e+18    1.0000e+20    2.26827437e-31     
   1.2915        1.2915e+19    1.0000e+18    1.83482199e-31     
   1.2915        1.2915e+19    1.6681e+18    1.83482199e-31     
   1.2915        1.2915e+19    2.7826e+18    1.83482199e-31     
   1.2915        1.2915e+19    4.6416e+18    1.83482199e-31     
   1.2915        1.2915e+19    7.7426e+18    1.83482199e-31     
   1.2915        1.2915e+19    1.2915e+19    1.83482199e-31     
   1.2915        1.2915e+19    2.1544e+19    1.83482199e-31     
   1.2915        1.2915e+19    3.5938e+19    1.83482199e-31     
   1.2915        1.2915e+19    5.9948e+19    1.83482199e-31     
   1.2915        1.2915e+19    1.0000e+20    1.83482199e-31     
   1.2915        2.1544e+19    1.0000e+18    1.48198361e-31     
   1.2915        2.1544e+19    1.6681e+18    1.48198361e-31     
   1.2915        2.1544e+19    2.7826e+18    1.48198361e-31     
   1.2915        2.1544e+19    4.6416e+18    1.48198361e-31     
   1.2915        2.1544e+19    7.7426e+18    1.48198361e-31     
   1.2915        2.1544e+19    1.2915e+19    1.48198361e-31     
   1.2915        2.1544e+19    2.1544e+19    1.48198361e-31     
   1.2915        2.1544e+19    3.5938e+19    1.48198361e-31     
   1.2915        2.1544e+19    5.9948e+19    1.48198361e-31     
   1.2915        2.1544e+19    1.0000e+20    1.48198361e-31     
   1.2915        3.5938e+19    1.0000e+18    1.18889702e-31     
   1.2915        3.5938e+19    1.6681e+18    1.18889702e-31     
   1.2915        3.5938e+19    2.7826e+18    1.18889702e-31     
   1.2915        3.5938e+19    4.6416e+18    1.18889702e-31     
   1.2915        3.5938e+19    7.7426e+18    1.18889702e-31     
   1.2915        3.5938e+19    1.2915e+19    1.18889702e-31     
   1.2915        3.5938e+19    2.1544e+19    1.18889702e-31     
   1.2915        3.5938e+19    3.5938e+19    1.18889702e-31     
   1.2915        3.5938e+19    5.9948e+19    1.18889702e-31     
   1.2915        3.5938e+19    1.0000e+20    1.18889702e-31     
   1.2915        5.9948e+19    1.0000e+18    9.44825572e-32     
   1.2915        5.9948e+19    1.6681e+18    9.44825572e-32     
   1.2915        5.9948e+19    2.7826e+18    9.44825572e-32     
   1.2915        5.9948e+19    4.6416e+18    9.44825572e-32     
   1.2915        5.9948e+19    7.7426e+18    9.44825572e-32     
   1.2915        5.9948e+19    1.2915e+19    9.44825572e-32     
   1.2915        5.9948e+19    2.1544e+19    9.44825572e-32     
   1.2915        5.9948e+19    3.5938e+19    9.44825572e-32     
   1.2915        5.9948e+19    5.9948e+19    9.44825572e-32     
   1.2915        5.9948e+19    1.0000e+20    9.44825572e-32     
   1.2915        1.0000e+20    1.0000e+18    7.47176559e-32     
   1.2915        1.0000e+20    1.6681e+18    7.47176559e-32     
   1.2915        1.0000e+20    2.7826e+18    7.47176559e-32     
   1.2915        1.0000e+20    4.6416e+18    7.47176559e-32     
   1.2915        1.0000e+20    7.7426e+18    7.47176559e-32     
   1.2915        1.0000e+20    1.2915e+19    7.47176559e-32     
   1.2915        1.0000e+20    2.1544e+19    7.47176559e-32     
   1.2915        1.0000e+20    3.5938e+19    7.47176559e-32     
   1.2915        1.0000e+20    5.9948e+19    7.47176559e-32     
   1.2915        1.0000e+20    1.0000e+20    7.47176559e-32     
   1.6681        1.0000e+18    1.0000e+18    1.07996557e-29     
   1.6681        1.0000e+18    1.6681e+18    1.07996557e-29     
   1.6681        1.0000e+18    2.7826e+18    1.07996557e-29     
   1.6681        1.0000e+18    4.6416e+18    1.07996557e-29     
   1.6681        1.0000e+18    7.7426e+18    1.07996557e-29     
   1.6681        1.0000e+18    1.2915e+19    1.07996557e-29     
   1.6681        1.0000e+18    2.1544e+19    1.07996557e-29     
   1.6681        1.0000e+18    3.5938e+19    1.07996557e-29     
   1.6681        1.0000e+18    5.9948e+19    1.07996557e-29     
   1.6681        1.0000e+18    1.0000e+20    1.07996557e-29     
   1.6681        1.6681e+18    1.0000e+18    8.80167336e-30     
   1.6681        1.6681e+18    1.6681e+18    8.80167336e-30     
   1.6681        1.6681e+18    2.7826e+18    8.80167336e-30     
   1.6681        1.6681e+18    4.6416e+18    8.80167336e-30     
   1.6681        1.6681e+18    7.7426e+18    8.80167336e-30     
   1.6681        1.6681e+18    1.2915e+19    8.80167336e-30     
   1.6681        1.6681e+18    2.1544e+19    8.80167336e-30     
   1.6681        1.6681e+18    3.5938e+19    8.80167336e-30     
   1.6681        1.6681e+18    5.9948e+19    8.80167336e-30     
   1.6681        1.6681e+18    1.0000e+20    8.80167336e-30     
   1.6681        2.7826e+18    1.0000e+18    7.16002964e-30     
   1.6681        2.7826e+18    1.6681e+18    7.16002964e-30     
   1.6681        2.7826e+18    2.7826e+18    7.16002964e-30     
   1.6681        2.7826e+18    4.6416e+18    7.16002964e-30     
   1.6681        2.7826e+18    7.7426e+18    7.16002964e-30     
   1.6681        2.7826e+18    1.2915e+19    7.16002964e-30     
   1.6681        2.7826e+18    2.1544e+19    7.16002964e-30     
   1.6681        2.7826e+18    3.5938e+19    7.16002964e-30     
   1.6681        2.7826e+18    5.9948e+19    7.16002964e-30     
   1.6681        2.7826e+18    1.0000e+20    7.16002964e-30     
   1.6681        4.6416e+18    1.0000e+18    5.81845391e-30     
   1.6681        4.6416e+18    1.6681e+18    5.81845391e-30     
   1.6681        4.6416e+18    2.7826e+18    5.81845391e-30     
   1.6681        4.6416e+18    4.6416e+18    5.81845391e-30     
   1.6681        4.6416e+18    7.7426e+18    5.81845391e-30     
   1.6681        4.6416e+18    1.2915e+19    5.81845391e-30     
   1.6681        4.6416e+18    2.1544e+19    5.81845391e-30     
   1.6681        4.6416e+18    3.5938e+19    5.81845391e-30     
   1.6681        4.6416e+18    5.9948e+19    5.81845391e-30     
   1.6681        4.6416e+18    1.0000e+20    5.81845391e-30     
   1.6681        7.7426e+18    1.0000e+18    4.72946744e-30     
   1.6681        7.7426e+18    1.6681e+18    4.72946744e-30     
   1.6681        7.7426e+18    2.7826e+18    4.72946744e-30     
   1.6681        7.7426e+18    4.6416e+18    4.72946744e-30     
   1.6681        7.7426e+18    7.7426e+18    4.72946744e-30     
   1.6681        7.7426e+18    1.2915e+19    4.72946744e-30     
   1.6681        7.7426e+18    2.1544e+19    4.72946744e-30     
   1.6681        7.7426e+18    3.5938e+19    4.72946744e-30     
   1.6681        7.7426e+18    5.9948e+19    4.72946744e-30     
   1.6681        7.7426e+18    1.0000e+20    4.72946744e-30     
   1.6681        1.2915e+19    1.0000e+18    3.84235323e-30     
   1.6681        1.2915e+19    1.6681e+18    3.84235323e-30     
   1.6681        1.2915e+19    2.7826e+18    3.84235323e-30     
   1.6681        1.2915e+19    4.6416e+18    3.84235323e-30     
   1.6681        1.2915e+19    7.7426e+18    3.84235323e-30     
   1.6681        1.2915e+19    1.2915e+19    3.84235323e-30     
   1.6681        1.2915e+19    2.1544e+19    3.84235323e-30     
   1.6681        1.2915e+19    3.5938e+19    3.84235323e-30     
   1.6681        1.2915e+19    5.9948e+19    3.84235323e-30     
   1.6681        1.2915e+19    1.0000e+20    3.84235323e-30     
   1.6681        2.1544e+19    1.0000e+18    3.10653866e-30     
   1.6681        2.1544e+19    1.6681e+18    3.10653866e-30     
   1.6681        2.1544e+19    2.7826e+18    3.10653866e-30     
   1.6681        2.1544e+19    4.6416e+18    3.10653866e-30     
   1.6681        2.1544e+19    7.7426e+18    3.10653866e-30     
   1.6681        2.1544e+19    1.2915e+19    3.10653866e-30     
   1.6681        2.1544e+19    2.1544e+19    3.10653866e-30     
   1.6681        2.1544e+19    3.5938e+19    3.10653866e-30     
   1.6681        2.1544e+19    5.9948e+19    3.10653866e-30     
   1.6681        2.1544e+19    1.0000e+20    3.10653866e-30     
   1.6681        3.5938e+19    1.0000e+18    2.48737333e-30     
   1.6681        3.5938e+19    1.6681e+18    2.48737333e-30     
   1.6681        3.5938e+19    2.7826e+18    2.48737333e-30     
   1.6681        3.5938e+19    4.6416e+18    2.48737333e-30     
   1.6681        3.5938e+19    7.7426e+18    2.48737333e-30     
   1.6681        3.5938e+19    1.2915e+19    2.48737333e-30     
   1.6681        3.5938e+19    2.1544e+19    2.48737333e-30     
   1.6681        3.5938e+19    3.5938e+19    2.48737333e-30     
   1.6681        3.5938e+19    5.9948e+19    2.48737333e-30     
   1.6681        3.5938e+19    1.0000e+20    2.48737333e-30     
   1.6681        5.9948e+19    1.0000e+18    1.97262551e-30     
   1.6681        5.9948e+19    1.6681e+18    1.97262551e-30     
   1.6681        5.9948e+19    2.7826e+18    1.97262551e-30     
   1.6681        5.9948e+19    4.6416e+18    1.97262551e-30     
   1.6681        5.9948e+19    7.7426e+18    1.97262551e-30     
   1.6681        5.9948e+19    1.2915e+19    1.97262551e-30     
   1.6681        5.9948e+19    2.1544e+19    1.97262551e-30     
   1.6681        5.9948e+19    3.5938e+19    1.97262551e-30     
   1.6681        5.9948e+19    5.9948e+19    1.97262551e-30     
   1.6681        5.9948e+19    1.0000e+20    1.97262551e-30     
   1.6681        1.0000e+20    1.0000e+18    1.56084592e-30     
   1.6681        1.0000e+20    1.6681e+18    1.56084592e-30     
   1.6681        1.0000e+20    2.7826e+18    1.56084592e-30     
   1.6681        1.0000e+20    4.6416e+18    1.56084592e-30     
   1.6681        1.0000e+20    7.7426e+18    1.56084592e-30     
   1.6681        1.0000e+20    1.2915e+19    1.56084592e-30     
   1.6681        1.0000e+20    2.1544e+19    1.56084592e-30     
   1.6681        1.0000e+20    3.5938e+19    1.56084592e-30     
   1.6681        1.0000e+20    5.9948e+19    1.56084592e-30     
   1.6681        1.0000e+20    1.0000e+20    1.56084592e-30     
   2.1544        1.0000e+18    1.0000e+18    1.07973897e-28     
   2.1544        1.0000e+18    1.6681e+18    1.07973897e-28     
   2.1544        1.0000e+18    2.7826e+18    1.07973897e-28     
   2.1544        1.0000e+18    4.6416e+18    1.07973897e-28     
   2.1544        1.0000e+18    7.7426e+18    1.07973897e-28     
   2.1544        1.0000e+18    1.2915e+19    1.07973897e-28     
   2.1544        1.0000e+18    2.1544e+19    1.07973897e-28     
   2.1544        1.0000e+18    3.5938e+19    1.07973897e-28     
   2.1544        1.0000e+18    5.9948e+19    1.07973897e-28     
   2.1544        1.0000e+18    1.0000e+20    1.07973897e-28     
   2.1544        1.6681e+18    1.0000e+18    8.83853379e-29     
   2.1544        1.6681e+18    1.6681e+18    8.83853379e-29     
   2.1544        1.6681e+18    2.7826e+18    8.83853379e-29     
   2.1544        1.6681e+18    4.6416e+18    8.83853379e-29     
   2.1544        1.6681e+18    7.7426e+18    8.83853379e-29     
   2.1544        1.6681e+18    1.2915e+19    8.83853379e-29     
   2.1544        1.6681e+18    2.1544e+19    8.83853379e-29     
   2.1544        1.6681e+18    3.5938e+19    8.83853379e-29     
   2.1544        1.6681e+18    5.9948e+19    8.83853379e-29     
   2.1544        1.6681e+18    1.0000e+20    8.83853379e-29     
   2.1544        2.7826e+18    1.0000e+18    7.22356469e-29     
   2.1544        2.7826e+18    1.6681e+18    7.22356469e-29     
   2.1544        2.7826e+18    2.7826e+18    7.22356469e-29     
   2.1544        2.7826e+18    4.6416e+18    7.22356469e-29     
   2.1544        2.7826e+18    7.7426e+18    7.22356469e-29     
   2.1544        2.7826e+18    1.2915e+19    7.22356469e-29     
   2.1544        2.7826e+18    2.1544e+19    7.22356469e-29     
   2.1544        2.7826e+18    3.5938e+19    7.22356469e-29     
   2.1544        2.7826e+18    5.9948e+19    7.22356469e-29     
   2.1544        2.7826e+18    1.0000e+20    7.22356469e-29     
   2.1544        4.6416e+18    1.0000e+18    5.89910795e-29     
   2.1544        4.6416e+18    1.6681e+18    5.89910795e-29     
   2.1544        4.6416e+18    2.7826e+18    5.89910795e-29     
   2.1544        4.6416e+18    4.6416e+18    5.89910795e-29     
   2.1544        4.6416e+18    7.7426e+18    5.89910795e-29     
   2.1544        4.6416e+18    1.2915e+19    5.89910795e-29     
   2.1544        4.6416e+18    2.1544e+19    5.89910795e-29     
   2.1544        4.6416e+18    3.5938e+19    5.89910795e-29     
   2.1544        4.6416e+18    5.9948e+19    5.89910795e-29     
   2.1544        4.6416e+18    1.0000e+20    5.89910795e-29     
   2.1544        7.7426e+18    1.0000e+18    4.81632686e-29     
   2.1544        7.7426e+18    1.6681e+18    4.81632686e-29     
   2.1544        7.7426e+18    2.7826e+18    4.81632686e-29     
   2.1544        7.7426e+18    4.6416e+18    4.81632686e-29     
   2.1544        7.7426e+18    7.7426e+18    4.81632686e-29     
   2.1544        7.7426e+18    1.2915e+19    4.81632686e-29     
   2.1544        7.7426e+18    2.1544e+19    4.81632686e-29     
   2.1544        7.7426e+18    3.5938e+19    4.81632686e-29     
   2.1544        7.7426e+18    5.9948e+19    4.81632686e-29     
   2.1544        7.7426e+18    1.0000e+20    4.81632686e-29     
   2.1544        1.2915e+19    1.0000e+18    3.92250448e-29     
   2.1544        1.2915e+19    1.6681e+18    3.92250448e-29     
   2.1544        1.2915e+19    2.7826e+18    3.92250448e-29     
   2.1544        1.2915e+19    4.6416e+18    3.92250448e-29     
   2.1544        1.2915e+19    7.7426e+18    3.92250448e-29     
   2.1544        1.2915e+19    1.2915e+19    3.92250448e-29     
   2.1544        1.2915e+19    2.1544e+19    3.92250448e-29     
   2.1544        1.2915e+19    3.5938e+19    3.92250448e-29     
   2.1544        1.2915e+19    5.9948e+19    3.92250448e-29     
   2.1544        1.2915e+19    1.0000e+20    3.92250448e-29     
   2.1544        2.1544e+19    1.0000e+18    3.17061931e-29     
   2.1544        2.1544e+19    1.6681e+18    3.17061931e-29     
   2.1544        2.1544e+19    2.7826e+18    3.17061931e-29     
   2.1544        2.1544e+19    4.6416e+18    3.17061931e-29     
   2.1544        2.1544e+19    7.7426e+18    3.17061931e-29     
   2.1544        2.1544e+19    1.2915e+19    3.17061931e-29     
   2.1544        2.1544e+19    2.1544e+19    3.17061931e-29     
   2.1544        2.1544e+19    3.5938e+19    3.17061931e-29     
   2.1544        2.1544e+19    5.9948e+19    3.17061931e-29     
   2.1544        2.1544e+19    1.0000e+20    3.17061931e-29     
   2.1544        3.5938e+19    1.0000e+18    2.53476395e-29     
   2.1544        3.5938e+19    1.6681e+18    2.53476395e-29     
   2.1544        3.5938e+19    2.7826e+18    2.53476395e-29     
   2.1544        3.5938e+19    4.6416e+18    2.53476395e-29     
   2.1544        3.5938e+19    7.7426e+18    2.53476395e-29     
   2.1544        3.5938e+19    1.2915e+19    2.53476395e-29     
   2.1544        3.5938e+19    2.1544e+19    2.53476395e-29     
   2.1544        3.5938e+19    3.5938e+19    2.53476395e-29     
   2.1544        3.5938e+19    5.9948e+19    2.53476395e-29     
   2.1544        3.5938e+19    1.0000e+20    2.53476395e-29     
   2.1544        5.9948e+19    1.0000e+18    2.00973657e-29     
   2.1544        5.9948e+19    1.6681e+18    2.00973657e-29     
   2.1544        5.9948e+19    2.7826e+18    2.00973657e-29     
   2.1544        5.9948e+19    4.6416e+18    2.00973657e-29     
   2.1544        5.9948e+19    7.7426e+18    2.00973657e-29     
   2.1544        5.9948e+19    1.2915e+19    2.00973657e-29     
   2.1544        5.9948e+19    2.1544e+19    2.00973657e-29     
   2.1544        5.9948e+19    3.5938e+19    2.00973657e-29     
   2.1544        5.9948e+19    5.9948e+19    2.00973657e-29     
   2.1544        5.9948e+19    1.0000e+20    2.00973657e-29     
   2.1544        1.0000e+20    1.0000e+18    1.59421334e-29     
   2.1544        1.0000e+20    1.6681e+18    1.59421334e-29     
   2.1544        1.0000e+20    2.7826e+18    1.59421334e-29     
   2.1544        1.0000e+20    4.6416e+18    1.59421334e-29     
   2.1544        1.0000e+20    7.7426e+18    1.59421334e-29     
   2.1544        1.0000e+20    1.2915e+19    1.59421334e-29     
   2.1544        1.0000e+20    2.1544e+19    1.59421334e-29     
   2.1544        1.0000e+20    3.5938e+19    1.59421334e-29     
   2.1544        1.0000e+20    5.9948e+19    1.59421334e-29     
   2.1544        1.0000e+20    1.0000e+20    1.59421334e-29     
   2.7826        1.0000e+18    1.0000e+18    6.74566154e-28     
   2.7826        1.0000e+18    1.6681e+18    6.74566154e-28     
   2.7826        1.0000e+18    2.7826e+18    6.74566154e-28     
   2.7826        1.0000e+18    4.6416e+18    6.74566154e-28     
   2.7826        1.0000e+18    7.7426e+18    6.74566154e-28     
   2.7826        1.0000e+18    1.2915e+19    6.74566154e-28     
   2.7826        1.0000e+18    2.1544e+19    6.74566154e-28     
   2.7826        1.0000e+18    3.5938e+19    6.74566154e-28     
   2.7826        1.0000e+18    5.9948e+19    6.74566154e-28     
   2.7826        1.0000e+18    1.0000e+20    6.74566154e-28     
   2.7826        1.6681e+18    1.0000e+18    5.53871190e-28     
   2.7826        1.6681e+18    1.6681e+18    5.53871190e-28     
   2.7826        1.6681e+18    2.7826e+18    5.53871190e-28     
   2.7826        1.6681e+18    4.6416e+18    5.53871190e-28     
   2.7826        1.6681e+18    7.7426e+18    5.53871190e-28     
   2.7826        1.6681e+18    1.2915e+19    5.53871190e-28     
   2.7826        1.6681e+18    2.1544e+19    5.53871190e-28     
   2.7826        1.6681e+18    3.5938e+19    5.53871190e-28     
   2.7826        1.6681e+18    5.9948e+19    5.53871190e-28     
   2.7826        1.6681e+18    1.0000e+20    5.53871190e-28     
   2.7826        2.7826e+18    1.0000e+18    4.54087593e-28     
   2.7826        2.7826e+18    1.6681e+18    4.54087593e-28     
   2.7826        2.7826e+18    2.7826e+18    4.54087593e-28     
   2.7826        2.7826e+18    4.6416e+18    4.54087593e-28     
   2.7826        2.7826e+18    7.7426e+18    4.54087593e-28     
   2.7826        2.7826e+18    1.2915e+19    4.54087593e-28     
   2.7826        2.7826e+18    2.1544e+19    4.54087593e-28     
   2.7826        2.7826e+18    3.5938e+19    4.54087593e-28     
   2.7826        2.7826e+18    5.9948e+19    4.54087593e-28     
   2.7826        2.7826e+18    1.0000e+20    4.54087593e-28     
   2.7826        4.6416e+18    1.0000e+18    3.71976881e-28     
   2.7826        4.6416e+18    1.6681e+18    3.71976881e-28     
   2.7826        4.6416e+18    2.7826e+18    3.71976881e-28     
   2.7826        4.6416e+18    4.6416e+18    3.71976881e-28     
   2.7826        4.6416e+18    7.7426e+18    3.71976881e-28     
   2.7826        4.6416e+18    1.2915e+19    3.71976881e-28     
   2.7826        4.6416e+18    2.1544e+19    3.71976881e-28     
   2.7826        4.6416e+18    3.5938e+19    3.71976881e-28     
   2.7826        4.6416e+18    5.9948e+19    3.71976881e-28     
   2.7826        4.6416e+18    1.0000e+20    3.71976881e-28     
   2.7826        7.7426e+18    1.0000e+18    3.04392547e-28     
   2.7826        7.7426e+18    1.6681e+18    3.04392547e-28     
   2.7826        7.7426e+18    2.7826e+18    3.04392547e-28     
   2.7826        7.7426e+18    4.6416e+18    3.04392547e-28     
   2.7826        7.7426e+18    7.7426e+18    3.04392547e-28     
   2.7826        7.7426e+18    1.2915e+19    3.04392547e-28     
   2.7826        7.7426e+18    2.1544e+19    3.04392547e-28     
   2.7826        7.7426e+18    3.5938e+19    3.04392547e-28     
   2.7826        7.7426e+18    5.9948e+19    3.04392547e-28     
   2.7826        7.7426e+18    1.0000e+20    3.04392547e-28     
   2.7826        1.2915e+19    1.0000e+18    2.48019904e-28     
   2.7826        1.2915e+19    1.6681e+18    2.48019904e-28     
   2.7826        1.2915e+19    2.7826e+18    2.48019904e-28     
   2.7826        1.2915e+19    4.6416e+18    2.48019904e-28     
   2.7826        1.2915e+19    7.7426e+18    2.48019904e-28     
   2.7826        1.2915e+19    1.2915e+19    2.48019904e-28     
   2.7826        1.2915e+19    2.1544e+19    2.48019904e-28     
   2.7826        1.2915e+19    3.5938e+19    2.48019904e-28     
   2.7826        1.2915e+19    5.9948e+19    2.48019904e-28     
   2.7826        1.2915e+19    1.0000e+20    2.48019904e-28     
   2.7826        2.1544e+19    1.0000e+18    2.00223426e-28     
   2.7826        2.1544e+19    1.6681e+18    2.00223426e-28     
   2.7826        2.1544e+19    2.7826e+18    2.00223426e-28     
   2.7826        2.1544e+19    4.6416e+18    2.00223426e-28     
   2.7826        2.1544e+19    7.7426e+18    2.00223426e-28     
   2.7826        2.1544e+19    1.2915e+19    2.00223426e-28     
   2.7826        2.1544e+19    2.1544e+19    2.00223426e-28     
   2.7826        2.1544e+19    3.5938e+19    2.00223426e-28     
   2.7826        2.1544e+19    5.9948e+19    2.00223426e-28     
   2.7826        2.1544e+19    1.0000e+20    2.00223426e-28     
   2.7826        3.5938e+19    1.0000e+18    1.59847003e-28     
   2.7826        3.5938e+19    1.6681e+18    1.59847003e-28     
   2.7826        3.5938e+19    2.7826e+18    1.59847003e-28     
   2.7826        3.5938e+19    4.6416e+18    1.59847003e-28     
   2.7826        3.5938e+19    7.7426e+18    1.59847003e-28     
   2.7826        3.5938e+19    1.2915e+19    1.59847003e-28     
   2.7826        3.5938e+19    2.1544e+19    1.59847003e-28     
   2.7826        3.5938e+19    3.5938e+19    1.59847003e-28     
   2.7826        3.5938e+19    5.9948e+19    1.59847003e-28     
   2.7826        3.5938e+19    1.0000e+20    1.59847003e-28     
   2.7826        5.9948e+19    1.0000e+18    1.26793157e-28     
   2.7826        5.9948e+19    1.6681e+18    1.26793157e-28     
   2.7826        5.9948e+19    2.7826e+18    1.26793157e-28     
   2.7826        5.9948e+19    4.6416e+18    1.26793157e-28     
   2.7826        5.9948e+19    7.7426e+18    1.26793157e-28     
   2.7826        5.9948e+19    1.2915e+19    1.26793157e-28     
   2.7826        5.9948e+19    2.1544e+19    1.26793157e-28     
   2.7826        5.9948e+19    3.5938e+19    1.26793157e-28     
   2.7826        5.9948e+19    5.9948e+19    1.26793157e-28     
   2.7826        5.9948e+19    1.0000e+20    1.26793157e-28     
   2.7826        1.0000e+20    1.0000e+18    1.00822469e-28     
   2.7826        1.0000e+20    1.6681e+18    1.00822469e-28     
   2.7826        1.0000e+20    2.7826e+18    1.00822469e-28     
   2.7826        1.0000e+20    4.6416e+18    1.00822469e-28     
   2.7826        1.0000e+20    7.7426e+18    1.00822469e-28     
   2.7826        1.0000e+20    1.2915e+19    1.00822469e-28     
   2.7826        1.0000e+20    2.1544e+19    1.00822469e-28     
   2.7826        1.0000e+20    3.5938e+19    1.00822469e-28     
   2.7826        1.0000e+20    5.9948e+19    1.00822469e-28     
   2.7826        1.0000e+20    1.0000e+20    1.00822469e-28     
   3.5938        1.0000e+18    1.0000e+18    2.79799346e-27     
   3.5938        1.0000e+18    1.6681e+18    2.79799346e-27     
   3.5938        1.0000e+18    2.7826e+18    2.79799346e-27     
   3.5938        1.0000e+18    4.6416e+18    2.79799346e-27     
   3.5938        1.0000e+18    7.7426e+18    2.79799346e-27     
   3.5938        1.0000e+18    1.2915e+19    2.79799346e-27     
   3.5938        1.0000e+18    2.1544e+19    2.79799346e-27     
   3.5938        1.0000e+18    3.5938e+19    2.79799346e-27     
   3.5938        1.0000e+18    5.9948e+19    2.79799346e-27     
   3.5938        1.0000e+18    1.0000e+20    2.79799346e-27     
   3.5938        1.6681e+18    1.0000e+18    2.29928952e-27     
   3.5938        1.6681e+18    1.6681e+18    2.29928952e-27     
   3.5938        1.6681e+18    2.7826e+18    2.29928952e-27     
   3.5938        1.6681e+18    4.6416e+18    2.29928952e-27     
   3.5938        1.6681e+18    7.7426e+18    2.29928952e-27     
   3.5938        1.6681e+18    1.2915e+19    2.29928952e-27     
   3.5938        1.6681e+18    2.1544e+19    2.29928952e-27     
   3.5938        1.6681e+18    3.5938e+19    2.29928952e-27     
   3.5938        1.6681e+18    5.9948e+19    2.29928952e-27     
   3.5938        1.6681e+18    1.0000e+20    2.29928952e-27     
   3.5938        2.7826e+18    1.0000e+18    1.88644066e-27     
   3.5938        2.7826e+18    1.6681e+18    1.88644066e-27     
   3.5938        2.7826e+18    2.7826e+18    1.88644066e-27     
   3.5938        2.7826e+18    4.6416e+18    1.88644066e-27     
   3.5938        2.7826e+18    7.7426e+18    1.88644066e-27     
   3.5938        2.7826e+18    1.2915e+19    1.88644066e-27     
   3.5938        2.7826e+18    2.1544e+19    1.88644066e-27     
   3.5938        2.7826e+18    3.5938e+19    1.88644066e-27     
   3.5938        2.7826e+18    5.9948e+19    1.88644066e-27     
   3.5938        2.7826e+18    1.0000e+20    1.88644066e-27     
   3.5938        4.6416e+18    1.0000e+18    1.54609046e-27     
   3.5938        4.6416e+18    1.6681e+18    1.54609046e-27     
   3.5938        4.6416e+18    2.7826e+18    1.54609046e-27     
   3.5938        4.6416e+18    4.6416e+18    1.54609046e-27     
   3.5938        4.6416e+18    7.7426e+18    1.54609046e-27     
   3.5938        4.6416e+18    1.2915e+19    1.54609046e-27     
   3.5938        4.6416e+18    2.1544e+19    1.54609046e-27     
   3.5938        4.6416e+18    3.5938e+19    1.54609046e-27     
   3.5938        4.6416e+18    5.9948e+19    1.54609046e-27     
   3.5938        4.6416e+18    1.0000e+20    1.54609046e-27     
   3.5938        7.7426e+18    1.0000e+18    1.26481177e-27     
   3.5938        7.7426e+18    1.6681e+18    1.26481177e-27     
   3.5938        7.7426e+18    2.7826e+18    1.26481177e-27     
   3.5938        7.7426e+18    4.6416e+18    1.26481177e-27     
   3.5938        7.7426e+18    7.7426e+18    1.26481177e-27     
   3.5938        7.7426e+18    1.2915e+19    1.26481177e-27     
   3.5938        7.7426e+18    2.1544e+19    1.26481177e-27     
   3.5938        7.7426e+18    3.5938e+19    1.26481177e-27     
   3.5938        7.7426e+18    5.9948e+19    1.26481177e-27     
   3.5938        7.7426e+18    1.0000e+20    1.26481177e-27     
   3.5938        1.2915e+19    1.0000e+18    1.02896894e-27     
   3.5938        1.2915e+19    1.6681e+18    1.02896894e-27     
   3.5938        1.2915e+19    2.7826e+18    1.02896894e-27     
   3.5938        1.2915e+19    4.6416e+18    1.02896894e-27     
   3.5938        1.2915e+19    7.7426e+18    1.02896894e-27     
   3.5938        1.2915e+19    1.2915e+19    1.02896894e-27     
   3.5938        1.2915e+19    2.1544e+19    1.02896894e-27     
   3.5938        1.2915e+19    3.5938e+19    1.02896894e-27     
   3.5938        1.2915e+19    5.9948e+19    1.02896894e-27     
   3.5938        1.2915e+19    1.0000e+20    1.02896894e-27     
   3.5938        2.1544e+19    1.0000e+18    8.28729419e-28     
   3.5938        2.1544e+19    1.6681e+18    8.28729419e-28     
   3.5938        2.1544e+19    2.7826e+18    8.28729419e-28     
   3.5938        2.1544e+19    4.6416e+18    8.28729419e-28     
   3.5938        2.1544e+19    7.7426e+18    8.28729419e-28     
   3.5938        2.1544e+19    1.2915e+19    8.28729419e-28     
   3.5938        2.1544e+19    2.1544e+19    8.28729419e-28     
   3.5938        2.1544e+19    3.5938e+19    8.28729419e-28     
   3.5938        2.1544e+19    5.9948e+19    8.28729419e-28     
   3.5938        2.1544e+19    1.0000e+20    8.28729419e-28     
   3.5938        3.5938e+19    1.0000e+18    6.60497529e-28     
   3.5938        3.5938e+19    1.6681e+18    6.60497529e-28     
   3.5938        3.5938e+19    2.7826e+18    6.60497529e-28     
   3.5938        3.5938e+19    4.6416e+18    6.60497529e-28     
   3.5938        3.5938e+19    7.7426e+18    6.60497529e-28     
   3.5938        3.5938e+19    1.2915e+19    6.60497529e-28     
   3.5938        3.5938e+19    2.1544e+19    6.60497529e-28     
   3.5938        3.5938e+19    3.5938e+19    6.60497529e-28     
   3.5938        3.5938e+19    5.9948e+19    6.60497529e-28     
   3.5938        3.5938e+19    1.0000e+20    6.60497529e-28     
   3.5938        5.9948e+19    1.0000e+18    5.23972049e-28     
   3.5938        5.9948e+19    1.6681e+18    5.23972049e-28     
   3.5938        5.9948e+19    2.7826e+18    5.23972049e-28     
   3.5938        5.9948e+19    4.6416e+18    5.23972049e-28     
   3.5938        5.9948e+19    7.7426e+18    5.23972049e-28     
   3.5938        5.9948e+19    1.2915e+19    5.23972049e-28     
   3.5938        5.9948e+19    2.1544e+19    5.23972049e-28     
   3.5938        5.9948e+19    3.5938e+19    5.23972049e-28     
   3.5938        5.9948e+19    5.9948e+19    5.23972049e-28     
   3.5938        5.9948e+19    1.0000e+20    5.23972049e-28     
   3.5938        1.0000e+20    1.0000e+18    4.17135969e-28     
   3.5938        1.0000e+20    1.6681e+18    4.17135969e-28     
   3.5938        1.0000e+20    2.7826e+18    4.17135969e-28     
   3.5938        1.0000e+20    4.6416e+18    4.17135969e-28     
   3.5938        1.0000e+20    7.7426e+18    4.17135969e-28     
   3.5938        1.0000e+20    1.2915e+19    4.17135969e-28     
   3.5938        1.0000e+20    2.1544e+19    4.17135969e-28     
   3.5938        1.0000e+20    3.5938e+19    4.17135969e-28     
   3.5938        1.0000e+20    5.9948e+19    4.17135969e-28     
   3.5938        1.0000e+20    1.0000e+20    4.17135969e-28     
   4.6416        1.0000e+18    1.0000e+18    8.69979459e-27     
   4.6416        1.0000e+18    1.6681e+18    8.69979459e-27     
   4.6416        1.0000e+18    2.7826e+18    8.69979459e-27     
   4.6416        1.0000e+18    4.6416e+18    8.69979459e-27     
   4.6416        1.0000e+18    7.7426e+18    8.69979459e-27     
   4.6416        1.0000e+18    1.2915e+19    8.69979459e-27     
   4.6416        1.0000e+18    2.1544e+19    8.69979459e-27     
   4.6416        1.0000e+18    3.5938e+19    8.69979459e-27     
   4.6416        1.0000e+18    5.9948e+19    8.69979459e-27     
   4.6416        1.0000e+18    1.0000e+20    8.69979459e-27     
   4.6416        1.6681e+18    1.0000e+18    7.13305302e-27     
   4.6416        1.6681e+18    1.6681e+18    7.13305302e-27     
   4.6416        1.6681e+18    2.7826e+18    7.13305302e-27     
   4.6416        1.6681e+18    4.6416e+18    7.13305302e-27     
   4.6416        1.6681e+18    7.7426e+18    7.13305302e-27     
   4.6416        1.6681e+18    1.2915e+19    7.13305302e-27     
   4.6416        1.6681e+18    2.1544e+19    7.13305302e-27     
   4.6416        1.6681e+18    3.5938e+19    7.13305302e-27     
   4.6416        1.6681e+18    5.9948e+19    7.13305302e-27     
   4.6416        1.6681e+18    1.0000e+20    7.13305302e-27     
   4.6416        2.7826e+18    1.0000e+18    5.83747803e-27     
   4.6416        2.7826e+18    1.6681e+18    5.83747803e-27     
   4.6416        2.7826e+18    2.7826e+18    5.83747803e-27     
   4.6416        2.7826e+18    4.6416e+18    5.83747803e-27     
   4.6416        2.7826e+18    7.7426e+18    5.83747803e-27     
   4.6416        2.7826e+18    1.2915e+19    5.83747803e-27     
   4.6416        2.7826e+18    2.1544e+19    5.83747803e-27     
   4.6416        2.7826e+18    3.5938e+19    5.83747803e-27     
   4.6416        2.7826e+18    5.9948e+19    5.83747803e-27     
   4.6416        2.7826e+18    1.0000e+20    5.83747803e-27     
   4.6416        4.6416e+18    1.0000e+18    4.77068668e-27     
   4.6416        4.6416e+18    1.6681e+18    4.77068668e-27     
   4.6416        4.6416e+18    2.7826e+18    4.77068668e-27     
   4.6416        4.6416e+18    4.6416e+18    4.77068668e-27     
   4.6416        4.6416e+18    7.7426e+18    4.77068668e-27     
   4.6416        4.6416e+18    1.2915e+19    4.77068668e-27     
   4.6416        4.6416e+18    2.1544e+19    4.77068668e-27     
   4.6416        4.6416e+18    3.5938e+19    4.77068668e-27     
   4.6416        4.6416e+18    5.9948e+19    4.77068668e-27     
   4.6416        4.6416e+18    1.0000e+20    4.77068668e-27     
   4.6416        7.7426e+18    1.0000e+18    3.88952221e-27     
   4.6416        7.7426e+18    1.6681e+18    3.88952221e-27     
   4.6416        7.7426e+18    2.7826e+18    3.88952221e-27     
   4.6416        7.7426e+18    4.6416e+18    3.88952221e-27     
   4.6416        7.7426e+18    7.7426e+18    3.88952221e-27     
   4.6416        7.7426e+18    1.2915e+19    3.88952221e-27     
   4.6416        7.7426e+18    2.1544e+19    3.88952221e-27     
   4.6416        7.7426e+18    3.5938e+19    3.88952221e-27     
   4.6416        7.7426e+18    5.9948e+19    3.88952221e-27     
   4.6416        7.7426e+18    1.0000e+20    3.88952221e-27     
   4.6416        1.2915e+19    1.0000e+18    3.15156884e-27     
   4.6416        1.2915e+19    1.6681e+18    3.15156884e-27     
   4.6416        1.2915e+19    2.7826e+18    3.15156884e-27     
   4.6416        1.2915e+19    4.6416e+18    3.15156884e-27     
   4.6416        1.2915e+19    7.7426e+18    3.15156884e-27     
   4.6416        1.2915e+19    1.2915e+19    3.15156884e-27     
   4.6416        1.2915e+19    2.1544e+19    3.15156884e-27     
   4.6416        1.2915e+19    3.5938e+19    3.15156884e-27     
   4.6416        1.2915e+19    5.9948e+19    3.15156884e-27     
   4.6416        1.2915e+19    1.0000e+20    3.15156884e-27     
   4.6416        2.1544e+19    1.0000e+18    2.52799671e-27     
   4.6416        2.1544e+19    1.6681e+18    2.52799671e-27     
   4.6416        2.1544e+19    2.7826e+18    2.52799671e-27     
   4.6416        2.1544e+19    4.6416e+18    2.52799671e-27     
   4.6416        2.1544e+19    7.7426e+18    2.52799671e-27     
   4.6416        2.1544e+19    1.2915e+19    2.52799671e-27     
   4.6416        2.1544e+19    2.1544e+19    2.52799671e-27     
   4.6416        2.1544e+19    3.5938e+19    2.52799671e-27     
   4.6416        2.1544e+19    5.9948e+19    2.52799671e-27     
   4.6416        2.1544e+19    1.0000e+20    2.52799671e-27     
   4.6416        3.5938e+19    1.0000e+18    2.00866545e-27     
   4.6416        3.5938e+19    1.6681e+18    2.00866545e-27     
   4.6416        3.5938e+19    2.7826e+18    2.00866545e-27     
   4.6416        3.5938e+19    4.6416e+18    2.00866545e-27     
   4.6416        3.5938e+19    7.7426e+18    2.00866545e-27     
   4.6416        3.5938e+19    1.2915e+19    2.00866545e-27     
   4.6416        3.5938e+19    2.1544e+19    2.00866545e-27     
   4.6416        3.5938e+19    3.5938e+19    2.00866545e-27     
   4.6416        3.5938e+19    5.9948e+19    2.00866545e-27     
   4.6416        3.5938e+19    1.0000e+20    2.00866545e-27     
   4.6416        5.9948e+19    1.0000e+18    1.59088098e-27     
   4.6416        5.9948e+19    1.6681e+18    1.59088098e-27     
   4.6416        5.9948e+19    2.7826e+18    1.59088098e-27     
   4.6416        5.9948e+19    4.6416e+18    1.59088098e-27     
   4.6416        5.9948e+19    7.7426e+18    1.59088098e-27     
   4.6416        5.9948e+19    1.2915e+19    1.59088098e-27     
   4.6416        5.9948e+19    2.1544e+19    1.59088098e-27     
   4.6416        5.9948e+19    3.5938e+19    1.59088098e-27     
   4.6416        5.9948e+19    5.9948e+19    1.59088098e-27     
   4.6416        5.9948e+19    1.0000e+20    1.59088098e-27     
   4.6416        1.0000e+20    1.0000e+18    1.26483284e-27     
   4.6416        1.0000e+20    1.6681e+18    1.26483284e-27     
   4.6416        1.0000e+20    2.7826e+18    1.26483284e-27     
   4.6416        1.0000e+20    4.6416e+18    1.26483284e-27     
   4.6416        1.0000e+20    7.7426e+18    1.26483284e-27     
   4.6416        1.0000e+20    1.2915e+19    1.26483284e-27     
   4.6416        1.0000e+20    2.1544e+19    1.26483284e-27     
   4.6416        1.0000e+20    3.5938e+19    1.26483284e-27     
   4.6416        1.0000e+20    5.9948e+19    1.26483284e-27     
   4.6416        1.0000e+20    1.0000e+20    1.26483284e-27     
   5.9948        1.0000e+18    1.0000e+18    2.22515189e-26     
   5.9948        1.0000e+18    1.6681e+18    2.22515189e-26     
   5.9948        1.0000e+18    2.7826e+18    2.22515189e-26     
   5.9948        1.0000e+18    4.6416e+18    2.22515189e-26     
   5.9948        1.0000e+18    7.7426e+18    2.22515189e-26     
   5.9948        1.0000e+18    1.2915e+19    2.22515189e-26     
   5.9948        1.0000e+18    2.1544e+19    2.22515189e-26     
   5.9948        1.0000e+18    3.5938e+19    2.22515189e-26     
   5.9948        1.0000e+18    5.9948e+19    2.22515189e-26     
   5.9948        1.0000e+18    1.0000e+20    2.22515189e-26     
   5.9948        1.6681e+18    1.0000e+18    1.81403355e-26     
   5.9948        1.6681e+18    1.6681e+18    1.81403355e-26     
   5.9948        1.6681e+18    2.7826e+18    1.81403355e-26     
   5.9948        1.6681e+18    4.6416e+18    1.81403355e-26     
   5.9948        1.6681e+18    7.7426e+18    1.81403355e-26     
   5.9948        1.6681e+18    1.2915e+19    1.81403355e-26     
   5.9948        1.6681e+18    2.1544e+19    1.81403355e-26     
   5.9948        1.6681e+18    3.5938e+19    1.81403355e-26     
   5.9948        1.6681e+18    5.9948e+19    1.81403355e-26     
   5.9948        1.6681e+18    1.0000e+20    1.81403355e-26     
   5.9948        2.7826e+18    1.0000e+18    1.47538387e-26     
   5.9948        2.7826e+18    1.6681e+18    1.47538387e-26     
   5.9948        2.7826e+18    2.7826e+18    1.47538387e-26     
   5.9948        2.7826e+18    4.6416e+18    1.47538387e-26     
   5.9948        2.7826e+18    7.7426e+18    1.47538387e-26     
   5.9948        2.7826e+18    1.2915e+19    1.47538387e-26     
   5.9948        2.7826e+18    2.1544e+19    1.47538387e-26     
   5.9948        2.7826e+18    3.5938e+19    1.47538387e-26     
   5.9948        2.7826e+18    5.9948e+19    1.47538387e-26     
   5.9948        2.7826e+18    1.0000e+20    1.47538387e-26     
   5.9948        4.6416e+18    1.0000e+18    1.19786825e-26     
   5.9948        4.6416e+18    1.6681e+18    1.19786825e-26     
   5.9948        4.6416e+18    2.7826e+18    1.19786825e-26     
   5.9948        4.6416e+18    4.6416e+18    1.19786825e-26     
   5.9948        4.6416e+18    7.7426e+18    1.19786825e-26     
   5.9948        4.6416e+18    1.2915e+19    1.19786825e-26     
   5.9948        4.6416e+18    2.1544e+19    1.19786825e-26     
   5.9948        4.6416e+18    3.5938e+19    1.19786825e-26     
   5.9948        4.6416e+18    5.9948e+19    1.19786825e-26     
   5.9948        4.6416e+18    1.0000e+20    1.19786825e-26     
   5.9948        7.7426e+18    1.0000e+18    9.69951349e-27     
   5.9948        7.7426e+18    1.6681e+18    9.69951349e-27     
   5.9948        7.7426e+18    2.7826e+18    9.69951349e-27     
   5.9948        7.7426e+18    4.6416e+18    9.69951349e-27     
   5.9948        7.7426e+18    7.7426e+18    9.69951349e-27     
   5.9948        7.7426e+18    1.2915e+19    9.69951349e-27     
   5.9948        7.7426e+18    2.1544e+19    9.69951349e-27     
   5.9948        7.7426e+18    3.5938e+19    9.69951349e-27     
   5.9948        7.7426e+18    5.9948e+19    9.69951349e-27     
   5.9948        7.7426e+18    1.0000e+20    9.69951349e-27     
   5.9948        1.2915e+19    1.0000e+18    7.80507466e-27     
   5.9948        1.2915e+19    1.6681e+18    7.80507466e-27     
   5.9948        1.2915e+19    2.7826e+18    7.80507466e-27     
   5.9948        1.2915e+19    4.6416e+18    7.80507466e-27     
   5.9948        1.2915e+19    7.7426e+18    7.80507466e-27     
   5.9948        1.2915e+19    1.2915e+19    7.80507466e-27     
   5.9948        1.2915e+19    2.1544e+19    7.80507466e-27     
   5.9948        1.2915e+19    3.5938e+19    7.80507466e-27     
   5.9948        1.2915e+19    5.9948e+19    7.80507466e-27     
   5.9948        1.2915e+19    1.0000e+20    7.80507466e-27     
   5.9948        2.1544e+19    1.0000e+18    6.22041188e-27     
   5.9948        2.1544e+19    1.6681e+18    6.22041188e-27     
   5.9948        2.1544e+19    2.7826e+18    6.22041188e-27     
   5.9948        2.1544e+19    4.6416e+18    6.22041188e-27     
   5.9948        2.1544e+19    7.7426e+18    6.22041188e-27     
   5.9948        2.1544e+19    1.2915e+19    6.22041188e-27     
   5.9948        2.1544e+19    2.1544e+19    6.22041188e-27     
   5.9948        2.1544e+19    3.5938e+19    6.22041188e-27     
   5.9948        2.1544e+19    5.9948e+19    6.22041188e-27     
   5.9948        2.1544e+19    1.0000e+20    6.22041188e-27     
   5.9948        3.5938e+19    1.0000e+18    4.91575006e-27     
   5.9948        3.5938e+19    1.6681e+18    4.91575006e-27     
   5.9948        3.5938e+19    2.7826e+18    4.91575006e-27     
   5.9948        3.5938e+19    4.6416e+18    4.91575006e-27     
   5.9948        3.5938e+19    7.7426e+18    4.91575006e-27     
   5.9948        3.5938e+19    1.2915e+19    4.91575006e-27     
   5.9948        3.5938e+19    2.1544e+19    4.91575006e-27     
   5.9948        3.5938e+19    3.5938e+19    4.91575006e-27     
   5.9948        3.5938e+19    5.9948e+19    4.91575006e-27     
   5.9948        3.5938e+19    1.0000e+20    4.91575006e-27     
   5.9948        5.9948e+19    1.0000e+18    3.87609330e-27     
   5.9948        5.9948e+19    1.6681e+18    3.87609330e-27     
   5.9948        5.9948e+19    2.7826e+18    3.87609330e-27     
   5.9948        5.9948e+19    4.6416e+18    3.87609330e-27     
   5.9948        5.9948e+19    7.7426e+18    3.87609330e-27     
   5.9948        5.9948e+19    1.2915e+19    3.87609330e-27     
   5.9948        5.9948e+19    2.1544e+19    3.87609330e-27     
   5.9948        5.9948e+19    3.5938e+19    3.87609330e-27     
   5.9948        5.9948e+19    5.9948e+19    3.87609330e-27     
   5.9948        5.9948e+19    1.0000e+20    3.87609330e-27     
   5.9948        1.0000e+20    1.0000e+18    3.06773440e-27     
   5.9948        1.0000e+20    1.6681e+18    3.06773440e-27     
   5.9948        1.0000e+20    2.7826e+18    3.06773440e-27     
   5.9948        1.0000e+20    4.6416e+18    3.06773440e-27     
   5.9948        1.0000e+20    7.7426e+18    3.06773440e-27     
   5.9948        1.0000e+20    1.2915e+19    3.06773440e-27     
   5.9948        1.0000e+20    2.1544e+19    3.06773440e-27     
   5.9948        1.0000e+20    3.5938e+19    3.06773440e-27     
   5.9948        1.0000e+20    5.9948e+19    3.06773440e-27     
   5.9948        1.0000e+20    1.0000e+20    3.06773440e-27     
   7.7426        1.0000e+18    1.0000e+18    4.85573892e-26     
   7.7426        1.0000e+18    1.6681e+18    4.85573892e-26     
   7.7426        1.0000e+18    2.7826e+18    4.85573892e-26     
   7.7426        1.0000e+18    4.6416e+18    4.85573892e-26     
   7.7426        1.0000e+18    7.7426e+18    4.85573892e-26     
   7.7426        1.0000e+18    1.2915e+19    4.85573892e-26     
   7.7426        1.0000e+18    2.1544e+19    4.85573892e-26     
   7.7426        1.0000e+18    3.5938e+19    4.85573892e-26     
   7.7426        1.0000e+18    5.9948e+19    4.85573892e-26     
   7.7426        1.0000e+18    1.0000e+20    4.85573892e-26     
   7.7426        1.6681e+18    1.0000e+18    3.92854087e-26     
   7.7426        1.6681e+18    1.6681e+18    3.92854087e-26     
   7.7426        1.6681e+18    2.7826e+18    3.92854087e-26     
   7.7426        1.6681e+18    4.6416e+18    3.92854087e-26     
   7.7426        1.6681e+18    7.7426e+18    3.92854087e-26     
   7.7426        1.6681e+18    1.2915e+19    3.92854087e-26     
   7.7426        1.6681e+18    2.1544e+19    3.92854087e-26     
   7.7426        1.6681e+18    3.5938e+19    3.92854087e-26     
   7.7426        1.6681e+18    5.9948e+19    3.92854087e-26     
   7.7426        1.6681e+18    1.0000e+20    3.92854087e-26     
   7.7426        2.7826e+18    1.0000e+18    3.16886365e-26     
   7.7426        2.7826e+18    1.6681e+18    3.16886365e-26     
   7.7426        2.7826e+18    2.7826e+18    3.16886365e-26     
   7.7426        2.7826e+18    4.6416e+18    3.16886365e-26     
   7.7426        2.7826e+18    7.7426e+18    3.16886365e-26     
   7.7426        2.7826e+18    1.2915e+19    3.16886365e-26     
   7.7426        2.7826e+18    2.1544e+19    3.16886365e-26     
   7.7426        2.7826e+18    3.5938e+19    3.16886365e-26     
   7.7426        2.7826e+18    5.9948e+19    3.16886365e-26     
   7.7426        2.7826e+18    1.0000e+20    3.16886365e-26     
   7.7426        4.6416e+18    1.0000e+18    2.55054792e-26     
   7.7426        4.6416e+18    1.6681e+18    2.55054792e-26     
   7.7426        4.6416e+18    2.7826e+18    2.55054792e-26     
   7.7426        4.6416e+18    4.6416e+18    2.55054792e-26     
   7.7426        4.6416e+18    7.7426e+18    2.55054792e-26     
   7.7426        4.6416e+18    1.2915e+19    2.55054792e-26     
   7.7426        4.6416e+18    2.1544e+19    2.55054792e-26     
   7.7426        4.6416e+18    3.5938e+19    2.55054792e-26     
   7.7426        4.6416e+18    5.9948e+19    2.55054792e-26     
   7.7426        4.6416e+18    1.0000e+20    2.55054792e-26     
   7.7426        7.7426e+18    1.0000e+18    2.04713916e-26     
   7.7426        7.7426e+18    1.6681e+18    2.04713916e-26     
   7.7426        7.7426e+18    2.7826e+18    2.04713916e-26     
   7.7426        7.7426e+18    4.6416e+18    2.04713916e-26     
   7.7426        7.7426e+18    7.7426e+18    2.04713916e-26     
   7.7426        7.7426e+18    1.2915e+19    2.04713916e-26     
   7.7426        7.7426e+18    2.1544e+19    2.04713916e-26     
   7.7426        7.7426e+18    3.5938e+19    2.04713916e-26     
   7.7426        7.7426e+18    5.9948e+19    2.04713916e-26     
   7.7426        7.7426e+18    1.0000e+20    2.04713916e-26     
   7.7426        1.2915e+19    1.0000e+18    1.63326284e-26     
   7.7426        1.2915e+19    1.6681e+18    1.63326284e-26     
   7.7426        1.2915e+19    2.7826e+18    1.63326284e-26     
   7.7426        1.2915e+19    4.6416e+18    1.63326284e-26     
   7.7426        1.2915e+19    7.7426e+18    1.63326284e-26     
   7.7426        1.2915e+19    1.2915e+19    1.63326284e-26     
   7.7426        1.2915e+19    2.1544e+19    1.63326284e-26     
   7.7426        1.2915e+19    3.5938e+19    1.63326284e-26     
   7.7426        1.2915e+19    5.9948e+19    1.63326284e-26     
   7.7426        1.2915e+19    1.0000e+20    1.63326284e-26     
   7.7426        2.1544e+19    1.0000e+18    1.29139226e-26     
   7.7426        2.1544e+19    1.6681e+18    1.29139226e-26     
   7.7426        2.1544e+19    2.7826e+18    1.29139226e-26     
   7.7426        2.1544e+19    4.6416e+18    1.29139226e-26     
   7.7426        2.1544e+19    7.7426e+18    1.29139226e-26     
   7.7426        2.1544e+19    1.2915e+19    1.29139226e-26     
   7.7426        2.1544e+19    2.1544e+19    1.29139226e-26     
   7.7426        2.1544e+19    3.5938e+19    1.29139226e-26     
   7.7426        2.1544e+19    5.9948e+19    1.29139226e-26     
   7.7426        2.1544e+19    1.0000e+20    1.29139226e-26     
   7.7426        3.5938e+19    1.0000e+18    1.01336462e-26     
   7.7426        3.5938e+19    1.6681e+18    1.01336462e-26     
   7.7426        3.5938e+19    2.7826e+18    1.01336462e-26     
   7.7426        3.5938e+19    4.6416e+18    1.01336462e-26     
   7.7426        3.5938e+19    7.7426e+18    1.01336462e-26     
   7.7426        3.5938e+19    1.2915e+19    1.01336462e-26     
   7.7426        3.5938e+19    2.1544e+19    1.01336462e-26     
   7.7426        3.5938e+19    3.5938e+19    1.01336462e-26     
   7.7426        3.5938e+19    5.9948e+19    1.01336462e-26     
   7.7426        3.5938e+19    1.0000e+20    1.01336462e-26     
   7.7426        5.9948e+19    1.0000e+18    7.93913702e-27     
   7.7426        5.9948e+19    1.6681e+18    7.93913702e-27     
   7.7426        5.9948e+19    2.7826e+18    7.93913702e-27     
   7.7426        5.9948e+19    4.6416e+18    7.93913702e-27     
   7.7426        5.9948e+19    7.7426e+18    7.93913702e-27     
   7.7426        5.9948e+19    1.2915e+19    7.93913702e-27     
   7.7426        5.9948e+19    2.1544e+19    7.93913702e-27     
   7.7426        5.9948e+19    3.5938e+19    7.93913702e-27     
   7.7426        5.9948e+19    5.9948e+19    7.93913702e-27     
   7.7426        5.9948e+19    1.0000e+20    7.93913702e-27     
   7.7426        1.0000e+20    1.0000e+18    6.24140274e-27     
   7.7426        1.0000e+20    1.6681e+18    6.24140274e-27     
   7.7426        1.0000e+20    2.7826e+18    6.24140274e-27     
   7.7426        1.0000e+20    4.6416e+18    6.24140274e-27     
   7.7426        1.0000e+20    7.7426e+18    6.24140274e-27     
   7.7426        1.0000e+20    1.2915e+19    6.24140274e-27     
   7.7426        1.0000e+20    2.1544e+19    6.24140274e-27     
   7.7426        1.0000e+20    3.5938e+19    6.24140274e-27     
   7.7426        1.0000e+20    5.9948e+19    6.24140274e-27     
   7.7426        1.0000e+20    1.0000e+20    6.24140274e-27     
   10.0000       1.0000e+18    1.0000e+18    9.37794312e-26     
   10.0000       1.0000e+18    1.6681e+18    9.37794312e-26     
   10.0000       1.0000e+18    2.7826e+18    9.37794312e-26     
   10.0000       1.0000e+18    4.6416e+18    9.37794312e-26     
   10.0000       1.0000e+18    7.7426e+18    9.37794312e-26     
   10.0000       1.0000e+18    1.2915e+19    9.37794312e-26     
   10.0000       1.0000e+18    2.1544e+19    9.37794312e-26     
   10.0000       1.0000e+18    3.5938e+19    9.37794312e-26     
   10.0000       1.0000e+18    5.9948e+19    9.37794312e-26     
   10.0000       1.0000e+18    1.0000e+20    9.37794312e-26     
   10.0000       1.6681e+18    1.0000e+18    7.52746847e-26     
   10.0000       1.6681e+18    1.6681e+18    7.52746847e-26     
   10.0000       1.6681e+18    2.7826e+18    7.52746847e-26     
   10.0000       1.6681e+18    4.6416e+18    7.52746847e-26     
   10.0000       1.6681e+18    7.7426e+18    7.52746847e-26     
   10.0000       1.6681e+18    1.2915e+19    7.52746847e-26     
   10.0000       1.6681e+18    2.1544e+19    7.52746847e-26     
   10.0000       1.6681e+18    3.5938e+19    7.52746847e-26     
   10.0000       1.6681e+18    5.9948e+19    7.52746847e-26     
   10.0000       1.6681e+18    1.0000e+20    7.52746847e-26     
   10.0000       2.7826e+18    1.0000e+18    6.01937762e-26     
   10.0000       2.7826e+18    1.6681e+18    6.01937762e-26     
   10.0000       2.7826e+18    2.7826e+18    6.01937762e-26     
   10.0000       2.7826e+18    4.6416e+18    6.01937762e-26     
   10.0000       2.7826e+18    7.7426e+18    6.01937762e-26     
   10.0000       2.7826e+18    1.2915e+19    6.01937762e-26     
   10.0000       2.7826e+18    2.1544e+19    6.01937762e-26     
   10.0000       2.7826e+18    3.5938e+19    6.01937762e-26     
   10.0000       2.7826e+18    5.9948e+19    6.01937762e-26     
   10.0000       2.7826e+18    1.0000e+20    6.01937762e-26     
   10.0000       4.6416e+18    1.0000e+18    4.80042062e-26     
   10.0000       4.6416e+18    1.6681e+18    4.80042062e-26     
   10.0000       4.6416e+18    2.7826e+18    4.80042062e-26     
   10.0000       4.6416e+18    4.6416e+18    4.80042062e-26     
   10.0000       4.6416e+18    7.7426e+18    4.80042062e-26     
   10.0000       4.6416e+18    1.2915e+19    4.80042062e-26     
   10.0000       4.6416e+18    2.1544e+19    4.80042062e-26     
   10.0000       4.6416e+18    3.5938e+19    4.80042062e-26     
   10.0000       4.6416e+18    5.9948e+19    4.80042062e-26     
   10.0000       4.6416e+18    1.0000e+20    4.80042062e-26     
   10.0000       7.7426e+18    1.0000e+18    3.81718997e-26     
   10.0000       7.7426e+18    1.6681e+18    3.81718997e-26     
   10.0000       7.7426e+18    2.7826e+18    3.81718997e-26     
   10.0000       7.7426e+18    4.6416e+18    3.81718997e-26     
   10.0000       7.7426e+18    7.7426e+18    3.81718997e-26     
   10.0000       7.7426e+18    1.2915e+19    3.81718997e-26     
   10.0000       7.7426e+18    2.1544e+19    3.81718997e-26     
   10.0000       7.7426e+18    3.5938e+19    3.81718997e-26     
   10.0000       7.7426e+18    5.9948e+19    3.81718997e-26     
   10.0000       7.7426e+18    1.0000e+20    3.81718997e-26     
   10.0000       1.2915e+19    1.0000e+18    3.01824411e-26     
   10.0000       1.2915e+19    1.6681e+18    3.01824411e-26     
   10.0000       1.2915e+19    2.7826e+18    3.01824411e-26     
   10.0000       1.2915e+19    4.6416e+18    3.01824411e-26     
   10.0000       1.2915e+19    7.7426e+18    3.01824411e-26     
   10.0000       1.2915e+19    1.2915e+19    3.01824411e-26     
   10.0000       1.2915e+19    2.1544e+19    3.01824411e-26     
   10.0000       1.2915e+19    3.5938e+19    3.01824411e-26     
   10.0000       1.2915e+19    5.9948e+19    3.01824411e-26     
   10.0000       1.2915e+19    1.0000e+20    3.01824411e-26     
   10.0000       2.1544e+19    1.0000e+18    2.36664174e-26     
   10.0000       2.1544e+19    1.6681e+18    2.36664174e-26     
   10.0000       2.1544e+19    2.7826e+18    2.36664174e-26     
   10.0000       2.1544e+19    4.6416e+18    2.36664174e-26     
   10.0000       2.1544e+19    7.7426e+18    2.36664174e-26     
   10.0000       2.1544e+19    1.2915e+19    2.36664174e-26     
   10.0000       2.1544e+19    2.1544e+19    2.36664174e-26     
   10.0000       2.1544e+19    3.5938e+19    2.36664174e-26     
   10.0000       2.1544e+19    5.9948e+19    2.36664174e-26     
   10.0000       2.1544e+19    1.0000e+20    2.36664174e-26     
   10.0000       3.5938e+19    1.0000e+18    1.84283282e-26     
   10.0000       3.5938e+19    1.6681e+18    1.84283282e-26     
   10.0000       3.5938e+19    2.7826e+18    1.84283282e-26     
   10.0000       3.5938e+19    4.6416e+18    1.84283282e-26     
   10.0000       3.5938e+19    7.7426e+18    1.84283282e-26     
   10.0000       3.5938e+19    1.2915e+19    1.84283282e-26     
   10.0000       3.5938e+19    2.1544e+19    1.84283282e-26     
   10.0000       3.5938e+19    3.5938e+19    1.84283282e-26     
   10.0000       3.5938e+19    5.9948e+19    1.84283282e-26     
   10.0000       3.5938e+19    1.0000e+20    1.84283282e-26     
   10.0000       5.9948e+19    1.0000e+18    1.43305155e-26     
   10.0000       5.9948e+19    1.6681e+18    1.43305155e-26     
   10.0000       5.9948e+19    2.7826e+18    1.43305155e-26     
   10.0000       5.9948e+19    4.6416e+18    1.43305155e-26     
   10.0000       5.9948e+19    7.7426e+18    1.43305155e-26     
   10.0000       5.9948e+19    1.2915e+19    1.43305155e-26     
   10.0000       5.9948e+19    2.1544e+19    1.43305155e-26     
   10.0000       5.9948e+19    3.5938e+19    1.43305155e-26     
   10.0000       5.9948e+19    5.9948e+19    1.43305155e-26     
   10.0000       5.9948e+19    1.0000e+20    1.43305155e-26     
   10.0000       1.0000e+20    1.0000e+18    1.11789354e-26     
   10.0000       1.0000e+20    1.6681e+18    1.11789354e-26     
   10.0000       1.0000e+20    2.7826e+18    1.11789354e-26     
   10.0000       1.0000e+20    4.6416e+18    1.11789354e-26     
   10.0000       1.0000e+20    7.7426e+18    1.11789354e-26     
   10.0000       1.0000e+20    1.2915e+19    1.11789354e-26     
   10.0000       1.0000e+20    2.1544e+19    1.11789354e-26     
   10.0000       1.0000e+20    3.5938e+19    1.11789354e-26     
   10.0000       1.0000e+20    5.9948e+19    1.11789354e-26     
   10.0000       1.0000e+20    1.0000e+20    1.11789354e-26     
