#
# Output file generated by Yacora 1.5.0
# =====================================
#   Filename: 'YacoraRun_PopCoeff_n=3.dat'
#   Date of creation: 11. May 2022
#   Time of creation: 07:58:44
#   Used input file: 'H_20_11_2019.txt'
#   Performed calculation: Population Coefficient for state 'H(3)' coupled to the particle 'H2'
#
#   Please cite D. Wünderlich, M. Giacomin, R. Ritz and U. Fantz, J. Quant. Spectrosc. Radiat. Transfer 240, 2020, 106695, if you use Yacora results.
#
# Description of the used Parameters:
# ===================================
#
#   Temperatures and Densities: 
#              T_e: 10 calculated values between 1.0000 and 10.0000
#              T_n1: Fixed value 8000.0000
#              n_e: 10 calculated values between 1.0000e+18 and 1.0000e+20
#              n_i1: Fixed value 0.0000
#              n_n2: 10 calculated values between 1.0000e+18 and 1.0000e+20

#   Electron energy distribution function: 
#              Maxwellian
#
# Calculated Data:
# ================
#  T_e           n_e           n_n2          POP_COEFF      
   1.0000        1.0000e+18    1.0000e+18    1.96106380e-31     
   1.0000        1.0000e+18    1.6681e+18    1.96106380e-31     
   1.0000        1.0000e+18    2.7826e+18    1.96106380e-31     
   1.0000        1.0000e+18    4.6416e+18    1.96106380e-31     
   1.0000        1.0000e+18    7.7426e+18    1.96106380e-31     
   1.0000        1.0000e+18    1.2915e+19    1.96106380e-31     
   1.0000        1.0000e+18    2.1544e+19    1.96106380e-31     
   1.0000        1.0000e+18    3.5938e+19    1.96106380e-31     
   1.0000        1.0000e+18    5.9948e+19    1.96106380e-31     
   1.0000        1.0000e+18    1.0000e+20    1.96106380e-31     
   1.0000        1.6681e+18    1.0000e+18    1.93947600e-31     
   1.0000        1.6681e+18    1.6681e+18    1.93947600e-31     
   1.0000        1.6681e+18    2.7826e+18    1.93947600e-31     
   1.0000        1.6681e+18    4.6416e+18    1.93947600e-31     
   1.0000        1.6681e+18    7.7426e+18    1.93947600e-31     
   1.0000        1.6681e+18    1.2915e+19    1.93947600e-31     
   1.0000        1.6681e+18    2.1544e+19    1.93947600e-31     
   1.0000        1.6681e+18    3.5938e+19    1.93947600e-31     
   1.0000        1.6681e+18    5.9948e+19    1.93947600e-31     
   1.0000        1.6681e+18    1.0000e+20    1.93947600e-31     
   1.0000        2.7826e+18    1.0000e+18    1.90683836e-31     
   1.0000        2.7826e+18    1.6681e+18    1.90683836e-31     
   1.0000        2.7826e+18    2.7826e+18    1.90683836e-31     
   1.0000        2.7826e+18    4.6416e+18    1.90683836e-31     
   1.0000        2.7826e+18    7.7426e+18    1.90683836e-31     
   1.0000        2.7826e+18    1.2915e+19    1.90683836e-31     
   1.0000        2.7826e+18    2.1544e+19    1.90683836e-31     
   1.0000        2.7826e+18    3.5938e+19    1.90683836e-31     
   1.0000        2.7826e+18    5.9948e+19    1.90683836e-31     
   1.0000        2.7826e+18    1.0000e+20    1.90683836e-31     
   1.0000        4.6416e+18    1.0000e+18    1.85771574e-31     
   1.0000        4.6416e+18    1.6681e+18    1.85771574e-31     
   1.0000        4.6416e+18    2.7826e+18    1.85771574e-31     
   1.0000        4.6416e+18    4.6416e+18    1.85771574e-31     
   1.0000        4.6416e+18    7.7426e+18    1.85771574e-31     
   1.0000        4.6416e+18    1.2915e+19    1.85771574e-31     
   1.0000        4.6416e+18    2.1544e+19    1.85771574e-31     
   1.0000        4.6416e+18    3.5938e+19    1.85771574e-31     
   1.0000        4.6416e+18    5.9948e+19    1.85771574e-31     
   1.0000        4.6416e+18    1.0000e+20    1.85771574e-31     
   1.0000        7.7426e+18    1.0000e+18    1.78496092e-31     
   1.0000        7.7426e+18    1.6681e+18    1.78496092e-31     
   1.0000        7.7426e+18    2.7826e+18    1.78496092e-31     
   1.0000        7.7426e+18    4.6416e+18    1.78496092e-31     
   1.0000        7.7426e+18    7.7426e+18    1.78496092e-31     
   1.0000        7.7426e+18    1.2915e+19    1.78496092e-31     
   1.0000        7.7426e+18    2.1544e+19    1.78496092e-31     
   1.0000        7.7426e+18    3.5938e+19    1.78496092e-31     
   1.0000        7.7426e+18    5.9948e+19    1.78496092e-31     
   1.0000        7.7426e+18    1.0000e+20    1.78496092e-31     
   1.0000        1.2915e+19    1.0000e+18    1.68067797e-31     
   1.0000        1.2915e+19    1.6681e+18    1.68067797e-31     
   1.0000        1.2915e+19    2.7826e+18    1.68067797e-31     
   1.0000        1.2915e+19    4.6416e+18    1.68067797e-31     
   1.0000        1.2915e+19    7.7426e+18    1.68067797e-31     
   1.0000        1.2915e+19    1.2915e+19    1.68067797e-31     
   1.0000        1.2915e+19    2.1544e+19    1.68067797e-31     
   1.0000        1.2915e+19    3.5938e+19    1.68067797e-31     
   1.0000        1.2915e+19    5.9948e+19    1.68067797e-31     
   1.0000        1.2915e+19    1.0000e+20    1.68067797e-31     
   1.0000        2.1544e+19    1.0000e+18    1.53938278e-31     
   1.0000        2.1544e+19    1.6681e+18    1.53938278e-31     
   1.0000        2.1544e+19    2.7826e+18    1.53938278e-31     
   1.0000        2.1544e+19    4.6416e+18    1.53938278e-31     
   1.0000        2.1544e+19    7.7426e+18    1.53938278e-31     
   1.0000        2.1544e+19    1.2915e+19    1.53938278e-31     
   1.0000        2.1544e+19    2.1544e+19    1.53938278e-31     
   1.0000        2.1544e+19    3.5938e+19    1.53938278e-31     
   1.0000        2.1544e+19    5.9948e+19    1.53938278e-31     
   1.0000        2.1544e+19    1.0000e+20    1.53938278e-31     
   1.0000        3.5938e+19    1.0000e+18    1.36328596e-31     
   1.0000        3.5938e+19    1.6681e+18    1.36328596e-31     
   1.0000        3.5938e+19    2.7826e+18    1.36328596e-31     
   1.0000        3.5938e+19    4.6416e+18    1.36328596e-31     
   1.0000        3.5938e+19    7.7426e+18    1.36328596e-31     
   1.0000        3.5938e+19    1.2915e+19    1.36328596e-31     
   1.0000        3.5938e+19    2.1544e+19    1.36328596e-31     
   1.0000        3.5938e+19    3.5938e+19    1.36328596e-31     
   1.0000        3.5938e+19    5.9948e+19    1.36328596e-31     
   1.0000        3.5938e+19    1.0000e+20    1.36328596e-31     
   1.0000        5.9948e+19    1.0000e+18    1.16621957e-31     
   1.0000        5.9948e+19    1.6681e+18    1.16621957e-31     
   1.0000        5.9948e+19    2.7826e+18    1.16621957e-31     
   1.0000        5.9948e+19    4.6416e+18    1.16621957e-31     
   1.0000        5.9948e+19    7.7426e+18    1.16621957e-31     
   1.0000        5.9948e+19    1.2915e+19    1.16621957e-31     
   1.0000        5.9948e+19    2.1544e+19    1.16621957e-31     
   1.0000        5.9948e+19    3.5938e+19    1.16621957e-31     
   1.0000        5.9948e+19    5.9948e+19    1.16621957e-31     
   1.0000        5.9948e+19    1.0000e+20    1.16621957e-31     
   1.0000        1.0000e+20    1.0000e+18    9.70682601e-32     
   1.0000        1.0000e+20    1.6681e+18    9.70682601e-32     
   1.0000        1.0000e+20    2.7826e+18    9.70682601e-32     
   1.0000        1.0000e+20    4.6416e+18    9.70682601e-32     
   1.0000        1.0000e+20    7.7426e+18    9.70682601e-32     
   1.0000        1.0000e+20    1.2915e+19    9.70682601e-32     
   1.0000        1.0000e+20    2.1544e+19    9.70682601e-32     
   1.0000        1.0000e+20    3.5938e+19    9.70682601e-32     
   1.0000        1.0000e+20    5.9948e+19    9.70682601e-32     
   1.0000        1.0000e+20    1.0000e+20    9.70682601e-32     
   1.2915        1.0000e+18    1.0000e+18    1.10935573e-29     
   1.2915        1.0000e+18    1.6681e+18    1.10935573e-29     
   1.2915        1.0000e+18    2.7826e+18    1.10935573e-29     
   1.2915        1.0000e+18    4.6416e+18    1.10935573e-29     
   1.2915        1.0000e+18    7.7426e+18    1.10935573e-29     
   1.2915        1.0000e+18    1.2915e+19    1.10935573e-29     
   1.2915        1.0000e+18    2.1544e+19    1.10935573e-29     
   1.2915        1.0000e+18    3.5938e+19    1.10935573e-29     
   1.2915        1.0000e+18    5.9948e+19    1.10935573e-29     
   1.2915        1.0000e+18    1.0000e+20    1.10935573e-29     
   1.2915        1.6681e+18    1.0000e+18    1.09403839e-29     
   1.2915        1.6681e+18    1.6681e+18    1.09403839e-29     
   1.2915        1.6681e+18    2.7826e+18    1.09403839e-29     
   1.2915        1.6681e+18    4.6416e+18    1.09403839e-29     
   1.2915        1.6681e+18    7.7426e+18    1.09403839e-29     
   1.2915        1.6681e+18    1.2915e+19    1.09403839e-29     
   1.2915        1.6681e+18    2.1544e+19    1.09403839e-29     
   1.2915        1.6681e+18    3.5938e+19    1.09403839e-29     
   1.2915        1.6681e+18    5.9948e+19    1.09403839e-29     
   1.2915        1.6681e+18    1.0000e+20    1.09403839e-29     
   1.2915        2.7826e+18    1.0000e+18    1.07091382e-29     
   1.2915        2.7826e+18    1.6681e+18    1.07091382e-29     
   1.2915        2.7826e+18    2.7826e+18    1.07091382e-29     
   1.2915        2.7826e+18    4.6416e+18    1.07091382e-29     
   1.2915        2.7826e+18    7.7426e+18    1.07091382e-29     
   1.2915        2.7826e+18    1.2915e+19    1.07091382e-29     
   1.2915        2.7826e+18    2.1544e+19    1.07091382e-29     
   1.2915        2.7826e+18    3.5938e+19    1.07091382e-29     
   1.2915        2.7826e+18    5.9948e+19    1.07091382e-29     
   1.2915        2.7826e+18    1.0000e+20    1.07091382e-29     
   1.2915        4.6416e+18    1.0000e+18    1.03636742e-29     
   1.2915        4.6416e+18    1.6681e+18    1.03636742e-29     
   1.2915        4.6416e+18    2.7826e+18    1.03636742e-29     
   1.2915        4.6416e+18    4.6416e+18    1.03636742e-29     
   1.2915        4.6416e+18    7.7426e+18    1.03636742e-29     
   1.2915        4.6416e+18    1.2915e+19    1.03636742e-29     
   1.2915        4.6416e+18    2.1544e+19    1.03636742e-29     
   1.2915        4.6416e+18    3.5938e+19    1.03636742e-29     
   1.2915        4.6416e+18    5.9948e+19    1.03636742e-29     
   1.2915        4.6416e+18    1.0000e+20    1.03636742e-29     
   1.2915        7.7426e+18    1.0000e+18    9.85962758e-30     
   1.2915        7.7426e+18    1.6681e+18    9.85962758e-30     
   1.2915        7.7426e+18    2.7826e+18    9.85962758e-30     
   1.2915        7.7426e+18    4.6416e+18    9.85962758e-30     
   1.2915        7.7426e+18    7.7426e+18    9.85962758e-30     
   1.2915        7.7426e+18    1.2915e+19    9.85962758e-30     
   1.2915        7.7426e+18    2.1544e+19    9.85962758e-30     
   1.2915        7.7426e+18    3.5938e+19    9.85962758e-30     
   1.2915        7.7426e+18    5.9948e+19    9.85962758e-30     
   1.2915        7.7426e+18    1.0000e+20    9.85962758e-30     
   1.2915        1.2915e+19    1.0000e+18    9.15525828e-30     
   1.2915        1.2915e+19    1.6681e+18    9.15525828e-30     
   1.2915        1.2915e+19    2.7826e+18    9.15525828e-30     
   1.2915        1.2915e+19    4.6416e+18    9.15525828e-30     
   1.2915        1.2915e+19    7.7426e+18    9.15525828e-30     
   1.2915        1.2915e+19    1.2915e+19    9.15525828e-30     
   1.2915        1.2915e+19    2.1544e+19    9.15525828e-30     
   1.2915        1.2915e+19    3.5938e+19    9.15525828e-30     
   1.2915        1.2915e+19    5.9948e+19    9.15525828e-30     
   1.2915        1.2915e+19    1.0000e+20    9.15525828e-30     
   1.2915        2.1544e+19    1.0000e+18    8.23645233e-30     
   1.2915        2.1544e+19    1.6681e+18    8.23645233e-30     
   1.2915        2.1544e+19    2.7826e+18    8.23645233e-30     
   1.2915        2.1544e+19    4.6416e+18    8.23645233e-30     
   1.2915        2.1544e+19    7.7426e+18    8.23645233e-30     
   1.2915        2.1544e+19    1.2915e+19    8.23645233e-30     
   1.2915        2.1544e+19    2.1544e+19    8.23645233e-30     
   1.2915        2.1544e+19    3.5938e+19    8.23645233e-30     
   1.2915        2.1544e+19    5.9948e+19    8.23645233e-30     
   1.2915        2.1544e+19    1.0000e+20    8.23645233e-30     
   1.2915        3.5938e+19    1.0000e+18    7.14716313e-30     
   1.2915        3.5938e+19    1.6681e+18    7.14716313e-30     
   1.2915        3.5938e+19    2.7826e+18    7.14716313e-30     
   1.2915        3.5938e+19    4.6416e+18    7.14716313e-30     
   1.2915        3.5938e+19    7.7426e+18    7.14716313e-30     
   1.2915        3.5938e+19    1.2915e+19    7.14716313e-30     
   1.2915        3.5938e+19    2.1544e+19    7.14716313e-30     
   1.2915        3.5938e+19    3.5938e+19    7.14716313e-30     
   1.2915        3.5938e+19    5.9948e+19    7.14716313e-30     
   1.2915        3.5938e+19    1.0000e+20    7.14716313e-30     
   1.2915        5.9948e+19    1.0000e+18    5.99611103e-30     
   1.2915        5.9948e+19    1.6681e+18    5.99611103e-30     
   1.2915        5.9948e+19    2.7826e+18    5.99611103e-30     
   1.2915        5.9948e+19    4.6416e+18    5.99611103e-30     
   1.2915        5.9948e+19    7.7426e+18    5.99611103e-30     
   1.2915        5.9948e+19    1.2915e+19    5.99611103e-30     
   1.2915        5.9948e+19    2.1544e+19    5.99611103e-30     
   1.2915        5.9948e+19    3.5938e+19    5.99611103e-30     
   1.2915        5.9948e+19    5.9948e+19    5.99611103e-30     
   1.2915        5.9948e+19    1.0000e+20    5.99611103e-30     
   1.2915        1.0000e+20    1.0000e+18    4.91654383e-30     
   1.2915        1.0000e+20    1.6681e+18    4.91654383e-30     
   1.2915        1.0000e+20    2.7826e+18    4.91654383e-30     
   1.2915        1.0000e+20    4.6416e+18    4.91654383e-30     
   1.2915        1.0000e+20    7.7426e+18    4.91654383e-30     
   1.2915        1.0000e+20    1.2915e+19    4.91654383e-30     
   1.2915        1.0000e+20    2.1544e+19    4.91654383e-30     
   1.2915        1.0000e+20    3.5938e+19    4.91654383e-30     
   1.2915        1.0000e+20    5.9948e+19    4.91654383e-30     
   1.2915        1.0000e+20    1.0000e+20    4.91654383e-30     
   1.6681        1.0000e+18    1.0000e+18    2.26591309e-28     
   1.6681        1.0000e+18    1.6681e+18    2.26591309e-28     
   1.6681        1.0000e+18    2.7826e+18    2.26591309e-28     
   1.6681        1.0000e+18    4.6416e+18    2.26591309e-28     
   1.6681        1.0000e+18    7.7426e+18    2.26591309e-28     
   1.6681        1.0000e+18    1.2915e+19    2.26591309e-28     
   1.6681        1.0000e+18    2.1544e+19    2.26591309e-28     
   1.6681        1.0000e+18    3.5938e+19    2.26591309e-28     
   1.6681        1.0000e+18    5.9948e+19    2.26591309e-28     
   1.6681        1.0000e+18    1.0000e+20    2.26591309e-28     
   1.6681        1.6681e+18    1.0000e+18    2.22807770e-28     
   1.6681        1.6681e+18    1.6681e+18    2.22807770e-28     
   1.6681        1.6681e+18    2.7826e+18    2.22807770e-28     
   1.6681        1.6681e+18    4.6416e+18    2.22807770e-28     
   1.6681        1.6681e+18    7.7426e+18    2.22807770e-28     
   1.6681        1.6681e+18    1.2915e+19    2.22807770e-28     
   1.6681        1.6681e+18    2.1544e+19    2.22807770e-28     
   1.6681        1.6681e+18    3.5938e+19    2.22807770e-28     
   1.6681        1.6681e+18    5.9948e+19    2.22807770e-28     
   1.6681        1.6681e+18    1.0000e+20    2.22807770e-28     
   1.6681        2.7826e+18    1.0000e+18    2.17113377e-28     
   1.6681        2.7826e+18    1.6681e+18    2.17113377e-28     
   1.6681        2.7826e+18    2.7826e+18    2.17113377e-28     
   1.6681        2.7826e+18    4.6416e+18    2.17113377e-28     
   1.6681        2.7826e+18    7.7426e+18    2.17113377e-28     
   1.6681        2.7826e+18    1.2915e+19    2.17113377e-28     
   1.6681        2.7826e+18    2.1544e+19    2.17113377e-28     
   1.6681        2.7826e+18    3.5938e+19    2.17113377e-28     
   1.6681        2.7826e+18    5.9948e+19    2.17113377e-28     
   1.6681        2.7826e+18    1.0000e+20    2.17113377e-28     
   1.6681        4.6416e+18    1.0000e+18    2.08679702e-28     
   1.6681        4.6416e+18    1.6681e+18    2.08679702e-28     
   1.6681        4.6416e+18    2.7826e+18    2.08679702e-28     
   1.6681        4.6416e+18    4.6416e+18    2.08679702e-28     
   1.6681        4.6416e+18    7.7426e+18    2.08679702e-28     
   1.6681        4.6416e+18    1.2915e+19    2.08679702e-28     
   1.6681        4.6416e+18    2.1544e+19    2.08679702e-28     
   1.6681        4.6416e+18    3.5938e+19    2.08679702e-28     
   1.6681        4.6416e+18    5.9948e+19    2.08679702e-28     
   1.6681        4.6416e+18    1.0000e+20    2.08679702e-28     
   1.6681        7.7426e+18    1.0000e+18    1.96573506e-28     
   1.6681        7.7426e+18    1.6681e+18    1.96573506e-28     
   1.6681        7.7426e+18    2.7826e+18    1.96573506e-28     
   1.6681        7.7426e+18    4.6416e+18    1.96573506e-28     
   1.6681        7.7426e+18    7.7426e+18    1.96573506e-28     
   1.6681        7.7426e+18    1.2915e+19    1.96573506e-28     
   1.6681        7.7426e+18    2.1544e+19    1.96573506e-28     
   1.6681        7.7426e+18    3.5938e+19    1.96573506e-28     
   1.6681        7.7426e+18    5.9948e+19    1.96573506e-28     
   1.6681        7.7426e+18    1.0000e+20    1.96573506e-28     
   1.6681        1.2915e+19    1.0000e+18    1.80098179e-28     
   1.6681        1.2915e+19    1.6681e+18    1.80098179e-28     
   1.6681        1.2915e+19    2.7826e+18    1.80098179e-28     
   1.6681        1.2915e+19    4.6416e+18    1.80098179e-28     
   1.6681        1.2915e+19    7.7426e+18    1.80098179e-28     
   1.6681        1.2915e+19    1.2915e+19    1.80098179e-28     
   1.6681        1.2915e+19    2.1544e+19    1.80098179e-28     
   1.6681        1.2915e+19    3.5938e+19    1.80098179e-28     
   1.6681        1.2915e+19    5.9948e+19    1.80098179e-28     
   1.6681        1.2915e+19    1.0000e+20    1.80098179e-28     
   1.6681        2.1544e+19    1.0000e+18    1.59402750e-28     
   1.6681        2.1544e+19    1.6681e+18    1.59402750e-28     
   1.6681        2.1544e+19    2.7826e+18    1.59402750e-28     
   1.6681        2.1544e+19    4.6416e+18    1.59402750e-28     
   1.6681        2.1544e+19    7.7426e+18    1.59402750e-28     
   1.6681        2.1544e+19    1.2915e+19    1.59402750e-28     
   1.6681        2.1544e+19    2.1544e+19    1.59402750e-28     
   1.6681        2.1544e+19    3.5938e+19    1.59402750e-28     
   1.6681        2.1544e+19    5.9948e+19    1.59402750e-28     
   1.6681        2.1544e+19    1.0000e+20    1.59402750e-28     
   1.6681        3.5938e+19    1.0000e+18    1.35990330e-28     
   1.6681        3.5938e+19    1.6681e+18    1.35990330e-28     
   1.6681        3.5938e+19    2.7826e+18    1.35990330e-28     
   1.6681        3.5938e+19    4.6416e+18    1.35990330e-28     
   1.6681        3.5938e+19    7.7426e+18    1.35990330e-28     
   1.6681        3.5938e+19    1.2915e+19    1.35990330e-28     
   1.6681        3.5938e+19    2.1544e+19    1.35990330e-28     
   1.6681        3.5938e+19    3.5938e+19    1.35990330e-28     
   1.6681        3.5938e+19    5.9948e+19    1.35990330e-28     
   1.6681        3.5938e+19    1.0000e+20    1.35990330e-28     
   1.6681        5.9948e+19    1.0000e+18    1.12460997e-28     
   1.6681        5.9948e+19    1.6681e+18    1.12460997e-28     
   1.6681        5.9948e+19    2.7826e+18    1.12460997e-28     
   1.6681        5.9948e+19    4.6416e+18    1.12460997e-28     
   1.6681        5.9948e+19    7.7426e+18    1.12460997e-28     
   1.6681        5.9948e+19    1.2915e+19    1.12460997e-28     
   1.6681        5.9948e+19    2.1544e+19    1.12460997e-28     
   1.6681        5.9948e+19    3.5938e+19    1.12460997e-28     
   1.6681        5.9948e+19    5.9948e+19    1.12460997e-28     
   1.6681        5.9948e+19    1.0000e+20    1.12460997e-28     
   1.6681        1.0000e+20    1.0000e+18    9.13608757e-29     
   1.6681        1.0000e+20    1.6681e+18    9.13608757e-29     
   1.6681        1.0000e+20    2.7826e+18    9.13608757e-29     
   1.6681        1.0000e+20    4.6416e+18    9.13608757e-29     
   1.6681        1.0000e+20    7.7426e+18    9.13608757e-29     
   1.6681        1.0000e+20    1.2915e+19    9.13608757e-29     
   1.6681        1.0000e+20    2.1544e+19    9.13608757e-29     
   1.6681        1.0000e+20    3.5938e+19    9.13608757e-29     
   1.6681        1.0000e+20    5.9948e+19    9.13608757e-29     
   1.6681        1.0000e+20    1.0000e+20    9.13608757e-29     
   2.1544        1.0000e+18    1.0000e+18    2.24447797e-27     
   2.1544        1.0000e+18    1.6681e+18    2.24447797e-27     
   2.1544        1.0000e+18    2.7826e+18    2.24447797e-27     
   2.1544        1.0000e+18    4.6416e+18    2.24447797e-27     
   2.1544        1.0000e+18    7.7426e+18    2.24447797e-27     
   2.1544        1.0000e+18    1.2915e+19    2.24447797e-27     
   2.1544        1.0000e+18    2.1544e+19    2.24447797e-27     
   2.1544        1.0000e+18    3.5938e+19    2.24447797e-27     
   2.1544        1.0000e+18    5.9948e+19    2.24447797e-27     
   2.1544        1.0000e+18    1.0000e+20    2.24447797e-27     
   2.1544        1.6681e+18    1.0000e+18    2.20062802e-27     
   2.1544        1.6681e+18    1.6681e+18    2.20062802e-27     
   2.1544        1.6681e+18    2.7826e+18    2.20062802e-27     
   2.1544        1.6681e+18    4.6416e+18    2.20062802e-27     
   2.1544        1.6681e+18    7.7426e+18    2.20062802e-27     
   2.1544        1.6681e+18    1.2915e+19    2.20062802e-27     
   2.1544        1.6681e+18    2.1544e+19    2.20062802e-27     
   2.1544        1.6681e+18    3.5938e+19    2.20062802e-27     
   2.1544        1.6681e+18    5.9948e+19    2.20062802e-27     
   2.1544        1.6681e+18    1.0000e+20    2.20062802e-27     
   2.1544        2.7826e+18    1.0000e+18    2.13491277e-27     
   2.1544        2.7826e+18    1.6681e+18    2.13491277e-27     
   2.1544        2.7826e+18    2.7826e+18    2.13491277e-27     
   2.1544        2.7826e+18    4.6416e+18    2.13491277e-27     
   2.1544        2.7826e+18    7.7426e+18    2.13491277e-27     
   2.1544        2.7826e+18    1.2915e+19    2.13491277e-27     
   2.1544        2.7826e+18    2.1544e+19    2.13491277e-27     
   2.1544        2.7826e+18    3.5938e+19    2.13491277e-27     
   2.1544        2.7826e+18    5.9948e+19    2.13491277e-27     
   2.1544        2.7826e+18    1.0000e+20    2.13491277e-27     
   2.1544        4.6416e+18    1.0000e+18    2.03850536e-27     
   2.1544        4.6416e+18    1.6681e+18    2.03850536e-27     
   2.1544        4.6416e+18    2.7826e+18    2.03850536e-27     
   2.1544        4.6416e+18    4.6416e+18    2.03850536e-27     
   2.1544        4.6416e+18    7.7426e+18    2.03850536e-27     
   2.1544        4.6416e+18    1.2915e+19    2.03850536e-27     
   2.1544        4.6416e+18    2.1544e+19    2.03850536e-27     
   2.1544        4.6416e+18    3.5938e+19    2.03850536e-27     
   2.1544        4.6416e+18    5.9948e+19    2.03850536e-27     
   2.1544        4.6416e+18    1.0000e+20    2.03850536e-27     
   2.1544        7.7426e+18    1.0000e+18    1.90242616e-27     
   2.1544        7.7426e+18    1.6681e+18    1.90242616e-27     
   2.1544        7.7426e+18    2.7826e+18    1.90242616e-27     
   2.1544        7.7426e+18    4.6416e+18    1.90242616e-27     
   2.1544        7.7426e+18    7.7426e+18    1.90242616e-27     
   2.1544        7.7426e+18    1.2915e+19    1.90242616e-27     
   2.1544        7.7426e+18    2.1544e+19    1.90242616e-27     
   2.1544        7.7426e+18    3.5938e+19    1.90242616e-27     
   2.1544        7.7426e+18    5.9948e+19    1.90242616e-27     
   2.1544        7.7426e+18    1.0000e+20    1.90242616e-27     
   2.1544        1.2915e+19    1.0000e+18    1.72199967e-27     
   2.1544        1.2915e+19    1.6681e+18    1.72199967e-27     
   2.1544        1.2915e+19    2.7826e+18    1.72199967e-27     
   2.1544        1.2915e+19    4.6416e+18    1.72199967e-27     
   2.1544        1.2915e+19    7.7426e+18    1.72199967e-27     
   2.1544        1.2915e+19    1.2915e+19    1.72199967e-27     
   2.1544        1.2915e+19    2.1544e+19    1.72199967e-27     
   2.1544        1.2915e+19    3.5938e+19    1.72199967e-27     
   2.1544        1.2915e+19    5.9948e+19    1.72199967e-27     
   2.1544        1.2915e+19    1.0000e+20    1.72199967e-27     
   2.1544        2.1544e+19    1.0000e+18    1.50320849e-27     
   2.1544        2.1544e+19    1.6681e+18    1.50320849e-27     
   2.1544        2.1544e+19    2.7826e+18    1.50320849e-27     
   2.1544        2.1544e+19    4.6416e+18    1.50320849e-27     
   2.1544        2.1544e+19    7.7426e+18    1.50320849e-27     
   2.1544        2.1544e+19    1.2915e+19    1.50320849e-27     
   2.1544        2.1544e+19    2.1544e+19    1.50320849e-27     
   2.1544        2.1544e+19    3.5938e+19    1.50320849e-27     
   2.1544        2.1544e+19    5.9948e+19    1.50320849e-27     
   2.1544        2.1544e+19    1.0000e+20    1.50320849e-27     
   2.1544        3.5938e+19    1.0000e+18    1.26571815e-27     
   2.1544        3.5938e+19    1.6681e+18    1.26571815e-27     
   2.1544        3.5938e+19    2.7826e+18    1.26571815e-27     
   2.1544        3.5938e+19    4.6416e+18    1.26571815e-27     
   2.1544        3.5938e+19    7.7426e+18    1.26571815e-27     
   2.1544        3.5938e+19    1.2915e+19    1.26571815e-27     
   2.1544        3.5938e+19    2.1544e+19    1.26571815e-27     
   2.1544        3.5938e+19    3.5938e+19    1.26571815e-27     
   2.1544        3.5938e+19    5.9948e+19    1.26571815e-27     
   2.1544        3.5938e+19    1.0000e+20    1.26571815e-27     
   2.1544        5.9948e+19    1.0000e+18    1.03668220e-27     
   2.1544        5.9948e+19    1.6681e+18    1.03668220e-27     
   2.1544        5.9948e+19    2.7826e+18    1.03668220e-27     
   2.1544        5.9948e+19    4.6416e+18    1.03668220e-27     
   2.1544        5.9948e+19    7.7426e+18    1.03668220e-27     
   2.1544        5.9948e+19    1.2915e+19    1.03668220e-27     
   2.1544        5.9948e+19    2.1544e+19    1.03668220e-27     
   2.1544        5.9948e+19    3.5938e+19    1.03668220e-27     
   2.1544        5.9948e+19    5.9948e+19    1.03668220e-27     
   2.1544        5.9948e+19    1.0000e+20    1.03668220e-27     
   2.1544        1.0000e+20    1.0000e+18    8.37948228e-28     
   2.1544        1.0000e+20    1.6681e+18    8.37948228e-28     
   2.1544        1.0000e+20    2.7826e+18    8.37948228e-28     
   2.1544        1.0000e+20    4.6416e+18    8.37948228e-28     
   2.1544        1.0000e+20    7.7426e+18    8.37948228e-28     
   2.1544        1.0000e+20    1.2915e+19    8.37948228e-28     
   2.1544        1.0000e+20    2.1544e+19    8.37948228e-28     
   2.1544        1.0000e+20    3.5938e+19    8.37948228e-28     
   2.1544        1.0000e+20    5.9948e+19    8.37948228e-28     
   2.1544        1.0000e+20    1.0000e+20    8.37948228e-28     
   2.7826        1.0000e+18    1.0000e+18    1.36749296e-26     
   2.7826        1.0000e+18    1.6681e+18    1.36749296e-26     
   2.7826        1.0000e+18    2.7826e+18    1.36749296e-26     
   2.7826        1.0000e+18    4.6416e+18    1.36749296e-26     
   2.7826        1.0000e+18    7.7426e+18    1.36749296e-26     
   2.7826        1.0000e+18    1.2915e+19    1.36749296e-26     
   2.7826        1.0000e+18    2.1544e+19    1.36749296e-26     
   2.7826        1.0000e+18    3.5938e+19    1.36749296e-26     
   2.7826        1.0000e+18    5.9948e+19    1.36749296e-26     
   2.7826        1.0000e+18    1.0000e+20    1.36749296e-26     
   2.7826        1.6681e+18    1.0000e+18    1.33711150e-26     
   2.7826        1.6681e+18    1.6681e+18    1.33711150e-26     
   2.7826        1.6681e+18    2.7826e+18    1.33711150e-26     
   2.7826        1.6681e+18    4.6416e+18    1.33711150e-26     
   2.7826        1.6681e+18    7.7426e+18    1.33711150e-26     
   2.7826        1.6681e+18    1.2915e+19    1.33711150e-26     
   2.7826        1.6681e+18    2.1544e+19    1.33711150e-26     
   2.7826        1.6681e+18    3.5938e+19    1.33711150e-26     
   2.7826        1.6681e+18    5.9948e+19    1.33711150e-26     
   2.7826        1.6681e+18    1.0000e+20    1.33711150e-26     
   2.7826        2.7826e+18    1.0000e+18    1.29181515e-26     
   2.7826        2.7826e+18    1.6681e+18    1.29181515e-26     
   2.7826        2.7826e+18    2.7826e+18    1.29181515e-26     
   2.7826        2.7826e+18    4.6416e+18    1.29181515e-26     
   2.7826        2.7826e+18    7.7426e+18    1.29181515e-26     
   2.7826        2.7826e+18    1.2915e+19    1.29181515e-26     
   2.7826        2.7826e+18    2.1544e+19    1.29181515e-26     
   2.7826        2.7826e+18    3.5938e+19    1.29181515e-26     
   2.7826        2.7826e+18    5.9948e+19    1.29181515e-26     
   2.7826        2.7826e+18    1.0000e+20    1.29181515e-26     
   2.7826        4.6416e+18    1.0000e+18    1.22601689e-26     
   2.7826        4.6416e+18    1.6681e+18    1.22601689e-26     
   2.7826        4.6416e+18    2.7826e+18    1.22601689e-26     
   2.7826        4.6416e+18    4.6416e+18    1.22601689e-26     
   2.7826        4.6416e+18    7.7426e+18    1.22601689e-26     
   2.7826        4.6416e+18    1.2915e+19    1.22601689e-26     
   2.7826        4.6416e+18    2.1544e+19    1.22601689e-26     
   2.7826        4.6416e+18    3.5938e+19    1.22601689e-26     
   2.7826        4.6416e+18    5.9948e+19    1.22601689e-26     
   2.7826        4.6416e+18    1.0000e+20    1.22601689e-26     
   2.7826        7.7426e+18    1.0000e+18    1.13465500e-26     
   2.7826        7.7426e+18    1.6681e+18    1.13465500e-26     
   2.7826        7.7426e+18    2.7826e+18    1.13465500e-26     
   2.7826        7.7426e+18    4.6416e+18    1.13465500e-26     
   2.7826        7.7426e+18    7.7426e+18    1.13465500e-26     
   2.7826        7.7426e+18    1.2915e+19    1.13465500e-26     
   2.7826        7.7426e+18    2.1544e+19    1.13465500e-26     
   2.7826        7.7426e+18    3.5938e+19    1.13465500e-26     
   2.7826        7.7426e+18    5.9948e+19    1.13465500e-26     
   2.7826        7.7426e+18    1.0000e+20    1.13465500e-26     
   2.7826        1.2915e+19    1.0000e+18    1.01641025e-26     
   2.7826        1.2915e+19    1.6681e+18    1.01641025e-26     
   2.7826        1.2915e+19    2.7826e+18    1.01641025e-26     
   2.7826        1.2915e+19    4.6416e+18    1.01641025e-26     
   2.7826        1.2915e+19    7.7426e+18    1.01641025e-26     
   2.7826        1.2915e+19    1.2915e+19    1.01641025e-26     
   2.7826        1.2915e+19    2.1544e+19    1.01641025e-26     
   2.7826        1.2915e+19    3.5938e+19    1.01641025e-26     
   2.7826        1.2915e+19    5.9948e+19    1.01641025e-26     
   2.7826        1.2915e+19    1.0000e+20    1.01641025e-26     
   2.7826        2.1544e+19    1.0000e+18    8.77413828e-27     
   2.7826        2.1544e+19    1.6681e+18    8.77413828e-27     
   2.7826        2.1544e+19    2.7826e+18    8.77413828e-27     
   2.7826        2.1544e+19    4.6416e+18    8.77413828e-27     
   2.7826        2.1544e+19    7.7426e+18    8.77413828e-27     
   2.7826        2.1544e+19    1.2915e+19    8.77413828e-27     
   2.7826        2.1544e+19    2.1544e+19    8.77413828e-27     
   2.7826        2.1544e+19    3.5938e+19    8.77413828e-27     
   2.7826        2.1544e+19    5.9948e+19    8.77413828e-27     
   2.7826        2.1544e+19    1.0000e+20    8.77413828e-27     
   2.7826        3.5938e+19    1.0000e+18    7.31657663e-27     
   2.7826        3.5938e+19    1.6681e+18    7.31657663e-27     
   2.7826        3.5938e+19    2.7826e+18    7.31657663e-27     
   2.7826        3.5938e+19    4.6416e+18    7.31657663e-27     
   2.7826        3.5938e+19    7.7426e+18    7.31657663e-27     
   2.7826        3.5938e+19    1.2915e+19    7.31657663e-27     
   2.7826        3.5938e+19    2.1544e+19    7.31657663e-27     
   2.7826        3.5938e+19    3.5938e+19    7.31657663e-27     
   2.7826        3.5938e+19    5.9948e+19    7.31657663e-27     
   2.7826        3.5938e+19    1.0000e+20    7.31657663e-27     
   2.7826        5.9948e+19    1.0000e+18    5.95513490e-27     
   2.7826        5.9948e+19    1.6681e+18    5.95513490e-27     
   2.7826        5.9948e+19    2.7826e+18    5.95513490e-27     
   2.7826        5.9948e+19    4.6416e+18    5.95513490e-27     
   2.7826        5.9948e+19    7.7426e+18    5.95513490e-27     
   2.7826        5.9948e+19    1.2915e+19    5.95513490e-27     
   2.7826        5.9948e+19    2.1544e+19    5.95513490e-27     
   2.7826        5.9948e+19    3.5938e+19    5.95513490e-27     
   2.7826        5.9948e+19    5.9948e+19    5.95513490e-27     
   2.7826        5.9948e+19    1.0000e+20    5.95513490e-27     
   2.7826        1.0000e+20    1.0000e+18    4.79971714e-27     
   2.7826        1.0000e+20    1.6681e+18    4.79971714e-27     
   2.7826        1.0000e+20    2.7826e+18    4.79971714e-27     
   2.7826        1.0000e+20    4.6416e+18    4.79971714e-27     
   2.7826        1.0000e+20    7.7426e+18    4.79971714e-27     
   2.7826        1.0000e+20    1.2915e+19    4.79971714e-27     
   2.7826        1.0000e+20    2.1544e+19    4.79971714e-27     
   2.7826        1.0000e+20    3.5938e+19    4.79971714e-27     
   2.7826        1.0000e+20    5.9948e+19    4.79971714e-27     
   2.7826        1.0000e+20    1.0000e+20    4.79971714e-27     
   3.5938        1.0000e+18    1.0000e+18    5.42177855e-26     
   3.5938        1.0000e+18    1.6681e+18    5.42177855e-26     
   3.5938        1.0000e+18    2.7826e+18    5.42177855e-26     
   3.5938        1.0000e+18    4.6416e+18    5.42177855e-26     
   3.5938        1.0000e+18    7.7426e+18    5.42177855e-26     
   3.5938        1.0000e+18    1.2915e+19    5.42177855e-26     
   3.5938        1.0000e+18    2.1544e+19    5.42177855e-26     
   3.5938        1.0000e+18    3.5938e+19    5.42177855e-26     
   3.5938        1.0000e+18    5.9948e+19    5.42177855e-26     
   3.5938        1.0000e+18    1.0000e+20    5.42177855e-26     
   3.5938        1.6681e+18    1.0000e+18    5.28821146e-26     
   3.5938        1.6681e+18    1.6681e+18    5.28821146e-26     
   3.5938        1.6681e+18    2.7826e+18    5.28821146e-26     
   3.5938        1.6681e+18    4.6416e+18    5.28821146e-26     
   3.5938        1.6681e+18    7.7426e+18    5.28821146e-26     
   3.5938        1.6681e+18    1.2915e+19    5.28821146e-26     
   3.5938        1.6681e+18    2.1544e+19    5.28821146e-26     
   3.5938        1.6681e+18    3.5938e+19    5.28821146e-26     
   3.5938        1.6681e+18    5.9948e+19    5.28821146e-26     
   3.5938        1.6681e+18    1.0000e+20    5.28821146e-26     
   3.5938        2.7826e+18    1.0000e+18    5.09023426e-26     
   3.5938        2.7826e+18    1.6681e+18    5.09023426e-26     
   3.5938        2.7826e+18    2.7826e+18    5.09023426e-26     
   3.5938        2.7826e+18    4.6416e+18    5.09023426e-26     
   3.5938        2.7826e+18    7.7426e+18    5.09023426e-26     
   3.5938        2.7826e+18    1.2915e+19    5.09023426e-26     
   3.5938        2.7826e+18    2.1544e+19    5.09023426e-26     
   3.5938        2.7826e+18    3.5938e+19    5.09023426e-26     
   3.5938        2.7826e+18    5.9948e+19    5.09023426e-26     
   3.5938        2.7826e+18    1.0000e+20    5.09023426e-26     
   3.5938        4.6416e+18    1.0000e+18    4.80544675e-26     
   3.5938        4.6416e+18    1.6681e+18    4.80544675e-26     
   3.5938        4.6416e+18    2.7826e+18    4.80544675e-26     
   3.5938        4.6416e+18    4.6416e+18    4.80544675e-26     
   3.5938        4.6416e+18    7.7426e+18    4.80544675e-26     
   3.5938        4.6416e+18    1.2915e+19    4.80544675e-26     
   3.5938        4.6416e+18    2.1544e+19    4.80544675e-26     
   3.5938        4.6416e+18    3.5938e+19    4.80544675e-26     
   3.5938        4.6416e+18    5.9948e+19    4.80544675e-26     
   3.5938        4.6416e+18    1.0000e+20    4.80544675e-26     
   3.5938        7.7426e+18    1.0000e+18    4.41594756e-26     
   3.5938        7.7426e+18    1.6681e+18    4.41594756e-26     
   3.5938        7.7426e+18    2.7826e+18    4.41594756e-26     
   3.5938        7.7426e+18    4.6416e+18    4.41594756e-26     
   3.5938        7.7426e+18    7.7426e+18    4.41594756e-26     
   3.5938        7.7426e+18    1.2915e+19    4.41594756e-26     
   3.5938        7.7426e+18    2.1544e+19    4.41594756e-26     
   3.5938        7.7426e+18    3.5938e+19    4.41594756e-26     
   3.5938        7.7426e+18    5.9948e+19    4.41594756e-26     
   3.5938        7.7426e+18    1.0000e+20    4.41594756e-26     
   3.5938        1.2915e+19    1.0000e+18    3.92237185e-26     
   3.5938        1.2915e+19    1.6681e+18    3.92237185e-26     
   3.5938        1.2915e+19    2.7826e+18    3.92237185e-26     
   3.5938        1.2915e+19    4.6416e+18    3.92237185e-26     
   3.5938        1.2915e+19    7.7426e+18    3.92237185e-26     
   3.5938        1.2915e+19    1.2915e+19    3.92237185e-26     
   3.5938        1.2915e+19    2.1544e+19    3.92237185e-26     
   3.5938        1.2915e+19    3.5938e+19    3.92237185e-26     
   3.5938        1.2915e+19    5.9948e+19    3.92237185e-26     
   3.5938        1.2915e+19    1.0000e+20    3.92237185e-26     
   3.5938        2.1544e+19    1.0000e+18    3.35702926e-26     
   3.5938        2.1544e+19    1.6681e+18    3.35702926e-26     
   3.5938        2.1544e+19    2.7826e+18    3.35702926e-26     
   3.5938        2.1544e+19    4.6416e+18    3.35702926e-26     
   3.5938        2.1544e+19    7.7426e+18    3.35702926e-26     
   3.5938        2.1544e+19    1.2915e+19    3.35702926e-26     
   3.5938        2.1544e+19    2.1544e+19    3.35702926e-26     
   3.5938        2.1544e+19    3.5938e+19    3.35702926e-26     
   3.5938        2.1544e+19    5.9948e+19    3.35702926e-26     
   3.5938        2.1544e+19    1.0000e+20    3.35702926e-26     
   3.5938        3.5938e+19    1.0000e+18    2.78015947e-26     
   3.5938        3.5938e+19    1.6681e+18    2.78015947e-26     
   3.5938        3.5938e+19    2.7826e+18    2.78015947e-26     
   3.5938        3.5938e+19    4.6416e+18    2.78015947e-26     
   3.5938        3.5938e+19    7.7426e+18    2.78015947e-26     
   3.5938        3.5938e+19    1.2915e+19    2.78015947e-26     
   3.5938        3.5938e+19    2.1544e+19    2.78015947e-26     
   3.5938        3.5938e+19    3.5938e+19    2.78015947e-26     
   3.5938        3.5938e+19    5.9948e+19    2.78015947e-26     
   3.5938        3.5938e+19    1.0000e+20    2.78015947e-26     
   3.5938        5.9948e+19    1.0000e+18    2.25377330e-26     
   3.5938        5.9948e+19    1.6681e+18    2.25377330e-26     
   3.5938        5.9948e+19    2.7826e+18    2.25377330e-26     
   3.5938        5.9948e+19    4.6416e+18    2.25377330e-26     
   3.5938        5.9948e+19    7.7426e+18    2.25377330e-26     
   3.5938        5.9948e+19    1.2915e+19    2.25377330e-26     
   3.5938        5.9948e+19    2.1544e+19    2.25377330e-26     
   3.5938        5.9948e+19    3.5938e+19    2.25377330e-26     
   3.5938        5.9948e+19    5.9948e+19    2.25377330e-26     
   3.5938        5.9948e+19    1.0000e+20    2.25377330e-26     
   3.5938        1.0000e+20    1.0000e+18    1.81297172e-26     
   3.5938        1.0000e+20    1.6681e+18    1.81297172e-26     
   3.5938        1.0000e+20    2.7826e+18    1.81297172e-26     
   3.5938        1.0000e+20    4.6416e+18    1.81297172e-26     
   3.5938        1.0000e+20    7.7426e+18    1.81297172e-26     
   3.5938        1.0000e+20    1.2915e+19    1.81297172e-26     
   3.5938        1.0000e+20    2.1544e+19    1.81297172e-26     
   3.5938        1.0000e+20    3.5938e+19    1.81297172e-26     
   3.5938        1.0000e+20    5.9948e+19    1.81297172e-26     
   3.5938        1.0000e+20    1.0000e+20    1.81297172e-26     
   4.6416        1.0000e+18    1.0000e+18    1.57321464e-25     
   4.6416        1.0000e+18    1.6681e+18    1.57321464e-25     
   4.6416        1.0000e+18    2.7826e+18    1.57321464e-25     
   4.6416        1.0000e+18    4.6416e+18    1.57321464e-25     
   4.6416        1.0000e+18    7.7426e+18    1.57321464e-25     
   4.6416        1.0000e+18    1.2915e+19    1.57321464e-25     
   4.6416        1.0000e+18    2.1544e+19    1.57321464e-25     
   4.6416        1.0000e+18    3.5938e+19    1.57321464e-25     
   4.6416        1.0000e+18    5.9948e+19    1.57321464e-25     
   4.6416        1.0000e+18    1.0000e+20    1.57321464e-25     
   4.6416        1.6681e+18    1.0000e+18    1.53111885e-25     
   4.6416        1.6681e+18    1.6681e+18    1.53111885e-25     
   4.6416        1.6681e+18    2.7826e+18    1.53111885e-25     
   4.6416        1.6681e+18    4.6416e+18    1.53111885e-25     
   4.6416        1.6681e+18    7.7426e+18    1.53111885e-25     
   4.6416        1.6681e+18    1.2915e+19    1.53111885e-25     
   4.6416        1.6681e+18    2.1544e+19    1.53111885e-25     
   4.6416        1.6681e+18    3.5938e+19    1.53111885e-25     
   4.6416        1.6681e+18    5.9948e+19    1.53111885e-25     
   4.6416        1.6681e+18    1.0000e+20    1.53111885e-25     
   4.6416        2.7826e+18    1.0000e+18    1.46911705e-25     
   4.6416        2.7826e+18    1.6681e+18    1.46911705e-25     
   4.6416        2.7826e+18    2.7826e+18    1.46911705e-25     
   4.6416        2.7826e+18    4.6416e+18    1.46911705e-25     
   4.6416        2.7826e+18    7.7426e+18    1.46911705e-25     
   4.6416        2.7826e+18    1.2915e+19    1.46911705e-25     
   4.6416        2.7826e+18    2.1544e+19    1.46911705e-25     
   4.6416        2.7826e+18    3.5938e+19    1.46911705e-25     
   4.6416        2.7826e+18    5.9948e+19    1.46911705e-25     
   4.6416        2.7826e+18    1.0000e+20    1.46911705e-25     
   4.6416        4.6416e+18    1.0000e+18    1.38074799e-25     
   4.6416        4.6416e+18    1.6681e+18    1.38074799e-25     
   4.6416        4.6416e+18    2.7826e+18    1.38074799e-25     
   4.6416        4.6416e+18    4.6416e+18    1.38074799e-25     
   4.6416        4.6416e+18    7.7426e+18    1.38074799e-25     
   4.6416        4.6416e+18    1.2915e+19    1.38074799e-25     
   4.6416        4.6416e+18    2.1544e+19    1.38074799e-25     
   4.6416        4.6416e+18    3.5938e+19    1.38074799e-25     
   4.6416        4.6416e+18    5.9948e+19    1.38074799e-25     
   4.6416        4.6416e+18    1.0000e+20    1.38074799e-25     
   4.6416        7.7426e+18    1.0000e+18    1.26146677e-25     
   4.6416        7.7426e+18    1.6681e+18    1.26146677e-25     
   4.6416        7.7426e+18    2.7826e+18    1.26146677e-25     
   4.6416        7.7426e+18    4.6416e+18    1.26146677e-25     
   4.6416        7.7426e+18    7.7426e+18    1.26146677e-25     
   4.6416        7.7426e+18    1.2915e+19    1.26146677e-25     
   4.6416        7.7426e+18    2.1544e+19    1.26146677e-25     
   4.6416        7.7426e+18    3.5938e+19    1.26146677e-25     
   4.6416        7.7426e+18    5.9948e+19    1.26146677e-25     
   4.6416        7.7426e+18    1.0000e+20    1.26146677e-25     
   4.6416        1.2915e+19    1.0000e+18    1.11291983e-25     
   4.6416        1.2915e+19    1.6681e+18    1.11291983e-25     
   4.6416        1.2915e+19    2.7826e+18    1.11291983e-25     
   4.6416        1.2915e+19    4.6416e+18    1.11291983e-25     
   4.6416        1.2915e+19    7.7426e+18    1.11291983e-25     
   4.6416        1.2915e+19    1.2915e+19    1.11291983e-25     
   4.6416        1.2915e+19    2.1544e+19    1.11291983e-25     
   4.6416        1.2915e+19    3.5938e+19    1.11291983e-25     
   4.6416        1.2915e+19    5.9948e+19    1.11291983e-25     
   4.6416        1.2915e+19    1.0000e+20    1.11291983e-25     
   4.6416        2.1544e+19    1.0000e+18    9.46215260e-26     
   4.6416        2.1544e+19    1.6681e+18    9.46215260e-26     
   4.6416        2.1544e+19    2.7826e+18    9.46215260e-26     
   4.6416        2.1544e+19    4.6416e+18    9.46215260e-26     
   4.6416        2.1544e+19    7.7426e+18    9.46215260e-26     
   4.6416        2.1544e+19    1.2915e+19    9.46215260e-26     
   4.6416        2.1544e+19    2.1544e+19    9.46215260e-26     
   4.6416        2.1544e+19    3.5938e+19    9.46215260e-26     
   4.6416        2.1544e+19    5.9948e+19    9.46215260e-26     
   4.6416        2.1544e+19    1.0000e+20    9.46215260e-26     
   4.6416        3.5938e+19    1.0000e+18    7.79558502e-26     
   4.6416        3.5938e+19    1.6681e+18    7.79558502e-26     
   4.6416        3.5938e+19    2.7826e+18    7.79558502e-26     
   4.6416        3.5938e+19    4.6416e+18    7.79558502e-26     
   4.6416        3.5938e+19    7.7426e+18    7.79558502e-26     
   4.6416        3.5938e+19    1.2915e+19    7.79558502e-26     
   4.6416        3.5938e+19    2.1544e+19    7.79558502e-26     
   4.6416        3.5938e+19    3.5938e+19    7.79558502e-26     
   4.6416        3.5938e+19    5.9948e+19    7.79558502e-26     
   4.6416        3.5938e+19    1.0000e+20    7.79558502e-26     
   4.6416        5.9948e+19    1.0000e+18    6.29926500e-26     
   4.6416        5.9948e+19    1.6681e+18    6.29926500e-26     
   4.6416        5.9948e+19    2.7826e+18    6.29926500e-26     
   4.6416        5.9948e+19    4.6416e+18    6.29926500e-26     
   4.6416        5.9948e+19    7.7426e+18    6.29926500e-26     
   4.6416        5.9948e+19    1.2915e+19    6.29926500e-26     
   4.6416        5.9948e+19    2.1544e+19    6.29926500e-26     
   4.6416        5.9948e+19    3.5938e+19    6.29926500e-26     
   4.6416        5.9948e+19    5.9948e+19    6.29926500e-26     
   4.6416        5.9948e+19    1.0000e+20    6.29926500e-26     
   4.6416        1.0000e+20    1.0000e+18    5.05528658e-26     
   4.6416        1.0000e+20    1.6681e+18    5.05528658e-26     
   4.6416        1.0000e+20    2.7826e+18    5.05528658e-26     
   4.6416        1.0000e+20    4.6416e+18    5.05528658e-26     
   4.6416        1.0000e+20    7.7426e+18    5.05528658e-26     
   4.6416        1.0000e+20    1.2915e+19    5.05528658e-26     
   4.6416        1.0000e+20    2.1544e+19    5.05528658e-26     
   4.6416        1.0000e+20    3.5938e+19    5.05528658e-26     
   4.6416        1.0000e+20    5.9948e+19    5.05528658e-26     
   4.6416        1.0000e+20    1.0000e+20    5.05528658e-26     
   5.9948        1.0000e+18    1.0000e+18    3.65897508e-25     
   5.9948        1.0000e+18    1.6681e+18    3.65897508e-25     
   5.9948        1.0000e+18    2.7826e+18    3.65897508e-25     
   5.9948        1.0000e+18    4.6416e+18    3.65897508e-25     
   5.9948        1.0000e+18    7.7426e+18    3.65897508e-25     
   5.9948        1.0000e+18    1.2915e+19    3.65897508e-25     
   5.9948        1.0000e+18    2.1544e+19    3.65897508e-25     
   5.9948        1.0000e+18    3.5938e+19    3.65897508e-25     
   5.9948        1.0000e+18    5.9948e+19    3.65897508e-25     
   5.9948        1.0000e+18    1.0000e+20    3.65897508e-25     
   5.9948        1.6681e+18    1.0000e+18    3.55434616e-25     
   5.9948        1.6681e+18    1.6681e+18    3.55434616e-25     
   5.9948        1.6681e+18    2.7826e+18    3.55434616e-25     
   5.9948        1.6681e+18    4.6416e+18    3.55434616e-25     
   5.9948        1.6681e+18    7.7426e+18    3.55434616e-25     
   5.9948        1.6681e+18    1.2915e+19    3.55434616e-25     
   5.9948        1.6681e+18    2.1544e+19    3.55434616e-25     
   5.9948        1.6681e+18    3.5938e+19    3.55434616e-25     
   5.9948        1.6681e+18    5.9948e+19    3.55434616e-25     
   5.9948        1.6681e+18    1.0000e+20    3.55434616e-25     
   5.9948        2.7826e+18    1.0000e+18    3.40126941e-25     
   5.9948        2.7826e+18    1.6681e+18    3.40126941e-25     
   5.9948        2.7826e+18    2.7826e+18    3.40126941e-25     
   5.9948        2.7826e+18    4.6416e+18    3.40126941e-25     
   5.9948        2.7826e+18    7.7426e+18    3.40126941e-25     
   5.9948        2.7826e+18    1.2915e+19    3.40126941e-25     
   5.9948        2.7826e+18    2.1544e+19    3.40126941e-25     
   5.9948        2.7826e+18    3.5938e+19    3.40126941e-25     
   5.9948        2.7826e+18    5.9948e+19    3.40126941e-25     
   5.9948        2.7826e+18    1.0000e+20    3.40126941e-25     
   5.9948        4.6416e+18    1.0000e+18    3.18492598e-25     
   5.9948        4.6416e+18    1.6681e+18    3.18492598e-25     
   5.9948        4.6416e+18    2.7826e+18    3.18492598e-25     
   5.9948        4.6416e+18    4.6416e+18    3.18492598e-25     
   5.9948        4.6416e+18    7.7426e+18    3.18492598e-25     
   5.9948        4.6416e+18    1.2915e+19    3.18492598e-25     
   5.9948        4.6416e+18    2.1544e+19    3.18492598e-25     
   5.9948        4.6416e+18    3.5938e+19    3.18492598e-25     
   5.9948        4.6416e+18    5.9948e+19    3.18492598e-25     
   5.9948        4.6416e+18    1.0000e+20    3.18492598e-25     
   5.9948        7.7426e+18    1.0000e+18    2.89605801e-25     
   5.9948        7.7426e+18    1.6681e+18    2.89605801e-25     
   5.9948        7.7426e+18    2.7826e+18    2.89605801e-25     
   5.9948        7.7426e+18    4.6416e+18    2.89605801e-25     
   5.9948        7.7426e+18    7.7426e+18    2.89605801e-25     
   5.9948        7.7426e+18    1.2915e+19    2.89605801e-25     
   5.9948        7.7426e+18    2.1544e+19    2.89605801e-25     
   5.9948        7.7426e+18    3.5938e+19    2.89605801e-25     
   5.9948        7.7426e+18    5.9948e+19    2.89605801e-25     
   5.9948        7.7426e+18    1.0000e+20    2.89605801e-25     
   5.9948        1.2915e+19    1.0000e+18    2.54112786e-25     
   5.9948        1.2915e+19    1.6681e+18    2.54112786e-25     
   5.9948        1.2915e+19    2.7826e+18    2.54112786e-25     
   5.9948        1.2915e+19    4.6416e+18    2.54112786e-25     
   5.9948        1.2915e+19    7.7426e+18    2.54112786e-25     
   5.9948        1.2915e+19    1.2915e+19    2.54112786e-25     
   5.9948        1.2915e+19    2.1544e+19    2.54112786e-25     
   5.9948        1.2915e+19    3.5938e+19    2.54112786e-25     
   5.9948        1.2915e+19    5.9948e+19    2.54112786e-25     
   5.9948        1.2915e+19    1.0000e+20    2.54112786e-25     
   5.9948        2.1544e+19    1.0000e+18    2.14878845e-25     
   5.9948        2.1544e+19    1.6681e+18    2.14878845e-25     
   5.9948        2.1544e+19    2.7826e+18    2.14878845e-25     
   5.9948        2.1544e+19    4.6416e+18    2.14878845e-25     
   5.9948        2.1544e+19    7.7426e+18    2.14878845e-25     
   5.9948        2.1544e+19    1.2915e+19    2.14878845e-25     
   5.9948        2.1544e+19    2.1544e+19    2.14878845e-25     
   5.9948        2.1544e+19    3.5938e+19    2.14878845e-25     
   5.9948        2.1544e+19    5.9948e+19    2.14878845e-25     
   5.9948        2.1544e+19    1.0000e+20    2.14878845e-25     
   5.9948        3.5938e+19    1.0000e+18    1.76220935e-25     
   5.9948        3.5938e+19    1.6681e+18    1.76220935e-25     
   5.9948        3.5938e+19    2.7826e+18    1.76220935e-25     
   5.9948        3.5938e+19    4.6416e+18    1.76220935e-25     
   5.9948        3.5938e+19    7.7426e+18    1.76220935e-25     
   5.9948        3.5938e+19    1.2915e+19    1.76220935e-25     
   5.9948        3.5938e+19    2.1544e+19    1.76220935e-25     
   5.9948        3.5938e+19    3.5938e+19    1.76220935e-25     
   5.9948        3.5938e+19    5.9948e+19    1.76220935e-25     
   5.9948        3.5938e+19    1.0000e+20    1.76220935e-25     
   5.9948        5.9948e+19    1.0000e+18    1.41883105e-25     
   5.9948        5.9948e+19    1.6681e+18    1.41883105e-25     
   5.9948        5.9948e+19    2.7826e+18    1.41883105e-25     
   5.9948        5.9948e+19    4.6416e+18    1.41883105e-25     
   5.9948        5.9948e+19    7.7426e+18    1.41883105e-25     
   5.9948        5.9948e+19    1.2915e+19    1.41883105e-25     
   5.9948        5.9948e+19    2.1544e+19    1.41883105e-25     
   5.9948        5.9948e+19    3.5938e+19    1.41883105e-25     
   5.9948        5.9948e+19    5.9948e+19    1.41883105e-25     
   5.9948        5.9948e+19    1.0000e+20    1.41883105e-25     
   5.9948        1.0000e+20    1.0000e+18    1.13447960e-25     
   5.9948        1.0000e+20    1.6681e+18    1.13447960e-25     
   5.9948        1.0000e+20    2.7826e+18    1.13447960e-25     
   5.9948        1.0000e+20    4.6416e+18    1.13447960e-25     
   5.9948        1.0000e+20    7.7426e+18    1.13447960e-25     
   5.9948        1.0000e+20    1.2915e+19    1.13447960e-25     
   5.9948        1.0000e+20    2.1544e+19    1.13447960e-25     
   5.9948        1.0000e+20    3.5938e+19    1.13447960e-25     
   5.9948        1.0000e+20    5.9948e+19    1.13447960e-25     
   5.9948        1.0000e+20    1.0000e+20    1.13447960e-25     
   7.7426        1.0000e+18    1.0000e+18    7.14745819e-25     
   7.7426        1.0000e+18    1.6681e+18    7.14745819e-25     
   7.7426        1.0000e+18    2.7826e+18    7.14745819e-25     
   7.7426        1.0000e+18    4.6416e+18    7.14745819e-25     
   7.7426        1.0000e+18    7.7426e+18    7.14745819e-25     
   7.7426        1.0000e+18    1.2915e+19    7.14745819e-25     
   7.7426        1.0000e+18    2.1544e+19    7.14745819e-25     
   7.7426        1.0000e+18    3.5938e+19    7.14745819e-25     
   7.7426        1.0000e+18    5.9948e+19    7.14745819e-25     
   7.7426        1.0000e+18    1.0000e+20    7.14745819e-25     
   7.7426        1.6681e+18    1.0000e+18    6.93249134e-25     
   7.7426        1.6681e+18    1.6681e+18    6.93249134e-25     
   7.7426        1.6681e+18    2.7826e+18    6.93249134e-25     
   7.7426        1.6681e+18    4.6416e+18    6.93249134e-25     
   7.7426        1.6681e+18    7.7426e+18    6.93249134e-25     
   7.7426        1.6681e+18    1.2915e+19    6.93249134e-25     
   7.7426        1.6681e+18    2.1544e+19    6.93249134e-25     
   7.7426        1.6681e+18    3.5938e+19    6.93249134e-25     
   7.7426        1.6681e+18    5.9948e+19    6.93249134e-25     
   7.7426        1.6681e+18    1.0000e+20    6.93249134e-25     
   7.7426        2.7826e+18    1.0000e+18    6.61999912e-25     
   7.7426        2.7826e+18    1.6681e+18    6.61999912e-25     
   7.7426        2.7826e+18    2.7826e+18    6.61999912e-25     
   7.7426        2.7826e+18    4.6416e+18    6.61999912e-25     
   7.7426        2.7826e+18    7.7426e+18    6.61999912e-25     
   7.7426        2.7826e+18    1.2915e+19    6.61999912e-25     
   7.7426        2.7826e+18    2.1544e+19    6.61999912e-25     
   7.7426        2.7826e+18    3.5938e+19    6.61999912e-25     
   7.7426        2.7826e+18    5.9948e+19    6.61999912e-25     
   7.7426        2.7826e+18    1.0000e+20    6.61999912e-25     
   7.7426        4.6416e+18    1.0000e+18    6.18147863e-25     
   7.7426        4.6416e+18    1.6681e+18    6.18147863e-25     
   7.7426        4.6416e+18    2.7826e+18    6.18147863e-25     
   7.7426        4.6416e+18    4.6416e+18    6.18147863e-25     
   7.7426        4.6416e+18    7.7426e+18    6.18147863e-25     
   7.7426        4.6416e+18    1.2915e+19    6.18147863e-25     
   7.7426        4.6416e+18    2.1544e+19    6.18147863e-25     
   7.7426        4.6416e+18    3.5938e+19    6.18147863e-25     
   7.7426        4.6416e+18    5.9948e+19    6.18147863e-25     
   7.7426        4.6416e+18    1.0000e+20    6.18147863e-25     
   7.7426        7.7426e+18    1.0000e+18    5.60073708e-25     
   7.7426        7.7426e+18    1.6681e+18    5.60073708e-25     
   7.7426        7.7426e+18    2.7826e+18    5.60073708e-25     
   7.7426        7.7426e+18    4.6416e+18    5.60073708e-25     
   7.7426        7.7426e+18    7.7426e+18    5.60073708e-25     
   7.7426        7.7426e+18    1.2915e+19    5.60073708e-25     
   7.7426        7.7426e+18    2.1544e+19    5.60073708e-25     
   7.7426        7.7426e+18    3.5938e+19    5.60073708e-25     
   7.7426        7.7426e+18    5.9948e+19    5.60073708e-25     
   7.7426        7.7426e+18    1.0000e+20    5.60073708e-25     
   7.7426        1.2915e+19    1.0000e+18    4.89389272e-25     
   7.7426        1.2915e+19    1.6681e+18    4.89389272e-25     
   7.7426        1.2915e+19    2.7826e+18    4.89389272e-25     
   7.7426        1.2915e+19    4.6416e+18    4.89389272e-25     
   7.7426        1.2915e+19    7.7426e+18    4.89389272e-25     
   7.7426        1.2915e+19    1.2915e+19    4.89389272e-25     
   7.7426        1.2915e+19    2.1544e+19    4.89389272e-25     
   7.7426        1.2915e+19    3.5938e+19    4.89389272e-25     
   7.7426        1.2915e+19    5.9948e+19    4.89389272e-25     
   7.7426        1.2915e+19    1.0000e+20    4.89389272e-25     
   7.7426        2.1544e+19    1.0000e+18    4.12040178e-25     
   7.7426        2.1544e+19    1.6681e+18    4.12040178e-25     
   7.7426        2.1544e+19    2.7826e+18    4.12040178e-25     
   7.7426        2.1544e+19    4.6416e+18    4.12040178e-25     
   7.7426        2.1544e+19    7.7426e+18    4.12040178e-25     
   7.7426        2.1544e+19    1.2915e+19    4.12040178e-25     
   7.7426        2.1544e+19    2.1544e+19    4.12040178e-25     
   7.7426        2.1544e+19    3.5938e+19    4.12040178e-25     
   7.7426        2.1544e+19    5.9948e+19    4.12040178e-25     
   7.7426        2.1544e+19    1.0000e+20    4.12040178e-25     
   7.7426        3.5938e+19    1.0000e+18    3.36533338e-25     
   7.7426        3.5938e+19    1.6681e+18    3.36533338e-25     
   7.7426        3.5938e+19    2.7826e+18    3.36533338e-25     
   7.7426        3.5938e+19    4.6416e+18    3.36533338e-25     
   7.7426        3.5938e+19    7.7426e+18    3.36533338e-25     
   7.7426        3.5938e+19    1.2915e+19    3.36533338e-25     
   7.7426        3.5938e+19    2.1544e+19    3.36533338e-25     
   7.7426        3.5938e+19    3.5938e+19    3.36533338e-25     
   7.7426        3.5938e+19    5.9948e+19    3.36533338e-25     
   7.7426        3.5938e+19    1.0000e+20    3.36533338e-25     
   7.7426        5.9948e+19    1.0000e+18    2.69902896e-25     
   7.7426        5.9948e+19    1.6681e+18    2.69902896e-25     
   7.7426        5.9948e+19    2.7826e+18    2.69902896e-25     
   7.7426        5.9948e+19    4.6416e+18    2.69902896e-25     
   7.7426        5.9948e+19    7.7426e+18    2.69902896e-25     
   7.7426        5.9948e+19    1.2915e+19    2.69902896e-25     
   7.7426        5.9948e+19    2.1544e+19    2.69902896e-25     
   7.7426        5.9948e+19    3.5938e+19    2.69902896e-25     
   7.7426        5.9948e+19    5.9948e+19    2.69902896e-25     
   7.7426        5.9948e+19    1.0000e+20    2.69902896e-25     
   7.7426        1.0000e+20    1.0000e+18    2.14842776e-25     
   7.7426        1.0000e+20    1.6681e+18    2.14842776e-25     
   7.7426        1.0000e+20    2.7826e+18    2.14842776e-25     
   7.7426        1.0000e+20    4.6416e+18    2.14842776e-25     
   7.7426        1.0000e+20    7.7426e+18    2.14842776e-25     
   7.7426        1.0000e+20    1.2915e+19    2.14842776e-25     
   7.7426        1.0000e+20    2.1544e+19    2.14842776e-25     
   7.7426        1.0000e+20    3.5938e+19    2.14842776e-25     
   7.7426        1.0000e+20    5.9948e+19    2.14842776e-25     
   7.7426        1.0000e+20    1.0000e+20    2.14842776e-25     
   10.0000       1.0000e+18    1.0000e+18    1.22847017e-24     
   10.0000       1.0000e+18    1.6681e+18    1.22847017e-24     
   10.0000       1.0000e+18    2.7826e+18    1.22847017e-24     
   10.0000       1.0000e+18    4.6416e+18    1.22847017e-24     
   10.0000       1.0000e+18    7.7426e+18    1.22847017e-24     
   10.0000       1.0000e+18    1.2915e+19    1.22847017e-24     
   10.0000       1.0000e+18    2.1544e+19    1.22847017e-24     
   10.0000       1.0000e+18    3.5938e+19    1.22847017e-24     
   10.0000       1.0000e+18    5.9948e+19    1.22847017e-24     
   10.0000       1.0000e+18    1.0000e+20    1.22847017e-24     
   10.0000       1.6681e+18    1.0000e+18    1.19021464e-24     
   10.0000       1.6681e+18    1.6681e+18    1.19021464e-24     
   10.0000       1.6681e+18    2.7826e+18    1.19021464e-24     
   10.0000       1.6681e+18    4.6416e+18    1.19021464e-24     
   10.0000       1.6681e+18    7.7426e+18    1.19021464e-24     
   10.0000       1.6681e+18    1.2915e+19    1.19021464e-24     
   10.0000       1.6681e+18    2.1544e+19    1.19021464e-24     
   10.0000       1.6681e+18    3.5938e+19    1.19021464e-24     
   10.0000       1.6681e+18    5.9948e+19    1.19021464e-24     
   10.0000       1.6681e+18    1.0000e+20    1.19021464e-24     
   10.0000       2.7826e+18    1.0000e+18    1.13491776e-24     
   10.0000       2.7826e+18    1.6681e+18    1.13491776e-24     
   10.0000       2.7826e+18    2.7826e+18    1.13491776e-24     
   10.0000       2.7826e+18    4.6416e+18    1.13491776e-24     
   10.0000       2.7826e+18    7.7426e+18    1.13491776e-24     
   10.0000       2.7826e+18    1.2915e+19    1.13491776e-24     
   10.0000       2.7826e+18    2.1544e+19    1.13491776e-24     
   10.0000       2.7826e+18    3.5938e+19    1.13491776e-24     
   10.0000       2.7826e+18    5.9948e+19    1.13491776e-24     
   10.0000       2.7826e+18    1.0000e+20    1.13491776e-24     
   10.0000       4.6416e+18    1.0000e+18    1.05774302e-24     
   10.0000       4.6416e+18    1.6681e+18    1.05774302e-24     
   10.0000       4.6416e+18    2.7826e+18    1.05774302e-24     
   10.0000       4.6416e+18    4.6416e+18    1.05774302e-24     
   10.0000       4.6416e+18    7.7426e+18    1.05774302e-24     
   10.0000       4.6416e+18    1.2915e+19    1.05774302e-24     
   10.0000       4.6416e+18    2.1544e+19    1.05774302e-24     
   10.0000       4.6416e+18    3.5938e+19    1.05774302e-24     
   10.0000       4.6416e+18    5.9948e+19    1.05774302e-24     
   10.0000       4.6416e+18    1.0000e+20    1.05774302e-24     
   10.0000       7.7426e+18    1.0000e+18    9.56095404e-25     
   10.0000       7.7426e+18    1.6681e+18    9.56095404e-25     
   10.0000       7.7426e+18    2.7826e+18    9.56095404e-25     
   10.0000       7.7426e+18    4.6416e+18    9.56095404e-25     
   10.0000       7.7426e+18    7.7426e+18    9.56095404e-25     
   10.0000       7.7426e+18    1.2915e+19    9.56095404e-25     
   10.0000       7.7426e+18    2.1544e+19    9.56095404e-25     
   10.0000       7.7426e+18    3.5938e+19    9.56095404e-25     
   10.0000       7.7426e+18    5.9948e+19    9.56095404e-25     
   10.0000       7.7426e+18    1.0000e+20    9.56095404e-25     
   10.0000       1.2915e+19    1.0000e+18    8.33065316e-25     
   10.0000       1.2915e+19    1.6681e+18    8.33065316e-25     
   10.0000       1.2915e+19    2.7826e+18    8.33065316e-25     
   10.0000       1.2915e+19    4.6416e+18    8.33065316e-25     
   10.0000       1.2915e+19    7.7426e+18    8.33065316e-25     
   10.0000       1.2915e+19    1.2915e+19    8.33065316e-25     
   10.0000       1.2915e+19    2.1544e+19    8.33065316e-25     
   10.0000       1.2915e+19    3.5938e+19    8.33065316e-25     
   10.0000       1.2915e+19    5.9948e+19    8.33065316e-25     
   10.0000       1.2915e+19    1.0000e+20    8.33065316e-25     
   10.0000       2.1544e+19    1.0000e+18    6.99176824e-25     
   10.0000       2.1544e+19    1.6681e+18    6.99176824e-25     
   10.0000       2.1544e+19    2.7826e+18    6.99176824e-25     
   10.0000       2.1544e+19    4.6416e+18    6.99176824e-25     
   10.0000       2.1544e+19    7.7426e+18    6.99176824e-25     
   10.0000       2.1544e+19    1.2915e+19    6.99176824e-25     
   10.0000       2.1544e+19    2.1544e+19    6.99176824e-25     
   10.0000       2.1544e+19    3.5938e+19    6.99176824e-25     
   10.0000       2.1544e+19    5.9948e+19    6.99176824e-25     
   10.0000       2.1544e+19    1.0000e+20    6.99176824e-25     
   10.0000       3.5938e+19    1.0000e+18    5.69104738e-25     
   10.0000       3.5938e+19    1.6681e+18    5.69104738e-25     
   10.0000       3.5938e+19    2.7826e+18    5.69104738e-25     
   10.0000       3.5938e+19    4.6416e+18    5.69104738e-25     
   10.0000       3.5938e+19    7.7426e+18    5.69104738e-25     
   10.0000       3.5938e+19    1.2915e+19    5.69104738e-25     
   10.0000       3.5938e+19    2.1544e+19    5.69104738e-25     
   10.0000       3.5938e+19    3.5938e+19    5.69104738e-25     
   10.0000       3.5938e+19    5.9948e+19    5.69104738e-25     
   10.0000       3.5938e+19    1.0000e+20    5.69104738e-25     
   10.0000       5.9948e+19    1.0000e+18    4.54688887e-25     
   10.0000       5.9948e+19    1.6681e+18    4.54688887e-25     
   10.0000       5.9948e+19    2.7826e+18    4.54688887e-25     
   10.0000       5.9948e+19    4.6416e+18    4.54688887e-25     
   10.0000       5.9948e+19    7.7426e+18    4.54688887e-25     
   10.0000       5.9948e+19    1.2915e+19    4.54688887e-25     
   10.0000       5.9948e+19    2.1544e+19    4.54688887e-25     
   10.0000       5.9948e+19    3.5938e+19    4.54688887e-25     
   10.0000       5.9948e+19    5.9948e+19    4.54688887e-25     
   10.0000       5.9948e+19    1.0000e+20    4.54688887e-25     
   10.0000       1.0000e+20    1.0000e+18    3.60231619e-25     
   10.0000       1.0000e+20    1.6681e+18    3.60231619e-25     
   10.0000       1.0000e+20    2.7826e+18    3.60231619e-25     
   10.0000       1.0000e+20    4.6416e+18    3.60231619e-25     
   10.0000       1.0000e+20    7.7426e+18    3.60231619e-25     
   10.0000       1.0000e+20    1.2915e+19    3.60231619e-25     
   10.0000       1.0000e+20    2.1544e+19    3.60231619e-25     
   10.0000       1.0000e+20    3.5938e+19    3.60231619e-25     
   10.0000       1.0000e+20    5.9948e+19    3.60231619e-25     
   10.0000       1.0000e+20    1.0000e+20    3.60231619e-25     
