#
# Output file generated by Yacora 1.5.0
# =====================================
#   Filename: 'YacoraRun_PopCoeff_n=3.dat'
#   Date of creation: 11. May 2022
#   Time of creation: 08:50:25
#   Used input file: 'H_20_11_2019.txt'
#   Performed calculation: Population Coefficient for state 'H(3)' coupled to the particle 'H+'
#
#   Please cite D. Wünderlich, M. Giacomin, R. Ritz and U. Fantz, J. Quant. Spectrosc. Radiat. Transfer 240, 2020, 106695, if you use Yacora results.
#
# Description of the used Parameters:
# ===================================
#
#   Temperatures and Densities: 
#              T_e: 10 calculated values between 1.0000 and 10.0000
#              T_i1: Fixed value 8000.0000
#              T_n1: Fixed value 8000.0000
#              n_e: 10 calculated values between 1.0000e+18 and 1.0000e+20
#              n_i1: 10 calculated values between 1.0000e+16 and 1.0000e+18

#   Electron energy distribution function: 
#              Maxwellian
#
# Calculated Data:
# ================
#  T_e           n_e           n_i1          POP_COEFF      
   1.0000        1.0000e+18    1.0000e+16    1.50647577e-27     
   1.0000        1.0000e+18    1.6681e+16    1.50647577e-27     
   1.0000        1.0000e+18    2.7826e+16    1.50647577e-27     
   1.0000        1.0000e+18    4.6416e+16    1.50647577e-27     
   1.0000        1.0000e+18    7.7426e+16    1.50647577e-27     
   1.0000        1.0000e+18    1.2915e+17    1.50647577e-27     
   1.0000        1.0000e+18    2.1544e+17    1.50647577e-27     
   1.0000        1.0000e+18    3.5938e+17    1.50647577e-27     
   1.0000        1.0000e+18    5.9948e+17    1.50647577e-27     
   1.0000        1.0000e+18    1.0000e+18    1.50647577e-27     
   1.0000        1.6681e+18    1.0000e+16    1.71639081e-27     
   1.0000        1.6681e+18    1.6681e+16    1.71639081e-27     
   1.0000        1.6681e+18    2.7826e+16    1.71639081e-27     
   1.0000        1.6681e+18    4.6416e+16    1.71639081e-27     
   1.0000        1.6681e+18    7.7426e+16    1.71639081e-27     
   1.0000        1.6681e+18    1.2915e+17    1.71639081e-27     
   1.0000        1.6681e+18    2.1544e+17    1.71639081e-27     
   1.0000        1.6681e+18    3.5938e+17    1.71639081e-27     
   1.0000        1.6681e+18    5.9948e+17    1.71639081e-27     
   1.0000        1.6681e+18    1.0000e+18    1.71639081e-27     
   1.0000        2.7826e+18    1.0000e+16    2.00916257e-27     
   1.0000        2.7826e+18    1.6681e+16    2.00916257e-27     
   1.0000        2.7826e+18    2.7826e+16    2.00916257e-27     
   1.0000        2.7826e+18    4.6416e+16    2.00916257e-27     
   1.0000        2.7826e+18    7.7426e+16    2.00916257e-27     
   1.0000        2.7826e+18    1.2915e+17    2.00916257e-27     
   1.0000        2.7826e+18    2.1544e+17    2.00916257e-27     
   1.0000        2.7826e+18    3.5938e+17    2.00916257e-27     
   1.0000        2.7826e+18    5.9948e+17    2.00916257e-27     
   1.0000        2.7826e+18    1.0000e+18    2.00916257e-27     
   1.0000        4.6416e+18    1.0000e+16    2.42463872e-27     
   1.0000        4.6416e+18    1.6681e+16    2.42463872e-27     
   1.0000        4.6416e+18    2.7826e+16    2.42463872e-27     
   1.0000        4.6416e+18    4.6416e+16    2.42463872e-27     
   1.0000        4.6416e+18    7.7426e+16    2.42463872e-27     
   1.0000        4.6416e+18    1.2915e+17    2.42463872e-27     
   1.0000        4.6416e+18    2.1544e+17    2.42463872e-27     
   1.0000        4.6416e+18    3.5938e+17    2.42463872e-27     
   1.0000        4.6416e+18    5.9948e+17    2.42463872e-27     
   1.0000        4.6416e+18    1.0000e+18    2.42463872e-27     
   1.0000        7.7426e+18    1.0000e+16    3.01525914e-27     
   1.0000        7.7426e+18    1.6681e+16    3.01525914e-27     
   1.0000        7.7426e+18    2.7826e+16    3.01525914e-27     
   1.0000        7.7426e+18    4.6416e+16    3.01525914e-27     
   1.0000        7.7426e+18    7.7426e+16    3.01525914e-27     
   1.0000        7.7426e+18    1.2915e+17    3.01525914e-27     
   1.0000        7.7426e+18    2.1544e+17    3.01525914e-27     
   1.0000        7.7426e+18    3.5938e+17    3.01525914e-27     
   1.0000        7.7426e+18    5.9948e+17    3.01525914e-27     
   1.0000        7.7426e+18    1.0000e+18    3.01525914e-27     
   1.0000        1.2915e+19    1.0000e+16    3.83966402e-27     
   1.0000        1.2915e+19    1.6681e+16    3.83966402e-27     
   1.0000        1.2915e+19    2.7826e+16    3.83966402e-27     
   1.0000        1.2915e+19    4.6416e+16    3.83966402e-27     
   1.0000        1.2915e+19    7.7426e+16    3.83966402e-27     
   1.0000        1.2915e+19    1.2915e+17    3.83966402e-27     
   1.0000        1.2915e+19    2.1544e+17    3.83966402e-27     
   1.0000        1.2915e+19    3.5938e+17    3.83966402e-27     
   1.0000        1.2915e+19    5.9948e+17    3.83966402e-27     
   1.0000        1.2915e+19    1.0000e+18    3.83966402e-27     
   1.0000        2.1544e+19    1.0000e+16    4.93928555e-27     
   1.0000        2.1544e+19    1.6681e+16    4.93928555e-27     
   1.0000        2.1544e+19    2.7826e+16    4.93928555e-27     
   1.0000        2.1544e+19    4.6416e+16    4.93928555e-27     
   1.0000        2.1544e+19    7.7426e+16    4.93928555e-27     
   1.0000        2.1544e+19    1.2915e+17    4.93928555e-27     
   1.0000        2.1544e+19    2.1544e+17    4.93928555e-27     
   1.0000        2.1544e+19    3.5938e+17    4.93928555e-27     
   1.0000        2.1544e+19    5.9948e+17    4.93928555e-27     
   1.0000        2.1544e+19    1.0000e+18    4.93928555e-27     
   1.0000        3.5938e+19    1.0000e+16    6.29772465e-27     
   1.0000        3.5938e+19    1.6681e+16    6.29772465e-27     
   1.0000        3.5938e+19    2.7826e+16    6.29772465e-27     
   1.0000        3.5938e+19    4.6416e+16    6.29772465e-27     
   1.0000        3.5938e+19    7.7426e+16    6.29772465e-27     
   1.0000        3.5938e+19    1.2915e+17    6.29772465e-27     
   1.0000        3.5938e+19    2.1544e+17    6.29772465e-27     
   1.0000        3.5938e+19    3.5938e+17    6.29772465e-27     
   1.0000        3.5938e+19    5.9948e+17    6.29772465e-27     
   1.0000        3.5938e+19    1.0000e+18    6.29772465e-27     
   1.0000        5.9948e+19    1.0000e+16    7.80991319e-27     
   1.0000        5.9948e+19    1.6681e+16    7.80991319e-27     
   1.0000        5.9948e+19    2.7826e+16    7.80991319e-27     
   1.0000        5.9948e+19    4.6416e+16    7.80991319e-27     
   1.0000        5.9948e+19    7.7426e+16    7.80991319e-27     
   1.0000        5.9948e+19    1.2915e+17    7.80991319e-27     
   1.0000        5.9948e+19    2.1544e+17    7.80991319e-27     
   1.0000        5.9948e+19    3.5938e+17    7.80991319e-27     
   1.0000        5.9948e+19    5.9948e+17    7.80991319e-27     
   1.0000        5.9948e+19    1.0000e+18    7.80991319e-27     
   1.0000        1.0000e+20    1.0000e+16    9.30397411e-27     
   1.0000        1.0000e+20    1.6681e+16    9.30397411e-27     
   1.0000        1.0000e+20    2.7826e+16    9.30397411e-27     
   1.0000        1.0000e+20    4.6416e+16    9.30397411e-27     
   1.0000        1.0000e+20    7.7426e+16    9.30397411e-27     
   1.0000        1.0000e+20    1.2915e+17    9.30397411e-27     
   1.0000        1.0000e+20    2.1544e+17    9.30397411e-27     
   1.0000        1.0000e+20    3.5938e+17    9.30397411e-27     
   1.0000        1.0000e+20    5.9948e+17    9.30397411e-27     
   1.0000        1.0000e+20    1.0000e+18    9.30397411e-27     
   1.2915        1.0000e+18    1.0000e+16    1.03407672e-27     
   1.2915        1.0000e+18    1.6681e+16    1.03407672e-27     
   1.2915        1.0000e+18    2.7826e+16    1.03407672e-27     
   1.2915        1.0000e+18    4.6416e+16    1.03407672e-27     
   1.2915        1.0000e+18    7.7426e+16    1.03407672e-27     
   1.2915        1.0000e+18    1.2915e+17    1.03407672e-27     
   1.2915        1.0000e+18    2.1544e+17    1.03407672e-27     
   1.2915        1.0000e+18    3.5938e+17    1.03407672e-27     
   1.2915        1.0000e+18    5.9948e+17    1.03407672e-27     
   1.2915        1.0000e+18    1.0000e+18    1.03407672e-27     
   1.2915        1.6681e+18    1.0000e+16    1.15465179e-27     
   1.2915        1.6681e+18    1.6681e+16    1.15465179e-27     
   1.2915        1.6681e+18    2.7826e+16    1.15465179e-27     
   1.2915        1.6681e+18    4.6416e+16    1.15465179e-27     
   1.2915        1.6681e+18    7.7426e+16    1.15465179e-27     
   1.2915        1.6681e+18    1.2915e+17    1.15465179e-27     
   1.2915        1.6681e+18    2.1544e+17    1.15465179e-27     
   1.2915        1.6681e+18    3.5938e+17    1.15465179e-27     
   1.2915        1.6681e+18    5.9948e+17    1.15465179e-27     
   1.2915        1.6681e+18    1.0000e+18    1.15465179e-27     
   1.2915        2.7826e+18    1.0000e+16    1.32120232e-27     
   1.2915        2.7826e+18    1.6681e+16    1.32120232e-27     
   1.2915        2.7826e+18    2.7826e+16    1.32120232e-27     
   1.2915        2.7826e+18    4.6416e+16    1.32120232e-27     
   1.2915        2.7826e+18    7.7426e+16    1.32120232e-27     
   1.2915        2.7826e+18    1.2915e+17    1.32120232e-27     
   1.2915        2.7826e+18    2.1544e+17    1.32120232e-27     
   1.2915        2.7826e+18    3.5938e+17    1.32120232e-27     
   1.2915        2.7826e+18    5.9948e+17    1.32120232e-27     
   1.2915        2.7826e+18    1.0000e+18    1.32120232e-27     
   1.2915        4.6416e+18    1.0000e+16    1.55407725e-27     
   1.2915        4.6416e+18    1.6681e+16    1.55407725e-27     
   1.2915        4.6416e+18    2.7826e+16    1.55407725e-27     
   1.2915        4.6416e+18    4.6416e+16    1.55407725e-27     
   1.2915        4.6416e+18    7.7426e+16    1.55407725e-27     
   1.2915        4.6416e+18    1.2915e+17    1.55407725e-27     
   1.2915        4.6416e+18    2.1544e+17    1.55407725e-27     
   1.2915        4.6416e+18    3.5938e+17    1.55407725e-27     
   1.2915        4.6416e+18    5.9948e+17    1.55407725e-27     
   1.2915        4.6416e+18    1.0000e+18    1.55407725e-27     
   1.2915        7.7426e+18    1.0000e+16    1.87843444e-27     
   1.2915        7.7426e+18    1.6681e+16    1.87843444e-27     
   1.2915        7.7426e+18    2.7826e+16    1.87843444e-27     
   1.2915        7.7426e+18    4.6416e+16    1.87843444e-27     
   1.2915        7.7426e+18    7.7426e+16    1.87843444e-27     
   1.2915        7.7426e+18    1.2915e+17    1.87843444e-27     
   1.2915        7.7426e+18    2.1544e+17    1.87843444e-27     
   1.2915        7.7426e+18    3.5938e+17    1.87843444e-27     
   1.2915        7.7426e+18    5.9948e+17    1.87843444e-27     
   1.2915        7.7426e+18    1.0000e+18    1.87843444e-27     
   1.2915        1.2915e+19    1.0000e+16    2.31842519e-27     
   1.2915        1.2915e+19    1.6681e+16    2.31842519e-27     
   1.2915        1.2915e+19    2.7826e+16    2.31842519e-27     
   1.2915        1.2915e+19    4.6416e+16    2.31842519e-27     
   1.2915        1.2915e+19    7.7426e+16    2.31842519e-27     
   1.2915        1.2915e+19    1.2915e+17    2.31842519e-27     
   1.2915        1.2915e+19    2.1544e+17    2.31842519e-27     
   1.2915        1.2915e+19    3.5938e+17    2.31842519e-27     
   1.2915        1.2915e+19    5.9948e+17    2.31842519e-27     
   1.2915        1.2915e+19    1.0000e+18    2.31842519e-27     
   1.2915        2.1544e+19    1.0000e+16    2.88240885e-27     
   1.2915        2.1544e+19    1.6681e+16    2.88240885e-27     
   1.2915        2.1544e+19    2.7826e+16    2.88240885e-27     
   1.2915        2.1544e+19    4.6416e+16    2.88240885e-27     
   1.2915        2.1544e+19    7.7426e+16    2.88240885e-27     
   1.2915        2.1544e+19    1.2915e+17    2.88240885e-27     
   1.2915        2.1544e+19    2.1544e+17    2.88240885e-27     
   1.2915        2.1544e+19    3.5938e+17    2.88240885e-27     
   1.2915        2.1544e+19    5.9948e+17    2.88240885e-27     
   1.2915        2.1544e+19    1.0000e+18    2.88240885e-27     
   1.2915        3.5938e+19    1.0000e+16    3.54424973e-27     
   1.2915        3.5938e+19    1.6681e+16    3.54424973e-27     
   1.2915        3.5938e+19    2.7826e+16    3.54424973e-27     
   1.2915        3.5938e+19    4.6416e+16    3.54424973e-27     
   1.2915        3.5938e+19    7.7426e+16    3.54424973e-27     
   1.2915        3.5938e+19    1.2915e+17    3.54424973e-27     
   1.2915        3.5938e+19    2.1544e+17    3.54424973e-27     
   1.2915        3.5938e+19    3.5938e+17    3.54424973e-27     
   1.2915        3.5938e+19    5.9948e+17    3.54424973e-27     
   1.2915        3.5938e+19    1.0000e+18    3.54424973e-27     
   1.2915        5.9948e+19    1.0000e+16    4.23870443e-27     
   1.2915        5.9948e+19    1.6681e+16    4.23870443e-27     
   1.2915        5.9948e+19    2.7826e+16    4.23870443e-27     
   1.2915        5.9948e+19    4.6416e+16    4.23870443e-27     
   1.2915        5.9948e+19    7.7426e+16    4.23870443e-27     
   1.2915        5.9948e+19    1.2915e+17    4.23870443e-27     
   1.2915        5.9948e+19    2.1544e+17    4.23870443e-27     
   1.2915        5.9948e+19    3.5938e+17    4.23870443e-27     
   1.2915        5.9948e+19    5.9948e+17    4.23870443e-27     
   1.2915        5.9948e+19    1.0000e+18    4.23870443e-27     
   1.2915        1.0000e+20    1.0000e+16    4.88522912e-27     
   1.2915        1.0000e+20    1.6681e+16    4.88522912e-27     
   1.2915        1.0000e+20    2.7826e+16    4.88522912e-27     
   1.2915        1.0000e+20    4.6416e+16    4.88522912e-27     
   1.2915        1.0000e+20    7.7426e+16    4.88522912e-27     
   1.2915        1.0000e+20    1.2915e+17    4.88522912e-27     
   1.2915        1.0000e+20    2.1544e+17    4.88522912e-27     
   1.2915        1.0000e+20    3.5938e+17    4.88522912e-27     
   1.2915        1.0000e+20    5.9948e+17    4.88522912e-27     
   1.2915        1.0000e+20    1.0000e+18    4.88522912e-27     
   1.6681        1.0000e+18    1.0000e+16    7.17372973e-28     
   1.6681        1.0000e+18    1.6681e+16    7.17372973e-28     
   1.6681        1.0000e+18    2.7826e+16    7.17372973e-28     
   1.6681        1.0000e+18    4.6416e+16    7.17372973e-28     
   1.6681        1.0000e+18    7.7426e+16    7.17372973e-28     
   1.6681        1.0000e+18    1.2915e+17    7.17372973e-28     
   1.6681        1.0000e+18    2.1544e+17    7.17372973e-28     
   1.6681        1.0000e+18    3.5938e+17    7.17372973e-28     
   1.6681        1.0000e+18    5.9948e+17    7.17372973e-28     
   1.6681        1.0000e+18    1.0000e+18    7.17372973e-28     
   1.6681        1.6681e+18    1.0000e+16    7.86132280e-28     
   1.6681        1.6681e+18    1.6681e+16    7.86132280e-28     
   1.6681        1.6681e+18    2.7826e+16    7.86132280e-28     
   1.6681        1.6681e+18    4.6416e+16    7.86132280e-28     
   1.6681        1.6681e+18    7.7426e+16    7.86132280e-28     
   1.6681        1.6681e+18    1.2915e+17    7.86132280e-28     
   1.6681        1.6681e+18    2.1544e+17    7.86132280e-28     
   1.6681        1.6681e+18    3.5938e+17    7.86132280e-28     
   1.6681        1.6681e+18    5.9948e+17    7.86132280e-28     
   1.6681        1.6681e+18    1.0000e+18    7.86132280e-28     
   1.6681        2.7826e+18    1.0000e+16    8.80367127e-28     
   1.6681        2.7826e+18    1.6681e+16    8.80367127e-28     
   1.6681        2.7826e+18    2.7826e+16    8.80367127e-28     
   1.6681        2.7826e+18    4.6416e+16    8.80367127e-28     
   1.6681        2.7826e+18    7.7426e+16    8.80367127e-28     
   1.6681        2.7826e+18    1.2915e+17    8.80367127e-28     
   1.6681        2.7826e+18    2.1544e+17    8.80367127e-28     
   1.6681        2.7826e+18    3.5938e+17    8.80367127e-28     
   1.6681        2.7826e+18    5.9948e+17    8.80367127e-28     
   1.6681        2.7826e+18    1.0000e+18    8.80367127e-28     
   1.6681        4.6416e+18    1.0000e+16    1.01048372e-27     
   1.6681        4.6416e+18    1.6681e+16    1.01048372e-27     
   1.6681        4.6416e+18    2.7826e+16    1.01048372e-27     
   1.6681        4.6416e+18    4.6416e+16    1.01048372e-27     
   1.6681        4.6416e+18    7.7426e+16    1.01048372e-27     
   1.6681        4.6416e+18    1.2915e+17    1.01048372e-27     
   1.6681        4.6416e+18    2.1544e+17    1.01048372e-27     
   1.6681        4.6416e+18    3.5938e+17    1.01048372e-27     
   1.6681        4.6416e+18    5.9948e+17    1.01048372e-27     
   1.6681        4.6416e+18    1.0000e+18    1.01048372e-27     
   1.6681        7.7426e+18    1.0000e+16    1.18838122e-27     
   1.6681        7.7426e+18    1.6681e+16    1.18838122e-27     
   1.6681        7.7426e+18    2.7826e+16    1.18838122e-27     
   1.6681        7.7426e+18    4.6416e+16    1.18838122e-27     
   1.6681        7.7426e+18    7.7426e+16    1.18838122e-27     
   1.6681        7.7426e+18    1.2915e+17    1.18838122e-27     
   1.6681        7.7426e+18    2.1544e+17    1.18838122e-27     
   1.6681        7.7426e+18    3.5938e+17    1.18838122e-27     
   1.6681        7.7426e+18    5.9948e+17    1.18838122e-27     
   1.6681        7.7426e+18    1.0000e+18    1.18838122e-27     
   1.6681        1.2915e+19    1.0000e+16    1.42315572e-27     
   1.6681        1.2915e+19    1.6681e+16    1.42315572e-27     
   1.6681        1.2915e+19    2.7826e+16    1.42315572e-27     
   1.6681        1.2915e+19    4.6416e+16    1.42315572e-27     
   1.6681        1.2915e+19    7.7426e+16    1.42315572e-27     
   1.6681        1.2915e+19    1.2915e+17    1.42315572e-27     
   1.6681        1.2915e+19    2.1544e+17    1.42315572e-27     
   1.6681        1.2915e+19    3.5938e+17    1.42315572e-27     
   1.6681        1.2915e+19    5.9948e+17    1.42315572e-27     
   1.6681        1.2915e+19    1.0000e+18    1.42315572e-27     
   1.6681        2.1544e+19    1.0000e+16    1.71275717e-27     
   1.6681        2.1544e+19    1.6681e+16    1.71275717e-27     
   1.6681        2.1544e+19    2.7826e+16    1.71275717e-27     
   1.6681        2.1544e+19    4.6416e+16    1.71275717e-27     
   1.6681        2.1544e+19    7.7426e+16    1.71275717e-27     
   1.6681        2.1544e+19    1.2915e+17    1.71275717e-27     
   1.6681        2.1544e+19    2.1544e+17    1.71275717e-27     
   1.6681        2.1544e+19    3.5938e+17    1.71275717e-27     
   1.6681        2.1544e+19    5.9948e+17    1.71275717e-27     
   1.6681        2.1544e+19    1.0000e+18    1.71275717e-27     
   1.6681        3.5938e+19    1.0000e+16    2.03669883e-27     
   1.6681        3.5938e+19    1.6681e+16    2.03669883e-27     
   1.6681        3.5938e+19    2.7826e+16    2.03669883e-27     
   1.6681        3.5938e+19    4.6416e+16    2.03669883e-27     
   1.6681        3.5938e+19    7.7426e+16    2.03669883e-27     
   1.6681        3.5938e+19    1.2915e+17    2.03669883e-27     
   1.6681        3.5938e+19    2.1544e+17    2.03669883e-27     
   1.6681        3.5938e+19    3.5938e+17    2.03669883e-27     
   1.6681        3.5938e+19    5.9948e+17    2.03669883e-27     
   1.6681        3.5938e+19    1.0000e+18    2.03669883e-27     
   1.6681        5.9948e+19    1.0000e+16    2.35924800e-27     
   1.6681        5.9948e+19    1.6681e+16    2.35924800e-27     
   1.6681        5.9948e+19    2.7826e+16    2.35924800e-27     
   1.6681        5.9948e+19    4.6416e+16    2.35924800e-27     
   1.6681        5.9948e+19    7.7426e+16    2.35924800e-27     
   1.6681        5.9948e+19    1.2915e+17    2.35924800e-27     
   1.6681        5.9948e+19    2.1544e+17    2.35924800e-27     
   1.6681        5.9948e+19    3.5938e+17    2.35924800e-27     
   1.6681        5.9948e+19    5.9948e+17    2.35924800e-27     
   1.6681        5.9948e+19    1.0000e+18    2.35924800e-27     
   1.6681        1.0000e+20    1.0000e+16    2.64501793e-27     
   1.6681        1.0000e+20    1.6681e+16    2.64501793e-27     
   1.6681        1.0000e+20    2.7826e+16    2.64501793e-27     
   1.6681        1.0000e+20    4.6416e+16    2.64501793e-27     
   1.6681        1.0000e+20    7.7426e+16    2.64501793e-27     
   1.6681        1.0000e+20    1.2915e+17    2.64501793e-27     
   1.6681        1.0000e+20    2.1544e+17    2.64501793e-27     
   1.6681        1.0000e+20    3.5938e+17    2.64501793e-27     
   1.6681        1.0000e+20    5.9948e+17    2.64501793e-27     
   1.6681        1.0000e+20    1.0000e+18    2.64501793e-27     
   2.1544        1.0000e+18    1.0000e+16    5.10788560e-28     
   2.1544        1.0000e+18    1.6681e+16    5.10788560e-28     
   2.1544        1.0000e+18    2.7826e+16    5.10788560e-28     
   2.1544        1.0000e+18    4.6416e+16    5.10788560e-28     
   2.1544        1.0000e+18    7.7426e+16    5.10788560e-28     
   2.1544        1.0000e+18    1.2915e+17    5.10788560e-28     
   2.1544        1.0000e+18    2.1544e+17    5.10788560e-28     
   2.1544        1.0000e+18    3.5938e+17    5.10788560e-28     
   2.1544        1.0000e+18    5.9948e+17    5.10788560e-28     
   2.1544        1.0000e+18    1.0000e+18    5.10788560e-28     
   2.1544        1.6681e+18    1.0000e+16    5.50508468e-28     
   2.1544        1.6681e+18    1.6681e+16    5.50508468e-28     
   2.1544        1.6681e+18    2.7826e+16    5.50508468e-28     
   2.1544        1.6681e+18    4.6416e+16    5.50508468e-28     
   2.1544        1.6681e+18    7.7426e+16    5.50508468e-28     
   2.1544        1.6681e+18    1.2915e+17    5.50508468e-28     
   2.1544        1.6681e+18    2.1544e+17    5.50508468e-28     
   2.1544        1.6681e+18    3.5938e+17    5.50508468e-28     
   2.1544        1.6681e+18    5.9948e+17    5.50508468e-28     
   2.1544        1.6681e+18    1.0000e+18    5.50508468e-28     
   2.1544        2.7826e+18    1.0000e+16    6.04595171e-28     
   2.1544        2.7826e+18    1.6681e+16    6.04595171e-28     
   2.1544        2.7826e+18    2.7826e+16    6.04595171e-28     
   2.1544        2.7826e+18    4.6416e+16    6.04595171e-28     
   2.1544        2.7826e+18    7.7426e+16    6.04595171e-28     
   2.1544        2.7826e+18    1.2915e+17    6.04595171e-28     
   2.1544        2.7826e+18    2.1544e+17    6.04595171e-28     
   2.1544        2.7826e+18    3.5938e+17    6.04595171e-28     
   2.1544        2.7826e+18    5.9948e+17    6.04595171e-28     
   2.1544        2.7826e+18    1.0000e+18    6.04595171e-28     
   2.1544        4.6416e+18    1.0000e+16    6.78472675e-28     
   2.1544        4.6416e+18    1.6681e+16    6.78472675e-28     
   2.1544        4.6416e+18    2.7826e+16    6.78472675e-28     
   2.1544        4.6416e+18    4.6416e+16    6.78472675e-28     
   2.1544        4.6416e+18    7.7426e+16    6.78472675e-28     
   2.1544        4.6416e+18    1.2915e+17    6.78472675e-28     
   2.1544        4.6416e+18    2.1544e+17    6.78472675e-28     
   2.1544        4.6416e+18    3.5938e+17    6.78472675e-28     
   2.1544        4.6416e+18    5.9948e+17    6.78472675e-28     
   2.1544        4.6416e+18    1.0000e+18    6.78472675e-28     
   2.1544        7.7426e+18    1.0000e+16    7.77772963e-28     
   2.1544        7.7426e+18    1.6681e+16    7.77772963e-28     
   2.1544        7.7426e+18    2.7826e+16    7.77772963e-28     
   2.1544        7.7426e+18    4.6416e+16    7.77772963e-28     
   2.1544        7.7426e+18    7.7426e+16    7.77772963e-28     
   2.1544        7.7426e+18    1.2915e+17    7.77772963e-28     
   2.1544        7.7426e+18    2.1544e+17    7.77772963e-28     
   2.1544        7.7426e+18    3.5938e+17    7.77772963e-28     
   2.1544        7.7426e+18    5.9948e+17    7.77772963e-28     
   2.1544        7.7426e+18    1.0000e+18    7.77772963e-28     
   2.1544        1.2915e+19    1.0000e+16    9.05476992e-28     
   2.1544        1.2915e+19    1.6681e+16    9.05476992e-28     
   2.1544        1.2915e+19    2.7826e+16    9.05476992e-28     
   2.1544        1.2915e+19    4.6416e+16    9.05476992e-28     
   2.1544        1.2915e+19    7.7426e+16    9.05476992e-28     
   2.1544        1.2915e+19    1.2915e+17    9.05476992e-28     
   2.1544        1.2915e+19    2.1544e+17    9.05476992e-28     
   2.1544        1.2915e+19    3.5938e+17    9.05476992e-28     
   2.1544        1.2915e+19    5.9948e+17    9.05476992e-28     
   2.1544        1.2915e+19    1.0000e+18    9.05476992e-28     
   2.1544        2.1544e+19    1.0000e+16    1.05751690e-27     
   2.1544        2.1544e+19    1.6681e+16    1.05751690e-27     
   2.1544        2.1544e+19    2.7826e+16    1.05751690e-27     
   2.1544        2.1544e+19    4.6416e+16    1.05751690e-27     
   2.1544        2.1544e+19    7.7426e+16    1.05751690e-27     
   2.1544        2.1544e+19    1.2915e+17    1.05751690e-27     
   2.1544        2.1544e+19    2.1544e+17    1.05751690e-27     
   2.1544        2.1544e+19    3.5938e+17    1.05751690e-27     
   2.1544        2.1544e+19    5.9948e+17    1.05751690e-27     
   2.1544        2.1544e+19    1.0000e+18    1.05751690e-27     
   2.1544        3.5938e+19    1.0000e+16    1.22050352e-27     
   2.1544        3.5938e+19    1.6681e+16    1.22050352e-27     
   2.1544        3.5938e+19    2.7826e+16    1.22050352e-27     
   2.1544        3.5938e+19    4.6416e+16    1.22050352e-27     
   2.1544        3.5938e+19    7.7426e+16    1.22050352e-27     
   2.1544        3.5938e+19    1.2915e+17    1.22050352e-27     
   2.1544        3.5938e+19    2.1544e+17    1.22050352e-27     
   2.1544        3.5938e+19    3.5938e+17    1.22050352e-27     
   2.1544        3.5938e+19    5.9948e+17    1.22050352e-27     
   2.1544        3.5938e+19    1.0000e+18    1.22050352e-27     
   2.1544        5.9948e+19    1.0000e+16    1.37577287e-27     
   2.1544        5.9948e+19    1.6681e+16    1.37577287e-27     
   2.1544        5.9948e+19    2.7826e+16    1.37577287e-27     
   2.1544        5.9948e+19    4.6416e+16    1.37577287e-27     
   2.1544        5.9948e+19    7.7426e+16    1.37577287e-27     
   2.1544        5.9948e+19    1.2915e+17    1.37577287e-27     
   2.1544        5.9948e+19    2.1544e+17    1.37577287e-27     
   2.1544        5.9948e+19    3.5938e+17    1.37577287e-27     
   2.1544        5.9948e+19    5.9948e+17    1.37577287e-27     
   2.1544        5.9948e+19    1.0000e+18    1.37577287e-27     
   2.1544        1.0000e+20    1.0000e+16    1.50802605e-27     
   2.1544        1.0000e+20    1.6681e+16    1.50802605e-27     
   2.1544        1.0000e+20    2.7826e+16    1.50802605e-27     
   2.1544        1.0000e+20    4.6416e+16    1.50802605e-27     
   2.1544        1.0000e+20    7.7426e+16    1.50802605e-27     
   2.1544        1.0000e+20    1.2915e+17    1.50802605e-27     
   2.1544        1.0000e+20    2.1544e+17    1.50802605e-27     
   2.1544        1.0000e+20    3.5938e+17    1.50802605e-27     
   2.1544        1.0000e+20    5.9948e+17    1.50802605e-27     
   2.1544        1.0000e+20    1.0000e+18    1.50802605e-27     
   2.7826        1.0000e+18    1.0000e+16    3.67000475e-28     
   2.7826        1.0000e+18    1.6681e+16    3.67000475e-28     
   2.7826        1.0000e+18    2.7826e+16    3.67000475e-28     
   2.7826        1.0000e+18    4.6416e+16    3.67000475e-28     
   2.7826        1.0000e+18    7.7426e+16    3.67000475e-28     
   2.7826        1.0000e+18    1.2915e+17    3.67000475e-28     
   2.7826        1.0000e+18    2.1544e+17    3.67000475e-28     
   2.7826        1.0000e+18    3.5938e+17    3.67000475e-28     
   2.7826        1.0000e+18    5.9948e+17    3.67000475e-28     
   2.7826        1.0000e+18    1.0000e+18    3.67000475e-28     
   2.7826        1.6681e+18    1.0000e+16    3.89661907e-28     
   2.7826        1.6681e+18    1.6681e+16    3.89661907e-28     
   2.7826        1.6681e+18    2.7826e+16    3.89661907e-28     
   2.7826        1.6681e+18    4.6416e+16    3.89661907e-28     
   2.7826        1.6681e+18    7.7426e+16    3.89661907e-28     
   2.7826        1.6681e+18    1.2915e+17    3.89661907e-28     
   2.7826        1.6681e+18    2.1544e+17    3.89661907e-28     
   2.7826        1.6681e+18    3.5938e+17    3.89661907e-28     
   2.7826        1.6681e+18    5.9948e+17    3.89661907e-28     
   2.7826        1.6681e+18    1.0000e+18    3.89661907e-28     
   2.7826        2.7826e+18    1.0000e+16    4.20358854e-28     
   2.7826        2.7826e+18    1.6681e+16    4.20358854e-28     
   2.7826        2.7826e+18    2.7826e+16    4.20358854e-28     
   2.7826        2.7826e+18    4.6416e+16    4.20358854e-28     
   2.7826        2.7826e+18    7.7426e+16    4.20358854e-28     
   2.7826        2.7826e+18    1.2915e+17    4.20358854e-28     
   2.7826        2.7826e+18    2.1544e+17    4.20358854e-28     
   2.7826        2.7826e+18    3.5938e+17    4.20358854e-28     
   2.7826        2.7826e+18    5.9948e+17    4.20358854e-28     
   2.7826        2.7826e+18    1.0000e+18    4.20358854e-28     
   2.7826        4.6416e+18    1.0000e+16    4.61899821e-28     
   2.7826        4.6416e+18    1.6681e+16    4.61899821e-28     
   2.7826        4.6416e+18    2.7826e+16    4.61899821e-28     
   2.7826        4.6416e+18    4.6416e+16    4.61899821e-28     
   2.7826        4.6416e+18    7.7426e+16    4.61899821e-28     
   2.7826        4.6416e+18    1.2915e+17    4.61899821e-28     
   2.7826        4.6416e+18    2.1544e+17    4.61899821e-28     
   2.7826        4.6416e+18    3.5938e+17    4.61899821e-28     
   2.7826        4.6416e+18    5.9948e+17    4.61899821e-28     
   2.7826        4.6416e+18    1.0000e+18    4.61899821e-28     
   2.7826        7.7426e+18    1.0000e+16    5.16885636e-28     
   2.7826        7.7426e+18    1.6681e+16    5.16885636e-28     
   2.7826        7.7426e+18    2.7826e+16    5.16885636e-28     
   2.7826        7.7426e+18    4.6416e+16    5.16885636e-28     
   2.7826        7.7426e+18    7.7426e+16    5.16885636e-28     
   2.7826        7.7426e+18    1.2915e+17    5.16885636e-28     
   2.7826        7.7426e+18    2.1544e+17    5.16885636e-28     
   2.7826        7.7426e+18    3.5938e+17    5.16885636e-28     
   2.7826        7.7426e+18    5.9948e+17    5.16885636e-28     
   2.7826        7.7426e+18    1.0000e+18    5.16885636e-28     
   2.7826        1.2915e+19    1.0000e+16    5.85967513e-28     
   2.7826        1.2915e+19    1.6681e+16    5.85967513e-28     
   2.7826        1.2915e+19    2.7826e+16    5.85967513e-28     
   2.7826        1.2915e+19    4.6416e+16    5.85967513e-28     
   2.7826        1.2915e+19    7.7426e+16    5.85967513e-28     
   2.7826        1.2915e+19    1.2915e+17    5.85967513e-28     
   2.7826        1.2915e+19    2.1544e+17    5.85967513e-28     
   2.7826        1.2915e+19    3.5938e+17    5.85967513e-28     
   2.7826        1.2915e+19    5.9948e+17    5.85967513e-28     
   2.7826        1.2915e+19    1.0000e+18    5.85967513e-28     
   2.7826        2.1544e+19    1.0000e+16    6.65689711e-28     
   2.7826        2.1544e+19    1.6681e+16    6.65689711e-28     
   2.7826        2.1544e+19    2.7826e+16    6.65689711e-28     
   2.7826        2.1544e+19    4.6416e+16    6.65689711e-28     
   2.7826        2.1544e+19    7.7426e+16    6.65689711e-28     
   2.7826        2.1544e+19    1.2915e+17    6.65689711e-28     
   2.7826        2.1544e+19    2.1544e+17    6.65689711e-28     
   2.7826        2.1544e+19    3.5938e+17    6.65689711e-28     
   2.7826        2.1544e+19    5.9948e+17    6.65689711e-28     
   2.7826        2.1544e+19    1.0000e+18    6.65689711e-28     
   2.7826        3.5938e+19    1.0000e+16    7.48135443e-28     
   2.7826        3.5938e+19    1.6681e+16    7.48135443e-28     
   2.7826        3.5938e+19    2.7826e+16    7.48135443e-28     
   2.7826        3.5938e+19    4.6416e+16    7.48135443e-28     
   2.7826        3.5938e+19    7.7426e+16    7.48135443e-28     
   2.7826        3.5938e+19    1.2915e+17    7.48135443e-28     
   2.7826        3.5938e+19    2.1544e+17    7.48135443e-28     
   2.7826        3.5938e+19    3.5938e+17    7.48135443e-28     
   2.7826        3.5938e+19    5.9948e+17    7.48135443e-28     
   2.7826        3.5938e+19    1.0000e+18    7.48135443e-28     
   2.7826        5.9948e+19    1.0000e+16    8.23930122e-28     
   2.7826        5.9948e+19    1.6681e+16    8.23930122e-28     
   2.7826        5.9948e+19    2.7826e+16    8.23930122e-28     
   2.7826        5.9948e+19    4.6416e+16    8.23930122e-28     
   2.7826        5.9948e+19    7.7426e+16    8.23930122e-28     
   2.7826        5.9948e+19    1.2915e+17    8.23930122e-28     
   2.7826        5.9948e+19    2.1544e+17    8.23930122e-28     
   2.7826        5.9948e+19    3.5938e+17    8.23930122e-28     
   2.7826        5.9948e+19    5.9948e+17    8.23930122e-28     
   2.7826        5.9948e+19    1.0000e+18    8.23930122e-28     
   2.7826        1.0000e+20    1.0000e+16    8.86587646e-28     
   2.7826        1.0000e+20    1.6681e+16    8.86587646e-28     
   2.7826        1.0000e+20    2.7826e+16    8.86587646e-28     
   2.7826        1.0000e+20    4.6416e+16    8.86587646e-28     
   2.7826        1.0000e+20    7.7426e+16    8.86587646e-28     
   2.7826        1.0000e+20    1.2915e+17    8.86587646e-28     
   2.7826        1.0000e+20    2.1544e+17    8.86587646e-28     
   2.7826        1.0000e+20    3.5938e+17    8.86587646e-28     
   2.7826        1.0000e+20    5.9948e+17    8.86587646e-28     
   2.7826        1.0000e+20    1.0000e+18    8.86587646e-28     
   3.5938        1.0000e+18    1.0000e+16    2.66306528e-28     
   3.5938        1.0000e+18    1.6681e+16    2.66306528e-28     
   3.5938        1.0000e+18    2.7826e+16    2.66306528e-28     
   3.5938        1.0000e+18    4.6416e+16    2.66306528e-28     
   3.5938        1.0000e+18    7.7426e+16    2.66306528e-28     
   3.5938        1.0000e+18    1.2915e+17    2.66306528e-28     
   3.5938        1.0000e+18    2.1544e+17    2.66306528e-28     
   3.5938        1.0000e+18    3.5938e+17    2.66306528e-28     
   3.5938        1.0000e+18    5.9948e+17    2.66306528e-28     
   3.5938        1.0000e+18    1.0000e+18    2.66306528e-28     
   3.5938        1.6681e+18    1.0000e+16    2.79043516e-28     
   3.5938        1.6681e+18    1.6681e+16    2.79043516e-28     
   3.5938        1.6681e+18    2.7826e+16    2.79043516e-28     
   3.5938        1.6681e+18    4.6416e+16    2.79043516e-28     
   3.5938        1.6681e+18    7.7426e+16    2.79043516e-28     
   3.5938        1.6681e+18    1.2915e+17    2.79043516e-28     
   3.5938        1.6681e+18    2.1544e+17    2.79043516e-28     
   3.5938        1.6681e+18    3.5938e+17    2.79043516e-28     
   3.5938        1.6681e+18    5.9948e+17    2.79043516e-28     
   3.5938        1.6681e+18    1.0000e+18    2.79043516e-28     
   3.5938        2.7826e+18    1.0000e+16    2.96223048e-28     
   3.5938        2.7826e+18    1.6681e+16    2.96223048e-28     
   3.5938        2.7826e+18    2.7826e+16    2.96223048e-28     
   3.5938        2.7826e+18    4.6416e+16    2.96223048e-28     
   3.5938        2.7826e+18    7.7426e+16    2.96223048e-28     
   3.5938        2.7826e+18    1.2915e+17    2.96223048e-28     
   3.5938        2.7826e+18    2.1544e+17    2.96223048e-28     
   3.5938        2.7826e+18    3.5938e+17    2.96223048e-28     
   3.5938        2.7826e+18    5.9948e+17    2.96223048e-28     
   3.5938        2.7826e+18    1.0000e+18    2.96223048e-28     
   3.5938        4.6416e+18    1.0000e+16    3.19288424e-28     
   3.5938        4.6416e+18    1.6681e+16    3.19288424e-28     
   3.5938        4.6416e+18    2.7826e+16    3.19288424e-28     
   3.5938        4.6416e+18    4.6416e+16    3.19288424e-28     
   3.5938        4.6416e+18    7.7426e+16    3.19288424e-28     
   3.5938        4.6416e+18    1.2915e+17    3.19288424e-28     
   3.5938        4.6416e+18    2.1544e+17    3.19288424e-28     
   3.5938        4.6416e+18    3.5938e+17    3.19288424e-28     
   3.5938        4.6416e+18    5.9948e+17    3.19288424e-28     
   3.5938        4.6416e+18    1.0000e+18    3.19288424e-28     
   3.5938        7.7426e+18    1.0000e+16    3.49414524e-28     
   3.5938        7.7426e+18    1.6681e+16    3.49414524e-28     
   3.5938        7.7426e+18    2.7826e+16    3.49414524e-28     
   3.5938        7.7426e+18    4.6416e+16    3.49414524e-28     
   3.5938        7.7426e+18    7.7426e+16    3.49414524e-28     
   3.5938        7.7426e+18    1.2915e+17    3.49414524e-28     
   3.5938        7.7426e+18    2.1544e+17    3.49414524e-28     
   3.5938        7.7426e+18    3.5938e+17    3.49414524e-28     
   3.5938        7.7426e+18    5.9948e+17    3.49414524e-28     
   3.5938        7.7426e+18    1.0000e+18    3.49414524e-28     
   3.5938        1.2915e+19    1.0000e+16    3.86511724e-28     
   3.5938        1.2915e+19    1.6681e+16    3.86511724e-28     
   3.5938        1.2915e+19    2.7826e+16    3.86511724e-28     
   3.5938        1.2915e+19    4.6416e+16    3.86511724e-28     
   3.5938        1.2915e+19    7.7426e+16    3.86511724e-28     
   3.5938        1.2915e+19    1.2915e+17    3.86511724e-28     
   3.5938        1.2915e+19    2.1544e+17    3.86511724e-28     
   3.5938        1.2915e+19    3.5938e+17    3.86511724e-28     
   3.5938        1.2915e+19    5.9948e+17    3.86511724e-28     
   3.5938        1.2915e+19    1.0000e+18    3.86511724e-28     
   3.5938        2.1544e+19    1.0000e+16    4.28223166e-28     
   3.5938        2.1544e+19    1.6681e+16    4.28223166e-28     
   3.5938        2.1544e+19    2.7826e+16    4.28223166e-28     
   3.5938        2.1544e+19    4.6416e+16    4.28223166e-28     
   3.5938        2.1544e+19    7.7426e+16    4.28223166e-28     
   3.5938        2.1544e+19    1.2915e+17    4.28223166e-28     
   3.5938        2.1544e+19    2.1544e+17    4.28223166e-28     
   3.5938        2.1544e+19    3.5938e+17    4.28223166e-28     
   3.5938        2.1544e+19    5.9948e+17    4.28223166e-28     
   3.5938        2.1544e+19    1.0000e+18    4.28223166e-28     
   3.5938        3.5938e+19    1.0000e+16    4.70130566e-28     
   3.5938        3.5938e+19    1.6681e+16    4.70130566e-28     
   3.5938        3.5938e+19    2.7826e+16    4.70130566e-28     
   3.5938        3.5938e+19    4.6416e+16    4.70130566e-28     
   3.5938        3.5938e+19    7.7426e+16    4.70130566e-28     
   3.5938        3.5938e+19    1.2915e+17    4.70130566e-28     
   3.5938        3.5938e+19    2.1544e+17    4.70130566e-28     
   3.5938        3.5938e+19    3.5938e+17    4.70130566e-28     
   3.5938        3.5938e+19    5.9948e+17    4.70130566e-28     
   3.5938        3.5938e+19    1.0000e+18    4.70130566e-28     
   3.5938        5.9948e+19    1.0000e+16    5.07615960e-28     
   3.5938        5.9948e+19    1.6681e+16    5.07615960e-28     
   3.5938        5.9948e+19    2.7826e+16    5.07615960e-28     
   3.5938        5.9948e+19    4.6416e+16    5.07615960e-28     
   3.5938        5.9948e+19    7.7426e+16    5.07615960e-28     
   3.5938        5.9948e+19    1.2915e+17    5.07615960e-28     
   3.5938        5.9948e+19    2.1544e+17    5.07615960e-28     
   3.5938        5.9948e+19    3.5938e+17    5.07615960e-28     
   3.5938        5.9948e+19    5.9948e+17    5.07615960e-28     
   3.5938        5.9948e+19    1.0000e+18    5.07615960e-28     
   3.5938        1.0000e+20    1.0000e+16    5.37940918e-28     
   3.5938        1.0000e+20    1.6681e+16    5.37940918e-28     
   3.5938        1.0000e+20    2.7826e+16    5.37940918e-28     
   3.5938        1.0000e+20    4.6416e+16    5.37940918e-28     
   3.5938        1.0000e+20    7.7426e+16    5.37940918e-28     
   3.5938        1.0000e+20    1.2915e+17    5.37940918e-28     
   3.5938        1.0000e+20    2.1544e+17    5.37940918e-28     
   3.5938        1.0000e+20    3.5938e+17    5.37940918e-28     
   3.5938        1.0000e+20    5.9948e+17    5.37940918e-28     
   3.5938        1.0000e+20    1.0000e+18    5.37940918e-28     
   4.6416        1.0000e+18    1.0000e+16    1.94944420e-28     
   4.6416        1.0000e+18    1.6681e+16    1.94944420e-28     
   4.6416        1.0000e+18    2.7826e+16    1.94944420e-28     
   4.6416        1.0000e+18    4.6416e+16    1.94944420e-28     
   4.6416        1.0000e+18    7.7426e+16    1.94944420e-28     
   4.6416        1.0000e+18    1.2915e+17    1.94944420e-28     
   4.6416        1.0000e+18    2.1544e+17    1.94944420e-28     
   4.6416        1.0000e+18    3.5938e+17    1.94944420e-28     
   4.6416        1.0000e+18    5.9948e+17    1.94944420e-28     
   4.6416        1.0000e+18    1.0000e+18    1.94944420e-28     
   4.6416        1.6681e+18    1.0000e+16    2.01953507e-28     
   4.6416        1.6681e+18    1.6681e+16    2.01953507e-28     
   4.6416        1.6681e+18    2.7826e+16    2.01953507e-28     
   4.6416        1.6681e+18    4.6416e+16    2.01953507e-28     
   4.6416        1.6681e+18    7.7426e+16    2.01953507e-28     
   4.6416        1.6681e+18    1.2915e+17    2.01953507e-28     
   4.6416        1.6681e+18    2.1544e+17    2.01953507e-28     
   4.6416        1.6681e+18    3.5938e+17    2.01953507e-28     
   4.6416        1.6681e+18    5.9948e+17    2.01953507e-28     
   4.6416        1.6681e+18    1.0000e+18    2.01953507e-28     
   4.6416        2.7826e+18    1.0000e+16    2.11371289e-28     
   4.6416        2.7826e+18    1.6681e+16    2.11371289e-28     
   4.6416        2.7826e+18    2.7826e+16    2.11371289e-28     
   4.6416        2.7826e+18    4.6416e+16    2.11371289e-28     
   4.6416        2.7826e+18    7.7426e+16    2.11371289e-28     
   4.6416        2.7826e+18    1.2915e+17    2.11371289e-28     
   4.6416        2.7826e+18    2.1544e+17    2.11371289e-28     
   4.6416        2.7826e+18    3.5938e+17    2.11371289e-28     
   4.6416        2.7826e+18    5.9948e+17    2.11371289e-28     
   4.6416        2.7826e+18    1.0000e+18    2.11371289e-28     
   4.6416        4.6416e+18    1.0000e+16    2.23930886e-28     
   4.6416        4.6416e+18    1.6681e+16    2.23930886e-28     
   4.6416        4.6416e+18    2.7826e+16    2.23930886e-28     
   4.6416        4.6416e+18    4.6416e+16    2.23930886e-28     
   4.6416        4.6416e+18    7.7426e+16    2.23930886e-28     
   4.6416        4.6416e+18    1.2915e+17    2.23930886e-28     
   4.6416        4.6416e+18    2.1544e+17    2.23930886e-28     
   4.6416        4.6416e+18    3.5938e+17    2.23930886e-28     
   4.6416        4.6416e+18    5.9948e+17    2.23930886e-28     
   4.6416        4.6416e+18    1.0000e+18    2.23930886e-28     
   4.6416        7.7426e+18    1.0000e+16    2.40153358e-28     
   4.6416        7.7426e+18    1.6681e+16    2.40153358e-28     
   4.6416        7.7426e+18    2.7826e+16    2.40153358e-28     
   4.6416        7.7426e+18    4.6416e+16    2.40153358e-28     
   4.6416        7.7426e+18    7.7426e+16    2.40153358e-28     
   4.6416        7.7426e+18    1.2915e+17    2.40153358e-28     
   4.6416        7.7426e+18    2.1544e+17    2.40153358e-28     
   4.6416        7.7426e+18    3.5938e+17    2.40153358e-28     
   4.6416        7.7426e+18    5.9948e+17    2.40153358e-28     
   4.6416        7.7426e+18    1.0000e+18    2.40153358e-28     
   4.6416        1.2915e+19    1.0000e+16    2.59805960e-28     
   4.6416        1.2915e+19    1.6681e+16    2.59805960e-28     
   4.6416        1.2915e+19    2.7826e+16    2.59805960e-28     
   4.6416        1.2915e+19    4.6416e+16    2.59805960e-28     
   4.6416        1.2915e+19    7.7426e+16    2.59805960e-28     
   4.6416        1.2915e+19    1.2915e+17    2.59805960e-28     
   4.6416        1.2915e+19    2.1544e+17    2.59805960e-28     
   4.6416        1.2915e+19    3.5938e+17    2.59805960e-28     
   4.6416        1.2915e+19    5.9948e+17    2.59805960e-28     
   4.6416        1.2915e+19    1.0000e+18    2.59805960e-28     
   4.6416        2.1544e+19    1.0000e+16    2.81453833e-28     
   4.6416        2.1544e+19    1.6681e+16    2.81453833e-28     
   4.6416        2.1544e+19    2.7826e+16    2.81453833e-28     
   4.6416        2.1544e+19    4.6416e+16    2.81453833e-28     
   4.6416        2.1544e+19    7.7426e+16    2.81453833e-28     
   4.6416        2.1544e+19    1.2915e+17    2.81453833e-28     
   4.6416        2.1544e+19    2.1544e+17    2.81453833e-28     
   4.6416        2.1544e+19    3.5938e+17    2.81453833e-28     
   4.6416        2.1544e+19    5.9948e+17    2.81453833e-28     
   4.6416        2.1544e+19    1.0000e+18    2.81453833e-28     
   4.6416        3.5938e+19    1.0000e+16    3.02729371e-28     
   4.6416        3.5938e+19    1.6681e+16    3.02729371e-28     
   4.6416        3.5938e+19    2.7826e+16    3.02729371e-28     
   4.6416        3.5938e+19    4.6416e+16    3.02729371e-28     
   4.6416        3.5938e+19    7.7426e+16    3.02729371e-28     
   4.6416        3.5938e+19    1.2915e+17    3.02729371e-28     
   4.6416        3.5938e+19    2.1544e+17    3.02729371e-28     
   4.6416        3.5938e+19    3.5938e+17    3.02729371e-28     
   4.6416        3.5938e+19    5.9948e+17    3.02729371e-28     
   4.6416        3.5938e+19    1.0000e+18    3.02729371e-28     
   4.6416        5.9948e+19    1.0000e+16    3.21382946e-28     
   4.6416        5.9948e+19    1.6681e+16    3.21382946e-28     
   4.6416        5.9948e+19    2.7826e+16    3.21382946e-28     
   4.6416        5.9948e+19    4.6416e+16    3.21382946e-28     
   4.6416        5.9948e+19    7.7426e+16    3.21382946e-28     
   4.6416        5.9948e+19    1.2915e+17    3.21382946e-28     
   4.6416        5.9948e+19    2.1544e+17    3.21382946e-28     
   4.6416        5.9948e+19    3.5938e+17    3.21382946e-28     
   4.6416        5.9948e+19    5.9948e+17    3.21382946e-28     
   4.6416        5.9948e+19    1.0000e+18    3.21382946e-28     
   4.6416        1.0000e+20    1.0000e+16    3.36252558e-28     
   4.6416        1.0000e+20    1.6681e+16    3.36252558e-28     
   4.6416        1.0000e+20    2.7826e+16    3.36252558e-28     
   4.6416        1.0000e+20    4.6416e+16    3.36252558e-28     
   4.6416        1.0000e+20    7.7426e+16    3.36252558e-28     
   4.6416        1.0000e+20    1.2915e+17    3.36252558e-28     
   4.6416        1.0000e+20    2.1544e+17    3.36252558e-28     
   4.6416        1.0000e+20    3.5938e+17    3.36252558e-28     
   4.6416        1.0000e+20    5.9948e+17    3.36252558e-28     
   4.6416        1.0000e+20    1.0000e+18    3.36252558e-28     
   5.9948        1.0000e+18    1.0000e+16    1.42232251e-28     
   5.9948        1.0000e+18    1.6681e+16    1.42232251e-28     
   5.9948        1.0000e+18    2.7826e+16    1.42232251e-28     
   5.9948        1.0000e+18    4.6416e+16    1.42232251e-28     
   5.9948        1.0000e+18    7.7426e+16    1.42232251e-28     
   5.9948        1.0000e+18    1.2915e+17    1.42232251e-28     
   5.9948        1.0000e+18    2.1544e+17    1.42232251e-28     
   5.9948        1.0000e+18    3.5938e+17    1.42232251e-28     
   5.9948        1.0000e+18    5.9948e+17    1.42232251e-28     
   5.9948        1.0000e+18    1.0000e+18    1.42232251e-28     
   5.9948        1.6681e+18    1.0000e+16    1.45892199e-28     
   5.9948        1.6681e+18    1.6681e+16    1.45892199e-28     
   5.9948        1.6681e+18    2.7826e+16    1.45892199e-28     
   5.9948        1.6681e+18    4.6416e+16    1.45892199e-28     
   5.9948        1.6681e+18    7.7426e+16    1.45892199e-28     
   5.9948        1.6681e+18    1.2915e+17    1.45892199e-28     
   5.9948        1.6681e+18    2.1544e+17    1.45892199e-28     
   5.9948        1.6681e+18    3.5938e+17    1.45892199e-28     
   5.9948        1.6681e+18    5.9948e+17    1.45892199e-28     
   5.9948        1.6681e+18    1.0000e+18    1.45892199e-28     
   5.9948        2.7826e+18    1.0000e+16    1.50789957e-28     
   5.9948        2.7826e+18    1.6681e+16    1.50789957e-28     
   5.9948        2.7826e+18    2.7826e+16    1.50789957e-28     
   5.9948        2.7826e+18    4.6416e+16    1.50789957e-28     
   5.9948        2.7826e+18    7.7426e+16    1.50789957e-28     
   5.9948        2.7826e+18    1.2915e+17    1.50789957e-28     
   5.9948        2.7826e+18    2.1544e+17    1.50789957e-28     
   5.9948        2.7826e+18    3.5938e+17    1.50789957e-28     
   5.9948        2.7826e+18    5.9948e+17    1.50789957e-28     
   5.9948        2.7826e+18    1.0000e+18    1.50789957e-28     
   5.9948        4.6416e+18    1.0000e+16    1.57283203e-28     
   5.9948        4.6416e+18    1.6681e+16    1.57283203e-28     
   5.9948        4.6416e+18    2.7826e+16    1.57283203e-28     
   5.9948        4.6416e+18    4.6416e+16    1.57283203e-28     
   5.9948        4.6416e+18    7.7426e+16    1.57283203e-28     
   5.9948        4.6416e+18    1.2915e+17    1.57283203e-28     
   5.9948        4.6416e+18    2.1544e+17    1.57283203e-28     
   5.9948        4.6416e+18    3.5938e+17    1.57283203e-28     
   5.9948        4.6416e+18    5.9948e+17    1.57283203e-28     
   5.9948        4.6416e+18    1.0000e+18    1.57283203e-28     
   5.9948        7.7426e+18    1.0000e+16    1.65595383e-28     
   5.9948        7.7426e+18    1.6681e+16    1.65595383e-28     
   5.9948        7.7426e+18    2.7826e+16    1.65595383e-28     
   5.9948        7.7426e+18    4.6416e+16    1.65595383e-28     
   5.9948        7.7426e+18    7.7426e+16    1.65595383e-28     
   5.9948        7.7426e+18    1.2915e+17    1.65595383e-28     
   5.9948        7.7426e+18    2.1544e+17    1.65595383e-28     
   5.9948        7.7426e+18    3.5938e+17    1.65595383e-28     
   5.9948        7.7426e+18    5.9948e+17    1.65595383e-28     
   5.9948        7.7426e+18    1.0000e+18    1.65595383e-28     
   5.9948        1.2915e+19    1.0000e+16    1.75540248e-28     
   5.9948        1.2915e+19    1.6681e+16    1.75540248e-28     
   5.9948        1.2915e+19    2.7826e+16    1.75540248e-28     
   5.9948        1.2915e+19    4.6416e+16    1.75540248e-28     
   5.9948        1.2915e+19    7.7426e+16    1.75540248e-28     
   5.9948        1.2915e+19    1.2915e+17    1.75540248e-28     
   5.9948        1.2915e+19    2.1544e+17    1.75540248e-28     
   5.9948        1.2915e+19    3.5938e+17    1.75540248e-28     
   5.9948        1.2915e+19    5.9948e+17    1.75540248e-28     
   5.9948        1.2915e+19    1.0000e+18    1.75540248e-28     
   5.9948        2.1544e+19    1.0000e+16    1.86330442e-28     
   5.9948        2.1544e+19    1.6681e+16    1.86330442e-28     
   5.9948        2.1544e+19    2.7826e+16    1.86330442e-28     
   5.9948        2.1544e+19    4.6416e+16    1.86330442e-28     
   5.9948        2.1544e+19    7.7426e+16    1.86330442e-28     
   5.9948        2.1544e+19    1.2915e+17    1.86330442e-28     
   5.9948        2.1544e+19    2.1544e+17    1.86330442e-28     
   5.9948        2.1544e+19    3.5938e+17    1.86330442e-28     
   5.9948        2.1544e+19    5.9948e+17    1.86330442e-28     
   5.9948        2.1544e+19    1.0000e+18    1.86330442e-28     
   5.9948        3.5938e+19    1.0000e+16    1.96770356e-28     
   5.9948        3.5938e+19    1.6681e+16    1.96770356e-28     
   5.9948        3.5938e+19    2.7826e+16    1.96770356e-28     
   5.9948        3.5938e+19    4.6416e+16    1.96770356e-28     
   5.9948        3.5938e+19    7.7426e+16    1.96770356e-28     
   5.9948        3.5938e+19    1.2915e+17    1.96770356e-28     
   5.9948        3.5938e+19    2.1544e+17    1.96770356e-28     
   5.9948        3.5938e+19    3.5938e+17    1.96770356e-28     
   5.9948        3.5938e+19    5.9948e+17    1.96770356e-28     
   5.9948        3.5938e+19    1.0000e+18    1.96770356e-28     
   5.9948        5.9948e+19    1.0000e+16    2.05800491e-28     
   5.9948        5.9948e+19    1.6681e+16    2.05800491e-28     
   5.9948        5.9948e+19    2.7826e+16    2.05800491e-28     
   5.9948        5.9948e+19    4.6416e+16    2.05800491e-28     
   5.9948        5.9948e+19    7.7426e+16    2.05800491e-28     
   5.9948        5.9948e+19    1.2915e+17    2.05800491e-28     
   5.9948        5.9948e+19    2.1544e+17    2.05800491e-28     
   5.9948        5.9948e+19    3.5938e+17    2.05800491e-28     
   5.9948        5.9948e+19    5.9948e+17    2.05800491e-28     
   5.9948        5.9948e+19    1.0000e+18    2.05800491e-28     
   5.9948        1.0000e+20    1.0000e+16    2.12933937e-28     
   5.9948        1.0000e+20    1.6681e+16    2.12933937e-28     
   5.9948        1.0000e+20    2.7826e+16    2.12933937e-28     
   5.9948        1.0000e+20    4.6416e+16    2.12933937e-28     
   5.9948        1.0000e+20    7.7426e+16    2.12933937e-28     
   5.9948        1.0000e+20    1.2915e+17    2.12933937e-28     
   5.9948        1.0000e+20    2.1544e+17    2.12933937e-28     
   5.9948        1.0000e+20    3.5938e+17    2.12933937e-28     
   5.9948        1.0000e+20    5.9948e+17    2.12933937e-28     
   5.9948        1.0000e+20    1.0000e+18    2.12933937e-28     
   7.7426        1.0000e+18    1.0000e+16    1.04855394e-28     
   7.7426        1.0000e+18    1.6681e+16    1.04855394e-28     
   7.7426        1.0000e+18    2.7826e+16    1.04855394e-28     
   7.7426        1.0000e+18    4.6416e+16    1.04855394e-28     
   7.7426        1.0000e+18    7.7426e+16    1.04855394e-28     
   7.7426        1.0000e+18    1.2915e+17    1.04855394e-28     
   7.7426        1.0000e+18    2.1544e+17    1.04855394e-28     
   7.7426        1.0000e+18    3.5938e+17    1.04855394e-28     
   7.7426        1.0000e+18    5.9948e+17    1.04855394e-28     
   7.7426        1.0000e+18    1.0000e+18    1.04855394e-28     
   7.7426        1.6681e+18    1.0000e+16    1.06680407e-28     
   7.7426        1.6681e+18    1.6681e+16    1.06680407e-28     
   7.7426        1.6681e+18    2.7826e+16    1.06680407e-28     
   7.7426        1.6681e+18    4.6416e+16    1.06680407e-28     
   7.7426        1.6681e+18    7.7426e+16    1.06680407e-28     
   7.7426        1.6681e+18    1.2915e+17    1.06680407e-28     
   7.7426        1.6681e+18    2.1544e+17    1.06680407e-28     
   7.7426        1.6681e+18    3.5938e+17    1.06680407e-28     
   7.7426        1.6681e+18    5.9948e+17    1.06680407e-28     
   7.7426        1.6681e+18    1.0000e+18    1.06680407e-28     
   7.7426        2.7826e+18    1.0000e+16    1.09109555e-28     
   7.7426        2.7826e+18    1.6681e+16    1.09109555e-28     
   7.7426        2.7826e+18    2.7826e+16    1.09109555e-28     
   7.7426        2.7826e+18    4.6416e+16    1.09109555e-28     
   7.7426        2.7826e+18    7.7426e+16    1.09109555e-28     
   7.7426        2.7826e+18    1.2915e+17    1.09109555e-28     
   7.7426        2.7826e+18    2.1544e+17    1.09109555e-28     
   7.7426        2.7826e+18    3.5938e+17    1.09109555e-28     
   7.7426        2.7826e+18    5.9948e+17    1.09109555e-28     
   7.7426        2.7826e+18    1.0000e+18    1.09109555e-28     
   7.7426        4.6416e+18    1.0000e+16    1.12311444e-28     
   7.7426        4.6416e+18    1.6681e+16    1.12311444e-28     
   7.7426        4.6416e+18    2.7826e+16    1.12311444e-28     
   7.7426        4.6416e+18    4.6416e+16    1.12311444e-28     
   7.7426        4.6416e+18    7.7426e+16    1.12311444e-28     
   7.7426        4.6416e+18    1.2915e+17    1.12311444e-28     
   7.7426        4.6416e+18    2.1544e+17    1.12311444e-28     
   7.7426        4.6416e+18    3.5938e+17    1.12311444e-28     
   7.7426        4.6416e+18    5.9948e+17    1.12311444e-28     
   7.7426        4.6416e+18    1.0000e+18    1.12311444e-28     
   7.7426        7.7426e+18    1.0000e+16    1.16381023e-28     
   7.7426        7.7426e+18    1.6681e+16    1.16381023e-28     
   7.7426        7.7426e+18    2.7826e+16    1.16381023e-28     
   7.7426        7.7426e+18    4.6416e+16    1.16381023e-28     
   7.7426        7.7426e+18    7.7426e+16    1.16381023e-28     
   7.7426        7.7426e+18    1.2915e+17    1.16381023e-28     
   7.7426        7.7426e+18    2.1544e+17    1.16381023e-28     
   7.7426        7.7426e+18    3.5938e+17    1.16381023e-28     
   7.7426        7.7426e+18    5.9948e+17    1.16381023e-28     
   7.7426        7.7426e+18    1.0000e+18    1.16381023e-28     
   7.7426        1.2915e+19    1.0000e+16    1.21206702e-28     
   7.7426        1.2915e+19    1.6681e+16    1.21206702e-28     
   7.7426        1.2915e+19    2.7826e+16    1.21206702e-28     
   7.7426        1.2915e+19    4.6416e+16    1.21206702e-28     
   7.7426        1.2915e+19    7.7426e+16    1.21206702e-28     
   7.7426        1.2915e+19    1.2915e+17    1.21206702e-28     
   7.7426        1.2915e+19    2.1544e+17    1.21206702e-28     
   7.7426        1.2915e+19    3.5938e+17    1.21206702e-28     
   7.7426        1.2915e+19    5.9948e+17    1.21206702e-28     
   7.7426        1.2915e+19    1.0000e+18    1.21206702e-28     
   7.7426        2.1544e+19    1.0000e+16    1.26389709e-28     
   7.7426        2.1544e+19    1.6681e+16    1.26389709e-28     
   7.7426        2.1544e+19    2.7826e+16    1.26389709e-28     
   7.7426        2.1544e+19    4.6416e+16    1.26389709e-28     
   7.7426        2.1544e+19    7.7426e+16    1.26389709e-28     
   7.7426        2.1544e+19    1.2915e+17    1.26389709e-28     
   7.7426        2.1544e+19    2.1544e+17    1.26389709e-28     
   7.7426        2.1544e+19    3.5938e+17    1.26389709e-28     
   7.7426        2.1544e+19    5.9948e+17    1.26389709e-28     
   7.7426        2.1544e+19    1.0000e+18    1.26389709e-28     
   7.7426        3.5938e+19    1.0000e+16    1.31354510e-28     
   7.7426        3.5938e+19    1.6681e+16    1.31354510e-28     
   7.7426        3.5938e+19    2.7826e+16    1.31354510e-28     
   7.7426        3.5938e+19    4.6416e+16    1.31354510e-28     
   7.7426        3.5938e+19    7.7426e+16    1.31354510e-28     
   7.7426        3.5938e+19    1.2915e+17    1.31354510e-28     
   7.7426        3.5938e+19    2.1544e+17    1.31354510e-28     
   7.7426        3.5938e+19    3.5938e+17    1.31354510e-28     
   7.7426        3.5938e+19    5.9948e+17    1.31354510e-28     
   7.7426        3.5938e+19    1.0000e+18    1.31354510e-28     
   7.7426        5.9948e+19    1.0000e+16    1.35614151e-28     
   7.7426        5.9948e+19    1.6681e+16    1.35614151e-28     
   7.7426        5.9948e+19    2.7826e+16    1.35614151e-28     
   7.7426        5.9948e+19    4.6416e+16    1.35614151e-28     
   7.7426        5.9948e+19    7.7426e+16    1.35614151e-28     
   7.7426        5.9948e+19    1.2915e+17    1.35614151e-28     
   7.7426        5.9948e+19    2.1544e+17    1.35614151e-28     
   7.7426        5.9948e+19    3.5938e+17    1.35614151e-28     
   7.7426        5.9948e+19    5.9948e+17    1.35614151e-28     
   7.7426        5.9948e+19    1.0000e+18    1.35614151e-28     
   7.7426        1.0000e+20    1.0000e+16    1.38963677e-28     
   7.7426        1.0000e+20    1.6681e+16    1.38963677e-28     
   7.7426        1.0000e+20    2.7826e+16    1.38963677e-28     
   7.7426        1.0000e+20    4.6416e+16    1.38963677e-28     
   7.7426        1.0000e+20    7.7426e+16    1.38963677e-28     
   7.7426        1.0000e+20    1.2915e+17    1.38963677e-28     
   7.7426        1.0000e+20    2.1544e+17    1.38963677e-28     
   7.7426        1.0000e+20    3.5938e+17    1.38963677e-28     
   7.7426        1.0000e+20    5.9948e+17    1.38963677e-28     
   7.7426        1.0000e+20    1.0000e+18    1.38963677e-28     
   10.0000       1.0000e+18    1.0000e+16    7.61760400e-29     
   10.0000       1.0000e+18    1.6681e+16    7.61760400e-29     
   10.0000       1.0000e+18    2.7826e+16    7.61760400e-29     
   10.0000       1.0000e+18    4.6416e+16    7.61760400e-29     
   10.0000       1.0000e+18    7.7426e+16    7.61760400e-29     
   10.0000       1.0000e+18    1.2915e+17    7.61760400e-29     
   10.0000       1.0000e+18    2.1544e+17    7.61760400e-29     
   10.0000       1.0000e+18    3.5938e+17    7.61760400e-29     
   10.0000       1.0000e+18    5.9948e+17    7.61760400e-29     
   10.0000       1.0000e+18    1.0000e+18    7.61760400e-29     
   10.0000       1.6681e+18    1.0000e+16    7.69683384e-29     
   10.0000       1.6681e+18    1.6681e+16    7.69683384e-29     
   10.0000       1.6681e+18    2.7826e+16    7.69683384e-29     
   10.0000       1.6681e+18    4.6416e+16    7.69683384e-29     
   10.0000       1.6681e+18    7.7426e+16    7.69683384e-29     
   10.0000       1.6681e+18    1.2915e+17    7.69683384e-29     
   10.0000       1.6681e+18    2.1544e+17    7.69683384e-29     
   10.0000       1.6681e+18    3.5938e+17    7.69683384e-29     
   10.0000       1.6681e+18    5.9948e+17    7.69683384e-29     
   10.0000       1.6681e+18    1.0000e+18    7.69683384e-29     
   10.0000       2.7826e+18    1.0000e+16    7.80102648e-29     
   10.0000       2.7826e+18    1.6681e+16    7.80102648e-29     
   10.0000       2.7826e+18    2.7826e+16    7.80102648e-29     
   10.0000       2.7826e+18    4.6416e+16    7.80102648e-29     
   10.0000       2.7826e+18    7.7426e+16    7.80102648e-29     
   10.0000       2.7826e+18    1.2915e+17    7.80102648e-29     
   10.0000       2.7826e+18    2.1544e+17    7.80102648e-29     
   10.0000       2.7826e+18    3.5938e+17    7.80102648e-29     
   10.0000       2.7826e+18    5.9948e+17    7.80102648e-29     
   10.0000       2.7826e+18    1.0000e+18    7.80102648e-29     
   10.0000       4.6416e+18    1.0000e+16    7.93708646e-29     
   10.0000       4.6416e+18    1.6681e+16    7.93708646e-29     
   10.0000       4.6416e+18    2.7826e+16    7.93708646e-29     
   10.0000       4.6416e+18    4.6416e+16    7.93708646e-29     
   10.0000       4.6416e+18    7.7426e+16    7.93708646e-29     
   10.0000       4.6416e+18    1.2915e+17    7.93708646e-29     
   10.0000       4.6416e+18    2.1544e+17    7.93708646e-29     
   10.0000       4.6416e+18    3.5938e+17    7.93708646e-29     
   10.0000       4.6416e+18    5.9948e+17    7.93708646e-29     
   10.0000       4.6416e+18    1.0000e+18    7.93708646e-29     
   10.0000       7.7426e+18    1.0000e+16    8.10868710e-29     
   10.0000       7.7426e+18    1.6681e+16    8.10868710e-29     
   10.0000       7.7426e+18    2.7826e+16    8.10868710e-29     
   10.0000       7.7426e+18    4.6416e+16    8.10868710e-29     
   10.0000       7.7426e+18    7.7426e+16    8.10868710e-29     
   10.0000       7.7426e+18    1.2915e+17    8.10868710e-29     
   10.0000       7.7426e+18    2.1544e+17    8.10868710e-29     
   10.0000       7.7426e+18    3.5938e+17    8.10868710e-29     
   10.0000       7.7426e+18    5.9948e+17    8.10868710e-29     
   10.0000       7.7426e+18    1.0000e+18    8.10868710e-29     
   10.0000       1.2915e+19    1.0000e+16    8.31077121e-29     
   10.0000       1.2915e+19    1.6681e+16    8.31077121e-29     
   10.0000       1.2915e+19    2.7826e+16    8.31077121e-29     
   10.0000       1.2915e+19    4.6416e+16    8.31077121e-29     
   10.0000       1.2915e+19    7.7426e+16    8.31077121e-29     
   10.0000       1.2915e+19    1.2915e+17    8.31077121e-29     
   10.0000       1.2915e+19    2.1544e+17    8.31077121e-29     
   10.0000       1.2915e+19    3.5938e+17    8.31077121e-29     
   10.0000       1.2915e+19    5.9948e+17    8.31077121e-29     
   10.0000       1.2915e+19    1.0000e+18    8.31077121e-29     
   10.0000       2.1544e+19    1.0000e+16    8.52645008e-29     
   10.0000       2.1544e+19    1.6681e+16    8.52645008e-29     
   10.0000       2.1544e+19    2.7826e+16    8.52645008e-29     
   10.0000       2.1544e+19    4.6416e+16    8.52645008e-29     
   10.0000       2.1544e+19    7.7426e+16    8.52645008e-29     
   10.0000       2.1544e+19    1.2915e+17    8.52645008e-29     
   10.0000       2.1544e+19    2.1544e+17    8.52645008e-29     
   10.0000       2.1544e+19    3.5938e+17    8.52645008e-29     
   10.0000       2.1544e+19    5.9948e+17    8.52645008e-29     
   10.0000       2.1544e+19    1.0000e+18    8.52645008e-29     
   10.0000       3.5938e+19    1.0000e+16    8.73193790e-29     
   10.0000       3.5938e+19    1.6681e+16    8.73193790e-29     
   10.0000       3.5938e+19    2.7826e+16    8.73193790e-29     
   10.0000       3.5938e+19    4.6416e+16    8.73193790e-29     
   10.0000       3.5938e+19    7.7426e+16    8.73193790e-29     
   10.0000       3.5938e+19    1.2915e+17    8.73193790e-29     
   10.0000       3.5938e+19    2.1544e+17    8.73193790e-29     
   10.0000       3.5938e+19    3.5938e+17    8.73193790e-29     
   10.0000       3.5938e+19    5.9948e+17    8.73193790e-29     
   10.0000       3.5938e+19    1.0000e+18    8.73193790e-29     
   10.0000       5.9948e+19    1.0000e+16    8.90759953e-29     
   10.0000       5.9948e+19    1.6681e+16    8.90759953e-29     
   10.0000       5.9948e+19    2.7826e+16    8.90759953e-29     
   10.0000       5.9948e+19    4.6416e+16    8.90759953e-29     
   10.0000       5.9948e+19    7.7426e+16    8.90759953e-29     
   10.0000       5.9948e+19    1.2915e+17    8.90759953e-29     
   10.0000       5.9948e+19    2.1544e+17    8.90759953e-29     
   10.0000       5.9948e+19    3.5938e+17    8.90759953e-29     
   10.0000       5.9948e+19    5.9948e+17    8.90759953e-29     
   10.0000       5.9948e+19    1.0000e+18    8.90759953e-29     
   10.0000       1.0000e+20    1.0000e+16    9.04560199e-29     
   10.0000       1.0000e+20    1.6681e+16    9.04560199e-29     
   10.0000       1.0000e+20    2.7826e+16    9.04560199e-29     
   10.0000       1.0000e+20    4.6416e+16    9.04560199e-29     
   10.0000       1.0000e+20    7.7426e+16    9.04560199e-29     
   10.0000       1.0000e+20    1.2915e+17    9.04560199e-29     
   10.0000       1.0000e+20    2.1544e+17    9.04560199e-29     
   10.0000       1.0000e+20    3.5938e+17    9.04560199e-29     
   10.0000       1.0000e+20    5.9948e+17    9.04560199e-29     
   10.0000       1.0000e+20    1.0000e+18    9.04560199e-29     
