#
# Output file generated by Yacora 1.5.0
# =====================================
#   Filename: 'YacoraRun_PopCoeff_n=4.dat'
#   Date of creation: 11. May 2022
#   Time of creation: 08:50:25
#   Used input file: 'H_20_11_2019.txt'
#   Performed calculation: Population Coefficient for state 'H(4)' coupled to the particle 'H+'
#
#   Please cite D. Wünderlich, M. Giacomin, R. Ritz and U. Fantz, J. Quant. Spectrosc. Radiat. Transfer 240, 2020, 106695, if you use Yacora results.
#
# Description of the used Parameters:
# ===================================
#
#   Temperatures and Densities: 
#              T_e: 10 calculated values between 1.0000 and 10.0000
#              T_i1: Fixed value 8000.0000
#              T_n1: Fixed value 8000.0000
#              n_e: 10 calculated values between 1.0000e+18 and 1.0000e+20
#              n_i1: 10 calculated values between 1.0000e+16 and 1.0000e+18

#   Electron energy distribution function: 
#              Maxwellian
#
# Calculated Data:
# ================
#  T_e           n_e           n_i1          POP_COEFF      
   1.0000        1.0000e+18    1.0000e+16    4.40113177e-27     
   1.0000        1.0000e+18    1.6681e+16    4.40113177e-27     
   1.0000        1.0000e+18    2.7826e+16    4.40113177e-27     
   1.0000        1.0000e+18    4.6416e+16    4.40113177e-27     
   1.0000        1.0000e+18    7.7426e+16    4.40113177e-27     
   1.0000        1.0000e+18    1.2915e+17    4.40113177e-27     
   1.0000        1.0000e+18    2.1544e+17    4.40113177e-27     
   1.0000        1.0000e+18    3.5938e+17    4.40113177e-27     
   1.0000        1.0000e+18    5.9948e+17    4.40113177e-27     
   1.0000        1.0000e+18    1.0000e+18    4.40113177e-27     
   1.0000        1.6681e+18    1.0000e+16    5.41935370e-27     
   1.0000        1.6681e+18    1.6681e+16    5.41935370e-27     
   1.0000        1.6681e+18    2.7826e+16    5.41935370e-27     
   1.0000        1.6681e+18    4.6416e+16    5.41935370e-27     
   1.0000        1.6681e+18    7.7426e+16    5.41935370e-27     
   1.0000        1.6681e+18    1.2915e+17    5.41935370e-27     
   1.0000        1.6681e+18    2.1544e+17    5.41935370e-27     
   1.0000        1.6681e+18    3.5938e+17    5.41935370e-27     
   1.0000        1.6681e+18    5.9948e+17    5.41935370e-27     
   1.0000        1.6681e+18    1.0000e+18    5.41935370e-27     
   1.0000        2.7826e+18    1.0000e+16    6.65540909e-27     
   1.0000        2.7826e+18    1.6681e+16    6.65540909e-27     
   1.0000        2.7826e+18    2.7826e+16    6.65540909e-27     
   1.0000        2.7826e+18    4.6416e+16    6.65540909e-27     
   1.0000        2.7826e+18    7.7426e+16    6.65540909e-27     
   1.0000        2.7826e+18    1.2915e+17    6.65540909e-27     
   1.0000        2.7826e+18    2.1544e+17    6.65540909e-27     
   1.0000        2.7826e+18    3.5938e+17    6.65540909e-27     
   1.0000        2.7826e+18    5.9948e+17    6.65540909e-27     
   1.0000        2.7826e+18    1.0000e+18    6.65540909e-27     
   1.0000        4.6416e+18    1.0000e+16    8.00626242e-27     
   1.0000        4.6416e+18    1.6681e+16    8.00626242e-27     
   1.0000        4.6416e+18    2.7826e+16    8.00626242e-27     
   1.0000        4.6416e+18    4.6416e+16    8.00626242e-27     
   1.0000        4.6416e+18    7.7426e+16    8.00626242e-27     
   1.0000        4.6416e+18    1.2915e+17    8.00626242e-27     
   1.0000        4.6416e+18    2.1544e+17    8.00626242e-27     
   1.0000        4.6416e+18    3.5938e+17    8.00626242e-27     
   1.0000        4.6416e+18    5.9948e+17    8.00626242e-27     
   1.0000        4.6416e+18    1.0000e+18    8.00626242e-27     
   1.0000        7.7426e+18    1.0000e+16    9.32728471e-27     
   1.0000        7.7426e+18    1.6681e+16    9.32728471e-27     
   1.0000        7.7426e+18    2.7826e+16    9.32728471e-27     
   1.0000        7.7426e+18    4.6416e+16    9.32728471e-27     
   1.0000        7.7426e+18    7.7426e+16    9.32728471e-27     
   1.0000        7.7426e+18    1.2915e+17    9.32728471e-27     
   1.0000        7.7426e+18    2.1544e+17    9.32728471e-27     
   1.0000        7.7426e+18    3.5938e+17    9.32728471e-27     
   1.0000        7.7426e+18    5.9948e+17    9.32728471e-27     
   1.0000        7.7426e+18    1.0000e+18    9.32728471e-27     
   1.0000        1.2915e+19    1.0000e+16    1.05003601e-26     
   1.0000        1.2915e+19    1.6681e+16    1.05003601e-26     
   1.0000        1.2915e+19    2.7826e+16    1.05003601e-26     
   1.0000        1.2915e+19    4.6416e+16    1.05003601e-26     
   1.0000        1.2915e+19    7.7426e+16    1.05003601e-26     
   1.0000        1.2915e+19    1.2915e+17    1.05003601e-26     
   1.0000        1.2915e+19    2.1544e+17    1.05003601e-26     
   1.0000        1.2915e+19    3.5938e+17    1.05003601e-26     
   1.0000        1.2915e+19    5.9948e+17    1.05003601e-26     
   1.0000        1.2915e+19    1.0000e+18    1.05003601e-26     
   1.0000        2.1544e+19    1.0000e+16    1.14773638e-26     
   1.0000        2.1544e+19    1.6681e+16    1.14773638e-26     
   1.0000        2.1544e+19    2.7826e+16    1.14773638e-26     
   1.0000        2.1544e+19    4.6416e+16    1.14773638e-26     
   1.0000        2.1544e+19    7.7426e+16    1.14773638e-26     
   1.0000        2.1544e+19    1.2915e+17    1.14773638e-26     
   1.0000        2.1544e+19    2.1544e+17    1.14773638e-26     
   1.0000        2.1544e+19    3.5938e+17    1.14773638e-26     
   1.0000        2.1544e+19    5.9948e+17    1.14773638e-26     
   1.0000        2.1544e+19    1.0000e+18    1.14773638e-26     
   1.0000        3.5938e+19    1.0000e+16    1.22682329e-26     
   1.0000        3.5938e+19    1.6681e+16    1.22682329e-26     
   1.0000        3.5938e+19    2.7826e+16    1.22682329e-26     
   1.0000        3.5938e+19    4.6416e+16    1.22682329e-26     
   1.0000        3.5938e+19    7.7426e+16    1.22682329e-26     
   1.0000        3.5938e+19    1.2915e+17    1.22682329e-26     
   1.0000        3.5938e+19    2.1544e+17    1.22682329e-26     
   1.0000        3.5938e+19    3.5938e+17    1.22682329e-26     
   1.0000        3.5938e+19    5.9948e+17    1.22682329e-26     
   1.0000        3.5938e+19    1.0000e+18    1.22682329e-26     
   1.0000        5.9948e+19    1.0000e+16    1.29019565e-26     
   1.0000        5.9948e+19    1.6681e+16    1.29019565e-26     
   1.0000        5.9948e+19    2.7826e+16    1.29019565e-26     
   1.0000        5.9948e+19    4.6416e+16    1.29019565e-26     
   1.0000        5.9948e+19    7.7426e+16    1.29019565e-26     
   1.0000        5.9948e+19    1.2915e+17    1.29019565e-26     
   1.0000        5.9948e+19    2.1544e+17    1.29019565e-26     
   1.0000        5.9948e+19    3.5938e+17    1.29019565e-26     
   1.0000        5.9948e+19    5.9948e+17    1.29019565e-26     
   1.0000        5.9948e+19    1.0000e+18    1.29019565e-26     
   1.0000        1.0000e+20    1.0000e+16    1.34009427e-26     
   1.0000        1.0000e+20    1.6681e+16    1.34009427e-26     
   1.0000        1.0000e+20    2.7826e+16    1.34009427e-26     
   1.0000        1.0000e+20    4.6416e+16    1.34009427e-26     
   1.0000        1.0000e+20    7.7426e+16    1.34009427e-26     
   1.0000        1.0000e+20    1.2915e+17    1.34009427e-26     
   1.0000        1.0000e+20    2.1544e+17    1.34009427e-26     
   1.0000        1.0000e+20    3.5938e+17    1.34009427e-26     
   1.0000        1.0000e+20    5.9948e+17    1.34009427e-26     
   1.0000        1.0000e+20    1.0000e+18    1.34009427e-26     
   1.2915        1.0000e+18    1.0000e+16    2.87831656e-27     
   1.2915        1.0000e+18    1.6681e+16    2.87831656e-27     
   1.2915        1.0000e+18    2.7826e+16    2.87831656e-27     
   1.2915        1.0000e+18    4.6416e+16    2.87831656e-27     
   1.2915        1.0000e+18    7.7426e+16    2.87831656e-27     
   1.2915        1.0000e+18    1.2915e+17    2.87831656e-27     
   1.2915        1.0000e+18    2.1544e+17    2.87831656e-27     
   1.2915        1.0000e+18    3.5938e+17    2.87831656e-27     
   1.2915        1.0000e+18    5.9948e+17    2.87831656e-27     
   1.2915        1.0000e+18    1.0000e+18    2.87831656e-27     
   1.2915        1.6681e+18    1.0000e+16    3.44446836e-27     
   1.2915        1.6681e+18    1.6681e+16    3.44446836e-27     
   1.2915        1.6681e+18    2.7826e+16    3.44446836e-27     
   1.2915        1.6681e+18    4.6416e+16    3.44446836e-27     
   1.2915        1.6681e+18    7.7426e+16    3.44446836e-27     
   1.2915        1.6681e+18    1.2915e+17    3.44446836e-27     
   1.2915        1.6681e+18    2.1544e+17    3.44446836e-27     
   1.2915        1.6681e+18    3.5938e+17    3.44446836e-27     
   1.2915        1.6681e+18    5.9948e+17    3.44446836e-27     
   1.2915        1.6681e+18    1.0000e+18    3.44446836e-27     
   1.2915        2.7826e+18    1.0000e+16    4.10523517e-27     
   1.2915        2.7826e+18    1.6681e+16    4.10523517e-27     
   1.2915        2.7826e+18    2.7826e+16    4.10523517e-27     
   1.2915        2.7826e+18    4.6416e+16    4.10523517e-27     
   1.2915        2.7826e+18    7.7426e+16    4.10523517e-27     
   1.2915        2.7826e+18    1.2915e+17    4.10523517e-27     
   1.2915        2.7826e+18    2.1544e+17    4.10523517e-27     
   1.2915        2.7826e+18    3.5938e+17    4.10523517e-27     
   1.2915        2.7826e+18    5.9948e+17    4.10523517e-27     
   1.2915        2.7826e+18    1.0000e+18    4.10523517e-27     
   1.2915        4.6416e+18    1.0000e+16    4.79712344e-27     
   1.2915        4.6416e+18    1.6681e+16    4.79712344e-27     
   1.2915        4.6416e+18    2.7826e+16    4.79712344e-27     
   1.2915        4.6416e+18    4.6416e+16    4.79712344e-27     
   1.2915        4.6416e+18    7.7426e+16    4.79712344e-27     
   1.2915        4.6416e+18    1.2915e+17    4.79712344e-27     
   1.2915        4.6416e+18    2.1544e+17    4.79712344e-27     
   1.2915        4.6416e+18    3.5938e+17    4.79712344e-27     
   1.2915        4.6416e+18    5.9948e+17    4.79712344e-27     
   1.2915        4.6416e+18    1.0000e+18    4.79712344e-27     
   1.2915        7.7426e+18    1.0000e+16    5.44745538e-27     
   1.2915        7.7426e+18    1.6681e+16    5.44745538e-27     
   1.2915        7.7426e+18    2.7826e+16    5.44745538e-27     
   1.2915        7.7426e+18    4.6416e+16    5.44745538e-27     
   1.2915        7.7426e+18    7.7426e+16    5.44745538e-27     
   1.2915        7.7426e+18    1.2915e+17    5.44745538e-27     
   1.2915        7.7426e+18    2.1544e+17    5.44745538e-27     
   1.2915        7.7426e+18    3.5938e+17    5.44745538e-27     
   1.2915        7.7426e+18    5.9948e+17    5.44745538e-27     
   1.2915        7.7426e+18    1.0000e+18    5.44745538e-27     
   1.2915        1.2915e+19    1.0000e+16    6.00788642e-27     
   1.2915        1.2915e+19    1.6681e+16    6.00788642e-27     
   1.2915        1.2915e+19    2.7826e+16    6.00788642e-27     
   1.2915        1.2915e+19    4.6416e+16    6.00788642e-27     
   1.2915        1.2915e+19    7.7426e+16    6.00788642e-27     
   1.2915        1.2915e+19    1.2915e+17    6.00788642e-27     
   1.2915        1.2915e+19    2.1544e+17    6.00788642e-27     
   1.2915        1.2915e+19    3.5938e+17    6.00788642e-27     
   1.2915        1.2915e+19    5.9948e+17    6.00788642e-27     
   1.2915        1.2915e+19    1.0000e+18    6.00788642e-27     
   1.2915        2.1544e+19    1.0000e+16    6.46615976e-27     
   1.2915        2.1544e+19    1.6681e+16    6.46615976e-27     
   1.2915        2.1544e+19    2.7826e+16    6.46615976e-27     
   1.2915        2.1544e+19    4.6416e+16    6.46615976e-27     
   1.2915        2.1544e+19    7.7426e+16    6.46615976e-27     
   1.2915        2.1544e+19    1.2915e+17    6.46615976e-27     
   1.2915        2.1544e+19    2.1544e+17    6.46615976e-27     
   1.2915        2.1544e+19    3.5938e+17    6.46615976e-27     
   1.2915        2.1544e+19    5.9948e+17    6.46615976e-27     
   1.2915        2.1544e+19    1.0000e+18    6.46615976e-27     
   1.2915        3.5938e+19    1.0000e+16    6.83258913e-27     
   1.2915        3.5938e+19    1.6681e+16    6.83258913e-27     
   1.2915        3.5938e+19    2.7826e+16    6.83258913e-27     
   1.2915        3.5938e+19    4.6416e+16    6.83258913e-27     
   1.2915        3.5938e+19    7.7426e+16    6.83258913e-27     
   1.2915        3.5938e+19    1.2915e+17    6.83258913e-27     
   1.2915        3.5938e+19    2.1544e+17    6.83258913e-27     
   1.2915        3.5938e+19    3.5938e+17    6.83258913e-27     
   1.2915        3.5938e+19    5.9948e+17    6.83258913e-27     
   1.2915        3.5938e+19    1.0000e+18    6.83258913e-27     
   1.2915        5.9948e+19    1.0000e+16    7.12148108e-27     
   1.2915        5.9948e+19    1.6681e+16    7.12148108e-27     
   1.2915        5.9948e+19    2.7826e+16    7.12148108e-27     
   1.2915        5.9948e+19    4.6416e+16    7.12148108e-27     
   1.2915        5.9948e+19    7.7426e+16    7.12148108e-27     
   1.2915        5.9948e+19    1.2915e+17    7.12148108e-27     
   1.2915        5.9948e+19    2.1544e+17    7.12148108e-27     
   1.2915        5.9948e+19    3.5938e+17    7.12148108e-27     
   1.2915        5.9948e+19    5.9948e+17    7.12148108e-27     
   1.2915        5.9948e+19    1.0000e+18    7.12148108e-27     
   1.2915        1.0000e+20    1.0000e+16    7.34338806e-27     
   1.2915        1.0000e+20    1.6681e+16    7.34338806e-27     
   1.2915        1.0000e+20    2.7826e+16    7.34338806e-27     
   1.2915        1.0000e+20    4.6416e+16    7.34338806e-27     
   1.2915        1.0000e+20    7.7426e+16    7.34338806e-27     
   1.2915        1.0000e+20    1.2915e+17    7.34338806e-27     
   1.2915        1.0000e+20    2.1544e+17    7.34338806e-27     
   1.2915        1.0000e+20    3.5938e+17    7.34338806e-27     
   1.2915        1.0000e+20    5.9948e+17    7.34338806e-27     
   1.2915        1.0000e+20    1.0000e+18    7.34338806e-27     
   1.6681        1.0000e+18    1.0000e+16    1.88911942e-27     
   1.6681        1.0000e+18    1.6681e+16    1.88911942e-27     
   1.6681        1.0000e+18    2.7826e+16    1.88911942e-27     
   1.6681        1.0000e+18    4.6416e+16    1.88911942e-27     
   1.6681        1.0000e+18    7.7426e+16    1.88911942e-27     
   1.6681        1.0000e+18    1.2915e+17    1.88911942e-27     
   1.6681        1.0000e+18    2.1544e+17    1.88911942e-27     
   1.6681        1.0000e+18    3.5938e+17    1.88911942e-27     
   1.6681        1.0000e+18    5.9948e+17    1.88911942e-27     
   1.6681        1.0000e+18    1.0000e+18    1.88911942e-27     
   1.6681        1.6681e+18    1.0000e+16    2.19983683e-27     
   1.6681        1.6681e+18    1.6681e+16    2.19983683e-27     
   1.6681        1.6681e+18    2.7826e+16    2.19983683e-27     
   1.6681        1.6681e+18    4.6416e+16    2.19983683e-27     
   1.6681        1.6681e+18    7.7426e+16    2.19983683e-27     
   1.6681        1.6681e+18    1.2915e+17    2.19983683e-27     
   1.6681        1.6681e+18    2.1544e+17    2.19983683e-27     
   1.6681        1.6681e+18    3.5938e+17    2.19983683e-27     
   1.6681        1.6681e+18    5.9948e+17    2.19983683e-27     
   1.6681        1.6681e+18    1.0000e+18    2.19983683e-27     
   1.6681        2.7826e+18    1.0000e+16    2.55007815e-27     
   1.6681        2.7826e+18    1.6681e+16    2.55007815e-27     
   1.6681        2.7826e+18    2.7826e+16    2.55007815e-27     
   1.6681        2.7826e+18    4.6416e+16    2.55007815e-27     
   1.6681        2.7826e+18    7.7426e+16    2.55007815e-27     
   1.6681        2.7826e+18    1.2915e+17    2.55007815e-27     
   1.6681        2.7826e+18    2.1544e+17    2.55007815e-27     
   1.6681        2.7826e+18    3.5938e+17    2.55007815e-27     
   1.6681        2.7826e+18    5.9948e+17    2.55007815e-27     
   1.6681        2.7826e+18    1.0000e+18    2.55007815e-27     
   1.6681        4.6416e+18    1.0000e+16    2.90378408e-27     
   1.6681        4.6416e+18    1.6681e+16    2.90378408e-27     
   1.6681        4.6416e+18    2.7826e+16    2.90378408e-27     
   1.6681        4.6416e+18    4.6416e+16    2.90378408e-27     
   1.6681        4.6416e+18    7.7426e+16    2.90378408e-27     
   1.6681        4.6416e+18    1.2915e+17    2.90378408e-27     
   1.6681        4.6416e+18    2.1544e+17    2.90378408e-27     
   1.6681        4.6416e+18    3.5938e+17    2.90378408e-27     
   1.6681        4.6416e+18    5.9948e+17    2.90378408e-27     
   1.6681        4.6416e+18    1.0000e+18    2.90378408e-27     
   1.6681        7.7426e+18    1.0000e+16    3.22593481e-27     
   1.6681        7.7426e+18    1.6681e+16    3.22593481e-27     
   1.6681        7.7426e+18    2.7826e+16    3.22593481e-27     
   1.6681        7.7426e+18    4.6416e+16    3.22593481e-27     
   1.6681        7.7426e+18    7.7426e+16    3.22593481e-27     
   1.6681        7.7426e+18    1.2915e+17    3.22593481e-27     
   1.6681        7.7426e+18    2.1544e+17    3.22593481e-27     
   1.6681        7.7426e+18    3.5938e+17    3.22593481e-27     
   1.6681        7.7426e+18    5.9948e+17    3.22593481e-27     
   1.6681        7.7426e+18    1.0000e+18    3.22593481e-27     
   1.6681        1.2915e+19    1.0000e+16    3.49745980e-27     
   1.6681        1.2915e+19    1.6681e+16    3.49745980e-27     
   1.6681        1.2915e+19    2.7826e+16    3.49745980e-27     
   1.6681        1.2915e+19    4.6416e+16    3.49745980e-27     
   1.6681        1.2915e+19    7.7426e+16    3.49745980e-27     
   1.6681        1.2915e+19    1.2915e+17    3.49745980e-27     
   1.6681        1.2915e+19    2.1544e+17    3.49745980e-27     
   1.6681        1.2915e+19    3.5938e+17    3.49745980e-27     
   1.6681        1.2915e+19    5.9948e+17    3.49745980e-27     
   1.6681        1.2915e+19    1.0000e+18    3.49745980e-27     
   1.6681        2.1544e+19    1.0000e+16    3.71655312e-27     
   1.6681        2.1544e+19    1.6681e+16    3.71655312e-27     
   1.6681        2.1544e+19    2.7826e+16    3.71655312e-27     
   1.6681        2.1544e+19    4.6416e+16    3.71655312e-27     
   1.6681        2.1544e+19    7.7426e+16    3.71655312e-27     
   1.6681        2.1544e+19    1.2915e+17    3.71655312e-27     
   1.6681        2.1544e+19    2.1544e+17    3.71655312e-27     
   1.6681        2.1544e+19    3.5938e+17    3.71655312e-27     
   1.6681        2.1544e+19    5.9948e+17    3.71655312e-27     
   1.6681        2.1544e+19    1.0000e+18    3.71655312e-27     
   1.6681        3.5938e+19    1.0000e+16    3.88979257e-27     
   1.6681        3.5938e+19    1.6681e+16    3.88979257e-27     
   1.6681        3.5938e+19    2.7826e+16    3.88979257e-27     
   1.6681        3.5938e+19    4.6416e+16    3.88979257e-27     
   1.6681        3.5938e+19    7.7426e+16    3.88979257e-27     
   1.6681        3.5938e+19    1.2915e+17    3.88979257e-27     
   1.6681        3.5938e+19    2.1544e+17    3.88979257e-27     
   1.6681        3.5938e+19    3.5938e+17    3.88979257e-27     
   1.6681        3.5938e+19    5.9948e+17    3.88979257e-27     
   1.6681        3.5938e+19    1.0000e+18    3.88979257e-27     
   1.6681        5.9948e+19    1.0000e+16    4.02413747e-27     
   1.6681        5.9948e+19    1.6681e+16    4.02413747e-27     
   1.6681        5.9948e+19    2.7826e+16    4.02413747e-27     
   1.6681        5.9948e+19    4.6416e+16    4.02413747e-27     
   1.6681        5.9948e+19    7.7426e+16    4.02413747e-27     
   1.6681        5.9948e+19    1.2915e+17    4.02413747e-27     
   1.6681        5.9948e+19    2.1544e+17    4.02413747e-27     
   1.6681        5.9948e+19    3.5938e+17    4.02413747e-27     
   1.6681        5.9948e+19    5.9948e+17    4.02413747e-27     
   1.6681        5.9948e+19    1.0000e+18    4.02413747e-27     
   1.6681        1.0000e+20    1.0000e+16    4.12502806e-27     
   1.6681        1.0000e+20    1.6681e+16    4.12502806e-27     
   1.6681        1.0000e+20    2.7826e+16    4.12502806e-27     
   1.6681        1.0000e+20    4.6416e+16    4.12502806e-27     
   1.6681        1.0000e+20    7.7426e+16    4.12502806e-27     
   1.6681        1.0000e+20    1.2915e+17    4.12502806e-27     
   1.6681        1.0000e+20    2.1544e+17    4.12502806e-27     
   1.6681        1.0000e+20    3.5938e+17    4.12502806e-27     
   1.6681        1.0000e+20    5.9948e+17    4.12502806e-27     
   1.6681        1.0000e+20    1.0000e+18    4.12502806e-27     
   2.1544        1.0000e+18    1.0000e+16    1.27005063e-27     
   2.1544        1.0000e+18    1.6681e+16    1.27005063e-27     
   2.1544        1.0000e+18    2.7826e+16    1.27005063e-27     
   2.1544        1.0000e+18    4.6416e+16    1.27005063e-27     
   2.1544        1.0000e+18    7.7426e+16    1.27005063e-27     
   2.1544        1.0000e+18    1.2915e+17    1.27005063e-27     
   2.1544        1.0000e+18    2.1544e+17    1.27005063e-27     
   2.1544        1.0000e+18    3.5938e+17    1.27005063e-27     
   2.1544        1.0000e+18    5.9948e+17    1.27005063e-27     
   2.1544        1.0000e+18    1.0000e+18    1.27005063e-27     
   2.1544        1.6681e+18    1.0000e+16    1.44239483e-27     
   2.1544        1.6681e+18    1.6681e+16    1.44239483e-27     
   2.1544        1.6681e+18    2.7826e+16    1.44239483e-27     
   2.1544        1.6681e+18    4.6416e+16    1.44239483e-27     
   2.1544        1.6681e+18    7.7426e+16    1.44239483e-27     
   2.1544        1.6681e+18    1.2915e+17    1.44239483e-27     
   2.1544        1.6681e+18    2.1544e+17    1.44239483e-27     
   2.1544        1.6681e+18    3.5938e+17    1.44239483e-27     
   2.1544        1.6681e+18    5.9948e+17    1.44239483e-27     
   2.1544        1.6681e+18    1.0000e+18    1.44239483e-27     
   2.1544        2.7826e+18    1.0000e+16    1.63099245e-27     
   2.1544        2.7826e+18    1.6681e+16    1.63099245e-27     
   2.1544        2.7826e+18    2.7826e+16    1.63099245e-27     
   2.1544        2.7826e+18    4.6416e+16    1.63099245e-27     
   2.1544        2.7826e+18    7.7426e+16    1.63099245e-27     
   2.1544        2.7826e+18    1.2915e+17    1.63099245e-27     
   2.1544        2.7826e+18    2.1544e+17    1.63099245e-27     
   2.1544        2.7826e+18    3.5938e+17    1.63099245e-27     
   2.1544        2.7826e+18    5.9948e+17    1.63099245e-27     
   2.1544        2.7826e+18    1.0000e+18    1.63099245e-27     
   2.1544        4.6416e+18    1.0000e+16    1.81593392e-27     
   2.1544        4.6416e+18    1.6681e+16    1.81593392e-27     
   2.1544        4.6416e+18    2.7826e+16    1.81593392e-27     
   2.1544        4.6416e+18    4.6416e+16    1.81593392e-27     
   2.1544        4.6416e+18    7.7426e+16    1.81593392e-27     
   2.1544        4.6416e+18    1.2915e+17    1.81593392e-27     
   2.1544        4.6416e+18    2.1544e+17    1.81593392e-27     
   2.1544        4.6416e+18    3.5938e+17    1.81593392e-27     
   2.1544        4.6416e+18    5.9948e+17    1.81593392e-27     
   2.1544        4.6416e+18    1.0000e+18    1.81593392e-27     
   2.1544        7.7426e+18    1.0000e+16    1.98035839e-27     
   2.1544        7.7426e+18    1.6681e+16    1.98035839e-27     
   2.1544        7.7426e+18    2.7826e+16    1.98035839e-27     
   2.1544        7.7426e+18    4.6416e+16    1.98035839e-27     
   2.1544        7.7426e+18    7.7426e+16    1.98035839e-27     
   2.1544        7.7426e+18    1.2915e+17    1.98035839e-27     
   2.1544        7.7426e+18    2.1544e+17    1.98035839e-27     
   2.1544        7.7426e+18    3.5938e+17    1.98035839e-27     
   2.1544        7.7426e+18    5.9948e+17    1.98035839e-27     
   2.1544        7.7426e+18    1.0000e+18    1.98035839e-27     
   2.1544        1.2915e+19    1.0000e+16    2.11674955e-27     
   2.1544        1.2915e+19    1.6681e+16    2.11674955e-27     
   2.1544        1.2915e+19    2.7826e+16    2.11674955e-27     
   2.1544        1.2915e+19    4.6416e+16    2.11674955e-27     
   2.1544        1.2915e+19    7.7426e+16    2.11674955e-27     
   2.1544        1.2915e+19    1.2915e+17    2.11674955e-27     
   2.1544        1.2915e+19    2.1544e+17    2.11674955e-27     
   2.1544        1.2915e+19    3.5938e+17    2.11674955e-27     
   2.1544        1.2915e+19    5.9948e+17    2.11674955e-27     
   2.1544        1.2915e+19    1.0000e+18    2.11674955e-27     
   2.1544        2.1544e+19    1.0000e+16    2.22572357e-27     
   2.1544        2.1544e+19    1.6681e+16    2.22572357e-27     
   2.1544        2.1544e+19    2.7826e+16    2.22572357e-27     
   2.1544        2.1544e+19    4.6416e+16    2.22572357e-27     
   2.1544        2.1544e+19    7.7426e+16    2.22572357e-27     
   2.1544        2.1544e+19    1.2915e+17    2.22572357e-27     
   2.1544        2.1544e+19    2.1544e+17    2.22572357e-27     
   2.1544        2.1544e+19    3.5938e+17    2.22572357e-27     
   2.1544        2.1544e+19    5.9948e+17    2.22572357e-27     
   2.1544        2.1544e+19    1.0000e+18    2.22572357e-27     
   2.1544        3.5938e+19    1.0000e+16    2.31101673e-27     
   2.1544        3.5938e+19    1.6681e+16    2.31101673e-27     
   2.1544        3.5938e+19    2.7826e+16    2.31101673e-27     
   2.1544        3.5938e+19    4.6416e+16    2.31101673e-27     
   2.1544        3.5938e+19    7.7426e+16    2.31101673e-27     
   2.1544        3.5938e+19    1.2915e+17    2.31101673e-27     
   2.1544        3.5938e+19    2.1544e+17    2.31101673e-27     
   2.1544        3.5938e+19    3.5938e+17    2.31101673e-27     
   2.1544        3.5938e+19    5.9948e+17    2.31101673e-27     
   2.1544        3.5938e+19    1.0000e+18    2.31101673e-27     
   2.1544        5.9948e+19    1.0000e+16    2.37615677e-27     
   2.1544        5.9948e+19    1.6681e+16    2.37615677e-27     
   2.1544        5.9948e+19    2.7826e+16    2.37615677e-27     
   2.1544        5.9948e+19    4.6416e+16    2.37615677e-27     
   2.1544        5.9948e+19    7.7426e+16    2.37615677e-27     
   2.1544        5.9948e+19    1.2915e+17    2.37615677e-27     
   2.1544        5.9948e+19    2.1544e+17    2.37615677e-27     
   2.1544        5.9948e+19    3.5938e+17    2.37615677e-27     
   2.1544        5.9948e+19    5.9948e+17    2.37615677e-27     
   2.1544        5.9948e+19    1.0000e+18    2.37615677e-27     
   2.1544        1.0000e+20    1.0000e+16    2.42416398e-27     
   2.1544        1.0000e+20    1.6681e+16    2.42416398e-27     
   2.1544        1.0000e+20    2.7826e+16    2.42416398e-27     
   2.1544        1.0000e+20    4.6416e+16    2.42416398e-27     
   2.1544        1.0000e+20    7.7426e+16    2.42416398e-27     
   2.1544        1.0000e+20    1.2915e+17    2.42416398e-27     
   2.1544        1.0000e+20    2.1544e+17    2.42416398e-27     
   2.1544        1.0000e+20    3.5938e+17    2.42416398e-27     
   2.1544        1.0000e+20    5.9948e+17    2.42416398e-27     
   2.1544        1.0000e+20    1.0000e+18    2.42416398e-27     
   2.7826        1.0000e+18    1.0000e+16    8.59738270e-28     
   2.7826        1.0000e+18    1.6681e+16    8.59738270e-28     
   2.7826        1.0000e+18    2.7826e+16    8.59738270e-28     
   2.7826        1.0000e+18    4.6416e+16    8.59738270e-28     
   2.7826        1.0000e+18    7.7426e+16    8.59738270e-28     
   2.7826        1.0000e+18    1.2915e+17    8.59738270e-28     
   2.7826        1.0000e+18    2.1544e+17    8.59738270e-28     
   2.7826        1.0000e+18    3.5938e+17    8.59738270e-28     
   2.7826        1.0000e+18    5.9948e+17    8.59738270e-28     
   2.7826        1.0000e+18    1.0000e+18    8.59738270e-28     
   2.7826        1.6681e+18    1.0000e+16    9.54199484e-28     
   2.7826        1.6681e+18    1.6681e+16    9.54199484e-28     
   2.7826        1.6681e+18    2.7826e+16    9.54199484e-28     
   2.7826        1.6681e+18    4.6416e+16    9.54199484e-28     
   2.7826        1.6681e+18    7.7426e+16    9.54199484e-28     
   2.7826        1.6681e+18    1.2915e+17    9.54199484e-28     
   2.7826        1.6681e+18    2.1544e+17    9.54199484e-28     
   2.7826        1.6681e+18    3.5938e+17    9.54199484e-28     
   2.7826        1.6681e+18    5.9948e+17    9.54199484e-28     
   2.7826        1.6681e+18    1.0000e+18    9.54199484e-28     
   2.7826        2.7826e+18    1.0000e+16    1.05510881e-27     
   2.7826        2.7826e+18    1.6681e+16    1.05510881e-27     
   2.7826        2.7826e+18    2.7826e+16    1.05510881e-27     
   2.7826        2.7826e+18    4.6416e+16    1.05510881e-27     
   2.7826        2.7826e+18    7.7426e+16    1.05510881e-27     
   2.7826        2.7826e+18    1.2915e+17    1.05510881e-27     
   2.7826        2.7826e+18    2.1544e+17    1.05510881e-27     
   2.7826        2.7826e+18    3.5938e+17    1.05510881e-27     
   2.7826        2.7826e+18    5.9948e+17    1.05510881e-27     
   2.7826        2.7826e+18    1.0000e+18    1.05510881e-27     
   2.7826        4.6416e+18    1.0000e+16    1.15182227e-27     
   2.7826        4.6416e+18    1.6681e+16    1.15182227e-27     
   2.7826        4.6416e+18    2.7826e+16    1.15182227e-27     
   2.7826        4.6416e+18    4.6416e+16    1.15182227e-27     
   2.7826        4.6416e+18    7.7426e+16    1.15182227e-27     
   2.7826        4.6416e+18    1.2915e+17    1.15182227e-27     
   2.7826        4.6416e+18    2.1544e+17    1.15182227e-27     
   2.7826        4.6416e+18    3.5938e+17    1.15182227e-27     
   2.7826        4.6416e+18    5.9948e+17    1.15182227e-27     
   2.7826        4.6416e+18    1.0000e+18    1.15182227e-27     
   2.7826        7.7426e+18    1.0000e+16    1.23629522e-27     
   2.7826        7.7426e+18    1.6681e+16    1.23629522e-27     
   2.7826        7.7426e+18    2.7826e+16    1.23629522e-27     
   2.7826        7.7426e+18    4.6416e+16    1.23629522e-27     
   2.7826        7.7426e+18    7.7426e+16    1.23629522e-27     
   2.7826        7.7426e+18    1.2915e+17    1.23629522e-27     
   2.7826        7.7426e+18    2.1544e+17    1.23629522e-27     
   2.7826        7.7426e+18    3.5938e+17    1.23629522e-27     
   2.7826        7.7426e+18    5.9948e+17    1.23629522e-27     
   2.7826        7.7426e+18    1.0000e+18    1.23629522e-27     
   2.7826        1.2915e+19    1.0000e+16    1.30559350e-27     
   2.7826        1.2915e+19    1.6681e+16    1.30559350e-27     
   2.7826        1.2915e+19    2.7826e+16    1.30559350e-27     
   2.7826        1.2915e+19    4.6416e+16    1.30559350e-27     
   2.7826        1.2915e+19    7.7426e+16    1.30559350e-27     
   2.7826        1.2915e+19    1.2915e+17    1.30559350e-27     
   2.7826        1.2915e+19    2.1544e+17    1.30559350e-27     
   2.7826        1.2915e+19    3.5938e+17    1.30559350e-27     
   2.7826        1.2915e+19    5.9948e+17    1.30559350e-27     
   2.7826        1.2915e+19    1.0000e+18    1.30559350e-27     
   2.7826        2.1544e+19    1.0000e+16    1.36055890e-27     
   2.7826        2.1544e+19    1.6681e+16    1.36055890e-27     
   2.7826        2.1544e+19    2.7826e+16    1.36055890e-27     
   2.7826        2.1544e+19    4.6416e+16    1.36055890e-27     
   2.7826        2.1544e+19    7.7426e+16    1.36055890e-27     
   2.7826        2.1544e+19    1.2915e+17    1.36055890e-27     
   2.7826        2.1544e+19    2.1544e+17    1.36055890e-27     
   2.7826        2.1544e+19    3.5938e+17    1.36055890e-27     
   2.7826        2.1544e+19    5.9948e+17    1.36055890e-27     
   2.7826        2.1544e+19    1.0000e+18    1.36055890e-27     
   2.7826        3.5938e+19    1.0000e+16    1.40319995e-27     
   2.7826        3.5938e+19    1.6681e+16    1.40319995e-27     
   2.7826        3.5938e+19    2.7826e+16    1.40319995e-27     
   2.7826        3.5938e+19    4.6416e+16    1.40319995e-27     
   2.7826        3.5938e+19    7.7426e+16    1.40319995e-27     
   2.7826        3.5938e+19    1.2915e+17    1.40319995e-27     
   2.7826        3.5938e+19    2.1544e+17    1.40319995e-27     
   2.7826        3.5938e+19    3.5938e+17    1.40319995e-27     
   2.7826        3.5938e+19    5.9948e+17    1.40319995e-27     
   2.7826        3.5938e+19    1.0000e+18    1.40319995e-27     
   2.7826        5.9948e+19    1.0000e+16    1.43534599e-27     
   2.7826        5.9948e+19    1.6681e+16    1.43534599e-27     
   2.7826        5.9948e+19    2.7826e+16    1.43534599e-27     
   2.7826        5.9948e+19    4.6416e+16    1.43534599e-27     
   2.7826        5.9948e+19    7.7426e+16    1.43534599e-27     
   2.7826        5.9948e+19    1.2915e+17    1.43534599e-27     
   2.7826        5.9948e+19    2.1544e+17    1.43534599e-27     
   2.7826        5.9948e+19    3.5938e+17    1.43534599e-27     
   2.7826        5.9948e+19    5.9948e+17    1.43534599e-27     
   2.7826        5.9948e+19    1.0000e+18    1.43534599e-27     
   2.7826        1.0000e+20    1.0000e+16    1.45869636e-27     
   2.7826        1.0000e+20    1.6681e+16    1.45869636e-27     
   2.7826        1.0000e+20    2.7826e+16    1.45869636e-27     
   2.7826        1.0000e+20    4.6416e+16    1.45869636e-27     
   2.7826        1.0000e+20    7.7426e+16    1.45869636e-27     
   2.7826        1.0000e+20    1.2915e+17    1.45869636e-27     
   2.7826        1.0000e+20    2.1544e+17    1.45869636e-27     
   2.7826        1.0000e+20    3.5938e+17    1.45869636e-27     
   2.7826        1.0000e+20    5.9948e+17    1.45869636e-27     
   2.7826        1.0000e+20    1.0000e+18    1.45869636e-27     
   3.5938        1.0000e+18    1.0000e+16    5.88179658e-28     
   3.5938        1.0000e+18    1.6681e+16    5.88179658e-28     
   3.5938        1.0000e+18    2.7826e+16    5.88179658e-28     
   3.5938        1.0000e+18    4.6416e+16    5.88179658e-28     
   3.5938        1.0000e+18    7.7426e+16    5.88179658e-28     
   3.5938        1.0000e+18    1.2915e+17    5.88179658e-28     
   3.5938        1.0000e+18    2.1544e+17    5.88179658e-28     
   3.5938        1.0000e+18    3.5938e+17    5.88179658e-28     
   3.5938        1.0000e+18    5.9948e+17    5.88179658e-28     
   3.5938        1.0000e+18    1.0000e+18    5.88179658e-28     
   3.5938        1.6681e+18    1.0000e+16    6.39334959e-28     
   3.5938        1.6681e+18    1.6681e+16    6.39334959e-28     
   3.5938        1.6681e+18    2.7826e+16    6.39334959e-28     
   3.5938        1.6681e+18    4.6416e+16    6.39334959e-28     
   3.5938        1.6681e+18    7.7426e+16    6.39334959e-28     
   3.5938        1.6681e+18    1.2915e+17    6.39334959e-28     
   3.5938        1.6681e+18    2.1544e+17    6.39334959e-28     
   3.5938        1.6681e+18    3.5938e+17    6.39334959e-28     
   3.5938        1.6681e+18    5.9948e+17    6.39334959e-28     
   3.5938        1.6681e+18    1.0000e+18    6.39334959e-28     
   3.5938        2.7826e+18    1.0000e+16    6.92978066e-28     
   3.5938        2.7826e+18    1.6681e+16    6.92978066e-28     
   3.5938        2.7826e+18    2.7826e+16    6.92978066e-28     
   3.5938        2.7826e+18    4.6416e+16    6.92978066e-28     
   3.5938        2.7826e+18    7.7426e+16    6.92978066e-28     
   3.5938        2.7826e+18    1.2915e+17    6.92978066e-28     
   3.5938        2.7826e+18    2.1544e+17    6.92978066e-28     
   3.5938        2.7826e+18    3.5938e+17    6.92978066e-28     
   3.5938        2.7826e+18    5.9948e+17    6.92978066e-28     
   3.5938        2.7826e+18    1.0000e+18    6.92978066e-28     
   3.5938        4.6416e+18    1.0000e+16    7.43530196e-28     
   3.5938        4.6416e+18    1.6681e+16    7.43530196e-28     
   3.5938        4.6416e+18    2.7826e+16    7.43530196e-28     
   3.5938        4.6416e+18    4.6416e+16    7.43530196e-28     
   3.5938        4.6416e+18    7.7426e+16    7.43530196e-28     
   3.5938        4.6416e+18    1.2915e+17    7.43530196e-28     
   3.5938        4.6416e+18    2.1544e+17    7.43530196e-28     
   3.5938        4.6416e+18    3.5938e+17    7.43530196e-28     
   3.5938        4.6416e+18    5.9948e+17    7.43530196e-28     
   3.5938        4.6416e+18    1.0000e+18    7.43530196e-28     
   3.5938        7.7426e+18    1.0000e+16    7.87142897e-28     
   3.5938        7.7426e+18    1.6681e+16    7.87142897e-28     
   3.5938        7.7426e+18    2.7826e+16    7.87142897e-28     
   3.5938        7.7426e+18    4.6416e+16    7.87142897e-28     
   3.5938        7.7426e+18    7.7426e+16    7.87142897e-28     
   3.5938        7.7426e+18    1.2915e+17    7.87142897e-28     
   3.5938        7.7426e+18    2.1544e+17    7.87142897e-28     
   3.5938        7.7426e+18    3.5938e+17    7.87142897e-28     
   3.5938        7.7426e+18    5.9948e+17    7.87142897e-28     
   3.5938        7.7426e+18    1.0000e+18    7.87142897e-28     
   3.5938        1.2915e+19    1.0000e+16    8.22660486e-28     
   3.5938        1.2915e+19    1.6681e+16    8.22660486e-28     
   3.5938        1.2915e+19    2.7826e+16    8.22660486e-28     
   3.5938        1.2915e+19    4.6416e+16    8.22660486e-28     
   3.5938        1.2915e+19    7.7426e+16    8.22660486e-28     
   3.5938        1.2915e+19    1.2915e+17    8.22660486e-28     
   3.5938        1.2915e+19    2.1544e+17    8.22660486e-28     
   3.5938        1.2915e+19    3.5938e+17    8.22660486e-28     
   3.5938        1.2915e+19    5.9948e+17    8.22660486e-28     
   3.5938        1.2915e+19    1.0000e+18    8.22660486e-28     
   3.5938        2.1544e+19    1.0000e+16    8.50685084e-28     
   3.5938        2.1544e+19    1.6681e+16    8.50685084e-28     
   3.5938        2.1544e+19    2.7826e+16    8.50685084e-28     
   3.5938        2.1544e+19    4.6416e+16    8.50685084e-28     
   3.5938        2.1544e+19    7.7426e+16    8.50685084e-28     
   3.5938        2.1544e+19    1.2915e+17    8.50685084e-28     
   3.5938        2.1544e+19    2.1544e+17    8.50685084e-28     
   3.5938        2.1544e+19    3.5938e+17    8.50685084e-28     
   3.5938        2.1544e+19    5.9948e+17    8.50685084e-28     
   3.5938        2.1544e+19    1.0000e+18    8.50685084e-28     
   3.5938        3.5938e+19    1.0000e+16    8.72270108e-28     
   3.5938        3.5938e+19    1.6681e+16    8.72270108e-28     
   3.5938        3.5938e+19    2.7826e+16    8.72270108e-28     
   3.5938        3.5938e+19    4.6416e+16    8.72270108e-28     
   3.5938        3.5938e+19    7.7426e+16    8.72270108e-28     
   3.5938        3.5938e+19    1.2915e+17    8.72270108e-28     
   3.5938        3.5938e+19    2.1544e+17    8.72270108e-28     
   3.5938        3.5938e+19    3.5938e+17    8.72270108e-28     
   3.5938        3.5938e+19    5.9948e+17    8.72270108e-28     
   3.5938        3.5938e+19    1.0000e+18    8.72270108e-28     
   3.5938        5.9948e+19    1.0000e+16    8.88378092e-28     
   3.5938        5.9948e+19    1.6681e+16    8.88378092e-28     
   3.5938        5.9948e+19    2.7826e+16    8.88378092e-28     
   3.5938        5.9948e+19    4.6416e+16    8.88378092e-28     
   3.5938        5.9948e+19    7.7426e+16    8.88378092e-28     
   3.5938        5.9948e+19    1.2915e+17    8.88378092e-28     
   3.5938        5.9948e+19    2.1544e+17    8.88378092e-28     
   3.5938        5.9948e+19    3.5938e+17    8.88378092e-28     
   3.5938        5.9948e+19    5.9948e+17    8.88378092e-28     
   3.5938        5.9948e+19    1.0000e+18    8.88378092e-28     
   3.5938        1.0000e+20    1.0000e+16    8.99958456e-28     
   3.5938        1.0000e+20    1.6681e+16    8.99958456e-28     
   3.5938        1.0000e+20    2.7826e+16    8.99958456e-28     
   3.5938        1.0000e+20    4.6416e+16    8.99958456e-28     
   3.5938        1.0000e+20    7.7426e+16    8.99958456e-28     
   3.5938        1.0000e+20    1.2915e+17    8.99958456e-28     
   3.5938        1.0000e+20    2.1544e+17    8.99958456e-28     
   3.5938        1.0000e+20    3.5938e+17    8.99958456e-28     
   3.5938        1.0000e+20    5.9948e+17    8.99958456e-28     
   3.5938        1.0000e+20    1.0000e+18    8.99958456e-28     
   4.6416        1.0000e+18    1.0000e+16    4.06831602e-28     
   4.6416        1.0000e+18    1.6681e+16    4.06831602e-28     
   4.6416        1.0000e+18    2.7826e+16    4.06831602e-28     
   4.6416        1.0000e+18    4.6416e+16    4.06831602e-28     
   4.6416        1.0000e+18    7.7426e+16    4.06831602e-28     
   4.6416        1.0000e+18    1.2915e+17    4.06831602e-28     
   4.6416        1.0000e+18    2.1544e+17    4.06831602e-28     
   4.6416        1.0000e+18    3.5938e+17    4.06831602e-28     
   4.6416        1.0000e+18    5.9948e+17    4.06831602e-28     
   4.6416        1.0000e+18    1.0000e+18    4.06831602e-28     
   4.6416        1.6681e+18    1.0000e+16    4.34130282e-28     
   4.6416        1.6681e+18    1.6681e+16    4.34130282e-28     
   4.6416        1.6681e+18    2.7826e+16    4.34130282e-28     
   4.6416        1.6681e+18    4.6416e+16    4.34130282e-28     
   4.6416        1.6681e+18    7.7426e+16    4.34130282e-28     
   4.6416        1.6681e+18    1.2915e+17    4.34130282e-28     
   4.6416        1.6681e+18    2.1544e+17    4.34130282e-28     
   4.6416        1.6681e+18    3.5938e+17    4.34130282e-28     
   4.6416        1.6681e+18    5.9948e+17    4.34130282e-28     
   4.6416        1.6681e+18    1.0000e+18    4.34130282e-28     
   4.6416        2.7826e+18    1.0000e+16    4.62378553e-28     
   4.6416        2.7826e+18    1.6681e+16    4.62378553e-28     
   4.6416        2.7826e+18    2.7826e+16    4.62378553e-28     
   4.6416        2.7826e+18    4.6416e+16    4.62378553e-28     
   4.6416        2.7826e+18    7.7426e+16    4.62378553e-28     
   4.6416        2.7826e+18    1.2915e+17    4.62378553e-28     
   4.6416        2.7826e+18    2.1544e+17    4.62378553e-28     
   4.6416        2.7826e+18    3.5938e+17    4.62378553e-28     
   4.6416        2.7826e+18    5.9948e+17    4.62378553e-28     
   4.6416        2.7826e+18    1.0000e+18    4.62378553e-28     
   4.6416        4.6416e+18    1.0000e+16    4.88692058e-28     
   4.6416        4.6416e+18    1.6681e+16    4.88692058e-28     
   4.6416        4.6416e+18    2.7826e+16    4.88692058e-28     
   4.6416        4.6416e+18    4.6416e+16    4.88692058e-28     
   4.6416        4.6416e+18    7.7426e+16    4.88692058e-28     
   4.6416        4.6416e+18    1.2915e+17    4.88692058e-28     
   4.6416        4.6416e+18    2.1544e+17    4.88692058e-28     
   4.6416        4.6416e+18    3.5938e+17    4.88692058e-28     
   4.6416        4.6416e+18    5.9948e+17    4.88692058e-28     
   4.6416        4.6416e+18    1.0000e+18    4.88692058e-28     
   4.6416        7.7426e+18    1.0000e+16    5.11212105e-28     
   4.6416        7.7426e+18    1.6681e+16    5.11212105e-28     
   4.6416        7.7426e+18    2.7826e+16    5.11212105e-28     
   4.6416        7.7426e+18    4.6416e+16    5.11212105e-28     
   4.6416        7.7426e+18    7.7426e+16    5.11212105e-28     
   4.6416        7.7426e+18    1.2915e+17    5.11212105e-28     
   4.6416        7.7426e+18    2.1544e+17    5.11212105e-28     
   4.6416        7.7426e+18    3.5938e+17    5.11212105e-28     
   4.6416        7.7426e+18    5.9948e+17    5.11212105e-28     
   4.6416        7.7426e+18    1.0000e+18    5.11212105e-28     
   4.6416        1.2915e+19    1.0000e+16    5.29468589e-28     
   4.6416        1.2915e+19    1.6681e+16    5.29468589e-28     
   4.6416        1.2915e+19    2.7826e+16    5.29468589e-28     
   4.6416        1.2915e+19    4.6416e+16    5.29468589e-28     
   4.6416        1.2915e+19    7.7426e+16    5.29468589e-28     
   4.6416        1.2915e+19    1.2915e+17    5.29468589e-28     
   4.6416        1.2915e+19    2.1544e+17    5.29468589e-28     
   4.6416        1.2915e+19    3.5938e+17    5.29468589e-28     
   4.6416        1.2915e+19    5.9948e+17    5.29468589e-28     
   4.6416        1.2915e+19    1.0000e+18    5.29468589e-28     
   4.6416        2.1544e+19    1.0000e+16    5.43820634e-28     
   4.6416        2.1544e+19    1.6681e+16    5.43820634e-28     
   4.6416        2.1544e+19    2.7826e+16    5.43820634e-28     
   4.6416        2.1544e+19    4.6416e+16    5.43820634e-28     
   4.6416        2.1544e+19    7.7426e+16    5.43820634e-28     
   4.6416        2.1544e+19    1.2915e+17    5.43820634e-28     
   4.6416        2.1544e+19    2.1544e+17    5.43820634e-28     
   4.6416        2.1544e+19    3.5938e+17    5.43820634e-28     
   4.6416        2.1544e+19    5.9948e+17    5.43820634e-28     
   4.6416        2.1544e+19    1.0000e+18    5.43820634e-28     
   4.6416        3.5938e+19    1.0000e+16    5.54813511e-28     
   4.6416        3.5938e+19    1.6681e+16    5.54813511e-28     
   4.6416        3.5938e+19    2.7826e+16    5.54813511e-28     
   4.6416        3.5938e+19    4.6416e+16    5.54813511e-28     
   4.6416        3.5938e+19    7.7426e+16    5.54813511e-28     
   4.6416        3.5938e+19    1.2915e+17    5.54813511e-28     
   4.6416        3.5938e+19    2.1544e+17    5.54813511e-28     
   4.6416        3.5938e+19    3.5938e+17    5.54813511e-28     
   4.6416        3.5938e+19    5.9948e+17    5.54813511e-28     
   4.6416        3.5938e+19    1.0000e+18    5.54813511e-28     
   4.6416        5.9948e+19    1.0000e+16    5.62955843e-28     
   4.6416        5.9948e+19    1.6681e+16    5.62955843e-28     
   4.6416        5.9948e+19    2.7826e+16    5.62955843e-28     
   4.6416        5.9948e+19    4.6416e+16    5.62955843e-28     
   4.6416        5.9948e+19    7.7426e+16    5.62955843e-28     
   4.6416        5.9948e+19    1.2915e+17    5.62955843e-28     
   4.6416        5.9948e+19    2.1544e+17    5.62955843e-28     
   4.6416        5.9948e+19    3.5938e+17    5.62955843e-28     
   4.6416        5.9948e+19    5.9948e+17    5.62955843e-28     
   4.6416        5.9948e+19    1.0000e+18    5.62955843e-28     
   4.6416        1.0000e+20    1.0000e+16    5.68769591e-28     
   4.6416        1.0000e+20    1.6681e+16    5.68769591e-28     
   4.6416        1.0000e+20    2.7826e+16    5.68769591e-28     
   4.6416        1.0000e+20    4.6416e+16    5.68769591e-28     
   4.6416        1.0000e+20    7.7426e+16    5.68769591e-28     
   4.6416        1.0000e+20    1.2915e+17    5.68769591e-28     
   4.6416        1.0000e+20    2.1544e+17    5.68769591e-28     
   4.6416        1.0000e+20    3.5938e+17    5.68769591e-28     
   4.6416        1.0000e+20    5.9948e+17    5.68769591e-28     
   4.6416        1.0000e+20    1.0000e+18    5.68769591e-28     
   5.9948        1.0000e+18    1.0000e+16    2.80975002e-28     
   5.9948        1.0000e+18    1.6681e+16    2.80975002e-28     
   5.9948        1.0000e+18    2.7826e+16    2.80975002e-28     
   5.9948        1.0000e+18    4.6416e+16    2.80975002e-28     
   5.9948        1.0000e+18    7.7426e+16    2.80975002e-28     
   5.9948        1.0000e+18    1.2915e+17    2.80975002e-28     
   5.9948        1.0000e+18    2.1544e+17    2.80975002e-28     
   5.9948        1.0000e+18    3.5938e+17    2.80975002e-28     
   5.9948        1.0000e+18    5.9948e+17    2.80975002e-28     
   5.9948        1.0000e+18    1.0000e+18    2.80975002e-28     
   5.9948        1.6681e+18    1.0000e+16    2.94924903e-28     
   5.9948        1.6681e+18    1.6681e+16    2.94924903e-28     
   5.9948        1.6681e+18    2.7826e+16    2.94924903e-28     
   5.9948        1.6681e+18    4.6416e+16    2.94924903e-28     
   5.9948        1.6681e+18    7.7426e+16    2.94924903e-28     
   5.9948        1.6681e+18    1.2915e+17    2.94924903e-28     
   5.9948        1.6681e+18    2.1544e+17    2.94924903e-28     
   5.9948        1.6681e+18    3.5938e+17    2.94924903e-28     
   5.9948        1.6681e+18    5.9948e+17    2.94924903e-28     
   5.9948        1.6681e+18    1.0000e+18    2.94924903e-28     
   5.9948        2.7826e+18    1.0000e+16    3.09236459e-28     
   5.9948        2.7826e+18    1.6681e+16    3.09236459e-28     
   5.9948        2.7826e+18    2.7826e+16    3.09236459e-28     
   5.9948        2.7826e+18    4.6416e+16    3.09236459e-28     
   5.9948        2.7826e+18    7.7426e+16    3.09236459e-28     
   5.9948        2.7826e+18    1.2915e+17    3.09236459e-28     
   5.9948        2.7826e+18    2.1544e+17    3.09236459e-28     
   5.9948        2.7826e+18    3.5938e+17    3.09236459e-28     
   5.9948        2.7826e+18    5.9948e+17    3.09236459e-28     
   5.9948        2.7826e+18    1.0000e+18    3.09236459e-28     
   5.9948        4.6416e+18    1.0000e+16    3.22472492e-28     
   5.9948        4.6416e+18    1.6681e+16    3.22472492e-28     
   5.9948        4.6416e+18    2.7826e+16    3.22472492e-28     
   5.9948        4.6416e+18    4.6416e+16    3.22472492e-28     
   5.9948        4.6416e+18    7.7426e+16    3.22472492e-28     
   5.9948        4.6416e+18    1.2915e+17    3.22472492e-28     
   5.9948        4.6416e+18    2.1544e+17    3.22472492e-28     
   5.9948        4.6416e+18    3.5938e+17    3.22472492e-28     
   5.9948        4.6416e+18    5.9948e+17    3.22472492e-28     
   5.9948        4.6416e+18    1.0000e+18    3.22472492e-28     
   5.9948        7.7426e+18    1.0000e+16    3.33747040e-28     
   5.9948        7.7426e+18    1.6681e+16    3.33747040e-28     
   5.9948        7.7426e+18    2.7826e+16    3.33747040e-28     
   5.9948        7.7426e+18    4.6416e+16    3.33747040e-28     
   5.9948        7.7426e+18    7.7426e+16    3.33747040e-28     
   5.9948        7.7426e+18    1.2915e+17    3.33747040e-28     
   5.9948        7.7426e+18    2.1544e+17    3.33747040e-28     
   5.9948        7.7426e+18    3.5938e+17    3.33747040e-28     
   5.9948        7.7426e+18    5.9948e+17    3.33747040e-28     
   5.9948        7.7426e+18    1.0000e+18    3.33747040e-28     
   5.9948        1.2915e+19    1.0000e+16    3.42862520e-28     
   5.9948        1.2915e+19    1.6681e+16    3.42862520e-28     
   5.9948        1.2915e+19    2.7826e+16    3.42862520e-28     
   5.9948        1.2915e+19    4.6416e+16    3.42862520e-28     
   5.9948        1.2915e+19    7.7426e+16    3.42862520e-28     
   5.9948        1.2915e+19    1.2915e+17    3.42862520e-28     
   5.9948        1.2915e+19    2.1544e+17    3.42862520e-28     
   5.9948        1.2915e+19    3.5938e+17    3.42862520e-28     
   5.9948        1.2915e+19    5.9948e+17    3.42862520e-28     
   5.9948        1.2915e+19    1.0000e+18    3.42862520e-28     
   5.9948        2.1544e+19    1.0000e+16    3.50009957e-28     
   5.9948        2.1544e+19    1.6681e+16    3.50009957e-28     
   5.9948        2.1544e+19    2.7826e+16    3.50009957e-28     
   5.9948        2.1544e+19    4.6416e+16    3.50009957e-28     
   5.9948        2.1544e+19    7.7426e+16    3.50009957e-28     
   5.9948        2.1544e+19    1.2915e+17    3.50009957e-28     
   5.9948        2.1544e+19    2.1544e+17    3.50009957e-28     
   5.9948        2.1544e+19    3.5938e+17    3.50009957e-28     
   5.9948        2.1544e+19    5.9948e+17    3.50009957e-28     
   5.9948        2.1544e+19    1.0000e+18    3.50009957e-28     
   5.9948        3.5938e+19    1.0000e+16    3.55461945e-28     
   5.9948        3.5938e+19    1.6681e+16    3.55461945e-28     
   5.9948        3.5938e+19    2.7826e+16    3.55461945e-28     
   5.9948        3.5938e+19    4.6416e+16    3.55461945e-28     
   5.9948        3.5938e+19    7.7426e+16    3.55461945e-28     
   5.9948        3.5938e+19    1.2915e+17    3.55461945e-28     
   5.9948        3.5938e+19    2.1544e+17    3.55461945e-28     
   5.9948        3.5938e+19    3.5938e+17    3.55461945e-28     
   5.9948        3.5938e+19    5.9948e+17    3.55461945e-28     
   5.9948        3.5938e+19    1.0000e+18    3.55461945e-28     
   5.9948        5.9948e+19    1.0000e+16    3.59479311e-28     
   5.9948        5.9948e+19    1.6681e+16    3.59479311e-28     
   5.9948        5.9948e+19    2.7826e+16    3.59479311e-28     
   5.9948        5.9948e+19    4.6416e+16    3.59479311e-28     
   5.9948        5.9948e+19    7.7426e+16    3.59479311e-28     
   5.9948        5.9948e+19    1.2915e+17    3.59479311e-28     
   5.9948        5.9948e+19    2.1544e+17    3.59479311e-28     
   5.9948        5.9948e+19    3.5938e+17    3.59479311e-28     
   5.9948        5.9948e+19    5.9948e+17    3.59479311e-28     
   5.9948        5.9948e+19    1.0000e+18    3.59479311e-28     
   5.9948        1.0000e+20    1.0000e+16    3.62336067e-28     
   5.9948        1.0000e+20    1.6681e+16    3.62336067e-28     
   5.9948        1.0000e+20    2.7826e+16    3.62336067e-28     
   5.9948        1.0000e+20    4.6416e+16    3.62336067e-28     
   5.9948        1.0000e+20    7.7426e+16    3.62336067e-28     
   5.9948        1.0000e+20    1.2915e+17    3.62336067e-28     
   5.9948        1.0000e+20    2.1544e+17    3.62336067e-28     
   5.9948        1.0000e+20    3.5938e+17    3.62336067e-28     
   5.9948        1.0000e+20    5.9948e+17    3.62336067e-28     
   5.9948        1.0000e+20    1.0000e+18    3.62336067e-28     
   7.7426        1.0000e+18    1.0000e+16    1.97069294e-28     
   7.7426        1.0000e+18    1.6681e+16    1.97069294e-28     
   7.7426        1.0000e+18    2.7826e+16    1.97069294e-28     
   7.7426        1.0000e+18    4.6416e+16    1.97069294e-28     
   7.7426        1.0000e+18    7.7426e+16    1.97069294e-28     
   7.7426        1.0000e+18    1.2915e+17    1.97069294e-28     
   7.7426        1.0000e+18    2.1544e+17    1.97069294e-28     
   7.7426        1.0000e+18    3.5938e+17    1.97069294e-28     
   7.7426        1.0000e+18    5.9948e+17    1.97069294e-28     
   7.7426        1.0000e+18    1.0000e+18    1.97069294e-28     
   7.7426        1.6681e+18    1.0000e+16    2.03972845e-28     
   7.7426        1.6681e+18    1.6681e+16    2.03972845e-28     
   7.7426        1.6681e+18    2.7826e+16    2.03972845e-28     
   7.7426        1.6681e+18    4.6416e+16    2.03972845e-28     
   7.7426        1.6681e+18    7.7426e+16    2.03972845e-28     
   7.7426        1.6681e+18    1.2915e+17    2.03972845e-28     
   7.7426        1.6681e+18    2.1544e+17    2.03972845e-28     
   7.7426        1.6681e+18    3.5938e+17    2.03972845e-28     
   7.7426        1.6681e+18    5.9948e+17    2.03972845e-28     
   7.7426        1.6681e+18    1.0000e+18    2.03972845e-28     
   7.7426        2.7826e+18    1.0000e+16    2.11022647e-28     
   7.7426        2.7826e+18    1.6681e+16    2.11022647e-28     
   7.7426        2.7826e+18    2.7826e+16    2.11022647e-28     
   7.7426        2.7826e+18    4.6416e+16    2.11022647e-28     
   7.7426        2.7826e+18    7.7426e+16    2.11022647e-28     
   7.7426        2.7826e+18    1.2915e+17    2.11022647e-28     
   7.7426        2.7826e+18    2.1544e+17    2.11022647e-28     
   7.7426        2.7826e+18    3.5938e+17    2.11022647e-28     
   7.7426        2.7826e+18    5.9948e+17    2.11022647e-28     
   7.7426        2.7826e+18    1.0000e+18    2.11022647e-28     
   7.7426        4.6416e+18    1.0000e+16    2.17518429e-28     
   7.7426        4.6416e+18    1.6681e+16    2.17518429e-28     
   7.7426        4.6416e+18    2.7826e+16    2.17518429e-28     
   7.7426        4.6416e+18    4.6416e+16    2.17518429e-28     
   7.7426        4.6416e+18    7.7426e+16    2.17518429e-28     
   7.7426        4.6416e+18    1.2915e+17    2.17518429e-28     
   7.7426        4.6416e+18    2.1544e+17    2.17518429e-28     
   7.7426        4.6416e+18    3.5938e+17    2.17518429e-28     
   7.7426        4.6416e+18    5.9948e+17    2.17518429e-28     
   7.7426        4.6416e+18    1.0000e+18    2.17518429e-28     
   7.7426        7.7426e+18    1.0000e+16    2.23037483e-28     
   7.7426        7.7426e+18    1.6681e+16    2.23037483e-28     
   7.7426        7.7426e+18    2.7826e+16    2.23037483e-28     
   7.7426        7.7426e+18    4.6416e+16    2.23037483e-28     
   7.7426        7.7426e+18    7.7426e+16    2.23037483e-28     
   7.7426        7.7426e+18    1.2915e+17    2.23037483e-28     
   7.7426        7.7426e+18    2.1544e+17    2.23037483e-28     
   7.7426        7.7426e+18    3.5938e+17    2.23037483e-28     
   7.7426        7.7426e+18    5.9948e+17    2.23037483e-28     
   7.7426        7.7426e+18    1.0000e+18    2.23037483e-28     
   7.7426        1.2915e+19    1.0000e+16    2.27491178e-28     
   7.7426        1.2915e+19    1.6681e+16    2.27491178e-28     
   7.7426        1.2915e+19    2.7826e+16    2.27491178e-28     
   7.7426        1.2915e+19    4.6416e+16    2.27491178e-28     
   7.7426        1.2915e+19    7.7426e+16    2.27491178e-28     
   7.7426        1.2915e+19    1.2915e+17    2.27491178e-28     
   7.7426        1.2915e+19    2.1544e+17    2.27491178e-28     
   7.7426        1.2915e+19    3.5938e+17    2.27491178e-28     
   7.7426        1.2915e+19    5.9948e+17    2.27491178e-28     
   7.7426        1.2915e+19    1.0000e+18    2.27491178e-28     
   7.7426        2.1544e+19    1.0000e+16    2.30974993e-28     
   7.7426        2.1544e+19    1.6681e+16    2.30974993e-28     
   7.7426        2.1544e+19    2.7826e+16    2.30974993e-28     
   7.7426        2.1544e+19    4.6416e+16    2.30974993e-28     
   7.7426        2.1544e+19    7.7426e+16    2.30974993e-28     
   7.7426        2.1544e+19    1.2915e+17    2.30974993e-28     
   7.7426        2.1544e+19    2.1544e+17    2.30974993e-28     
   7.7426        2.1544e+19    3.5938e+17    2.30974993e-28     
   7.7426        2.1544e+19    5.9948e+17    2.30974993e-28     
   7.7426        2.1544e+19    1.0000e+18    2.30974993e-28     
   7.7426        3.5938e+19    1.0000e+16    2.33623188e-28     
   7.7426        3.5938e+19    1.6681e+16    2.33623188e-28     
   7.7426        3.5938e+19    2.7826e+16    2.33623188e-28     
   7.7426        3.5938e+19    4.6416e+16    2.33623188e-28     
   7.7426        3.5938e+19    7.7426e+16    2.33623188e-28     
   7.7426        3.5938e+19    1.2915e+17    2.33623188e-28     
   7.7426        3.5938e+19    2.1544e+17    2.33623188e-28     
   7.7426        3.5938e+19    3.5938e+17    2.33623188e-28     
   7.7426        3.5938e+19    5.9948e+17    2.33623188e-28     
   7.7426        3.5938e+19    1.0000e+18    2.33623188e-28     
   7.7426        5.9948e+19    1.0000e+16    2.35567183e-28     
   7.7426        5.9948e+19    1.6681e+16    2.35567183e-28     
   7.7426        5.9948e+19    2.7826e+16    2.35567183e-28     
   7.7426        5.9948e+19    4.6416e+16    2.35567183e-28     
   7.7426        5.9948e+19    7.7426e+16    2.35567183e-28     
   7.7426        5.9948e+19    1.2915e+17    2.35567183e-28     
   7.7426        5.9948e+19    2.1544e+17    2.35567183e-28     
   7.7426        5.9948e+19    3.5938e+17    2.35567183e-28     
   7.7426        5.9948e+19    5.9948e+17    2.35567183e-28     
   7.7426        5.9948e+19    1.0000e+18    2.35567183e-28     
   7.7426        1.0000e+20    1.0000e+16    2.36946199e-28     
   7.7426        1.0000e+20    1.6681e+16    2.36946199e-28     
   7.7426        1.0000e+20    2.7826e+16    2.36946199e-28     
   7.7426        1.0000e+20    4.6416e+16    2.36946199e-28     
   7.7426        1.0000e+20    7.7426e+16    2.36946199e-28     
   7.7426        1.0000e+20    1.2915e+17    2.36946199e-28     
   7.7426        1.0000e+20    2.1544e+17    2.36946199e-28     
   7.7426        1.0000e+20    3.5938e+17    2.36946199e-28     
   7.7426        1.0000e+20    5.9948e+17    2.36946199e-28     
   7.7426        1.0000e+20    1.0000e+18    2.36946199e-28     
   10.0000       1.0000e+18    1.0000e+16    1.36509949e-28     
   10.0000       1.0000e+18    1.6681e+16    1.36509949e-28     
   10.0000       1.0000e+18    2.7826e+16    1.36509949e-28     
   10.0000       1.0000e+18    4.6416e+16    1.36509949e-28     
   10.0000       1.0000e+18    7.7426e+16    1.36509949e-28     
   10.0000       1.0000e+18    1.2915e+17    1.36509949e-28     
   10.0000       1.0000e+18    2.1544e+17    1.36509949e-28     
   10.0000       1.0000e+18    3.5938e+17    1.36509949e-28     
   10.0000       1.0000e+18    5.9948e+17    1.36509949e-28     
   10.0000       1.0000e+18    1.0000e+18    1.36509949e-28     
   10.0000       1.6681e+18    1.0000e+16    1.39569727e-28     
   10.0000       1.6681e+18    1.6681e+16    1.39569727e-28     
   10.0000       1.6681e+18    2.7826e+16    1.39569727e-28     
   10.0000       1.6681e+18    4.6416e+16    1.39569727e-28     
   10.0000       1.6681e+18    7.7426e+16    1.39569727e-28     
   10.0000       1.6681e+18    1.2915e+17    1.39569727e-28     
   10.0000       1.6681e+18    2.1544e+17    1.39569727e-28     
   10.0000       1.6681e+18    3.5938e+17    1.39569727e-28     
   10.0000       1.6681e+18    5.9948e+17    1.39569727e-28     
   10.0000       1.6681e+18    1.0000e+18    1.39569727e-28     
   10.0000       2.7826e+18    1.0000e+16    1.42686744e-28     
   10.0000       2.7826e+18    1.6681e+16    1.42686744e-28     
   10.0000       2.7826e+18    2.7826e+16    1.42686744e-28     
   10.0000       2.7826e+18    4.6416e+16    1.42686744e-28     
   10.0000       2.7826e+18    7.7426e+16    1.42686744e-28     
   10.0000       2.7826e+18    1.2915e+17    1.42686744e-28     
   10.0000       2.7826e+18    2.1544e+17    1.42686744e-28     
   10.0000       2.7826e+18    3.5938e+17    1.42686744e-28     
   10.0000       2.7826e+18    5.9948e+17    1.42686744e-28     
   10.0000       2.7826e+18    1.0000e+18    1.42686744e-28     
   10.0000       4.6416e+18    1.0000e+16    1.45552385e-28     
   10.0000       4.6416e+18    1.6681e+16    1.45552385e-28     
   10.0000       4.6416e+18    2.7826e+16    1.45552385e-28     
   10.0000       4.6416e+18    4.6416e+16    1.45552385e-28     
   10.0000       4.6416e+18    7.7426e+16    1.45552385e-28     
   10.0000       4.6416e+18    1.2915e+17    1.45552385e-28     
   10.0000       4.6416e+18    2.1544e+17    1.45552385e-28     
   10.0000       4.6416e+18    3.5938e+17    1.45552385e-28     
   10.0000       4.6416e+18    5.9948e+17    1.45552385e-28     
   10.0000       4.6416e+18    1.0000e+18    1.45552385e-28     
   10.0000       7.7426e+18    1.0000e+16    1.47980410e-28     
   10.0000       7.7426e+18    1.6681e+16    1.47980410e-28     
   10.0000       7.7426e+18    2.7826e+16    1.47980410e-28     
   10.0000       7.7426e+18    4.6416e+16    1.47980410e-28     
   10.0000       7.7426e+18    7.7426e+16    1.47980410e-28     
   10.0000       7.7426e+18    1.2915e+17    1.47980410e-28     
   10.0000       7.7426e+18    2.1544e+17    1.47980410e-28     
   10.0000       7.7426e+18    3.5938e+17    1.47980410e-28     
   10.0000       7.7426e+18    5.9948e+17    1.47980410e-28     
   10.0000       7.7426e+18    1.0000e+18    1.47980410e-28     
   10.0000       1.2915e+19    1.0000e+16    1.49932126e-28     
   10.0000       1.2915e+19    1.6681e+16    1.49932126e-28     
   10.0000       1.2915e+19    2.7826e+16    1.49932126e-28     
   10.0000       1.2915e+19    4.6416e+16    1.49932126e-28     
   10.0000       1.2915e+19    7.7426e+16    1.49932126e-28     
   10.0000       1.2915e+19    1.2915e+17    1.49932126e-28     
   10.0000       1.2915e+19    2.1544e+17    1.49932126e-28     
   10.0000       1.2915e+19    3.5938e+17    1.49932126e-28     
   10.0000       1.2915e+19    5.9948e+17    1.49932126e-28     
   10.0000       1.2915e+19    1.0000e+18    1.49932126e-28     
   10.0000       2.1544e+19    1.0000e+16    1.51451001e-28     
   10.0000       2.1544e+19    1.6681e+16    1.51451001e-28     
   10.0000       2.1544e+19    2.7826e+16    1.51451001e-28     
   10.0000       2.1544e+19    4.6416e+16    1.51451001e-28     
   10.0000       2.1544e+19    7.7426e+16    1.51451001e-28     
   10.0000       2.1544e+19    1.2915e+17    1.51451001e-28     
   10.0000       2.1544e+19    2.1544e+17    1.51451001e-28     
   10.0000       2.1544e+19    3.5938e+17    1.51451001e-28     
   10.0000       2.1544e+19    5.9948e+17    1.51451001e-28     
   10.0000       2.1544e+19    1.0000e+18    1.51451001e-28     
   10.0000       3.5938e+19    1.0000e+16    1.52599063e-28     
   10.0000       3.5938e+19    1.6681e+16    1.52599063e-28     
   10.0000       3.5938e+19    2.7826e+16    1.52599063e-28     
   10.0000       3.5938e+19    4.6416e+16    1.52599063e-28     
   10.0000       3.5938e+19    7.7426e+16    1.52599063e-28     
   10.0000       3.5938e+19    1.2915e+17    1.52599063e-28     
   10.0000       3.5938e+19    2.1544e+17    1.52599063e-28     
   10.0000       3.5938e+19    3.5938e+17    1.52599063e-28     
   10.0000       3.5938e+19    5.9948e+17    1.52599063e-28     
   10.0000       3.5938e+19    1.0000e+18    1.52599063e-28     
   10.0000       5.9948e+19    1.0000e+16    1.53437735e-28     
   10.0000       5.9948e+19    1.6681e+16    1.53437735e-28     
   10.0000       5.9948e+19    2.7826e+16    1.53437735e-28     
   10.0000       5.9948e+19    4.6416e+16    1.53437735e-28     
   10.0000       5.9948e+19    7.7426e+16    1.53437735e-28     
   10.0000       5.9948e+19    1.2915e+17    1.53437735e-28     
   10.0000       5.9948e+19    2.1544e+17    1.53437735e-28     
   10.0000       5.9948e+19    3.5938e+17    1.53437735e-28     
   10.0000       5.9948e+19    5.9948e+17    1.53437735e-28     
   10.0000       5.9948e+19    1.0000e+18    1.53437735e-28     
   10.0000       1.0000e+20    1.0000e+16    1.54030944e-28     
   10.0000       1.0000e+20    1.6681e+16    1.54030944e-28     
   10.0000       1.0000e+20    2.7826e+16    1.54030944e-28     
   10.0000       1.0000e+20    4.6416e+16    1.54030944e-28     
   10.0000       1.0000e+20    7.7426e+16    1.54030944e-28     
   10.0000       1.0000e+20    1.2915e+17    1.54030944e-28     
   10.0000       1.0000e+20    2.1544e+17    1.54030944e-28     
   10.0000       1.0000e+20    3.5938e+17    1.54030944e-28     
   10.0000       1.0000e+20    5.9948e+17    1.54030944e-28     
   10.0000       1.0000e+20    1.0000e+18    1.54030944e-28     
