#
# Output file generated by Yacora 1.5.0
# =====================================
#   Filename: 'YacoraRun_PopCoeff_n=6.dat'
#   Date of creation: 11. May 2022
#   Time of creation: 08:50:25
#   Used input file: 'H_20_11_2019.txt'
#   Performed calculation: Population Coefficient for state 'H(6)' coupled to the particle 'H+'
#
#   Please cite D. Wünderlich, M. Giacomin, R. Ritz and U. Fantz, J. Quant. Spectrosc. Radiat. Transfer 240, 2020, 106695, if you use Yacora results.
#
# Description of the used Parameters:
# ===================================
#
#   Temperatures and Densities: 
#              T_e: 10 calculated values between 1.0000 and 10.0000
#              T_i1: Fixed value 8000.0000
#              T_n1: Fixed value 8000.0000
#              n_e: 10 calculated values between 1.0000e+18 and 1.0000e+20
#              n_i1: 10 calculated values between 1.0000e+16 and 1.0000e+18

#   Electron energy distribution function: 
#              Maxwellian
#
# Calculated Data:
# ================
#  T_e           n_e           n_i1          POP_COEFF      
   1.0000        1.0000e+18    1.0000e+16    1.70826178e-26     
   1.0000        1.0000e+18    1.6681e+16    1.70826178e-26     
   1.0000        1.0000e+18    2.7826e+16    1.70826178e-26     
   1.0000        1.0000e+18    4.6416e+16    1.70826178e-26     
   1.0000        1.0000e+18    7.7426e+16    1.70826178e-26     
   1.0000        1.0000e+18    1.2915e+17    1.70826178e-26     
   1.0000        1.0000e+18    2.1544e+17    1.70826178e-26     
   1.0000        1.0000e+18    3.5938e+17    1.70826178e-26     
   1.0000        1.0000e+18    5.9948e+17    1.70826178e-26     
   1.0000        1.0000e+18    1.0000e+18    1.70826178e-26     
   1.0000        1.6681e+18    1.0000e+16    1.79748992e-26     
   1.0000        1.6681e+18    1.6681e+16    1.79748992e-26     
   1.0000        1.6681e+18    2.7826e+16    1.79748992e-26     
   1.0000        1.6681e+18    4.6416e+16    1.79748992e-26     
   1.0000        1.6681e+18    7.7426e+16    1.79748992e-26     
   1.0000        1.6681e+18    1.2915e+17    1.79748992e-26     
   1.0000        1.6681e+18    2.1544e+17    1.79748992e-26     
   1.0000        1.6681e+18    3.5938e+17    1.79748992e-26     
   1.0000        1.6681e+18    5.9948e+17    1.79748992e-26     
   1.0000        1.6681e+18    1.0000e+18    1.79748992e-26     
   1.0000        2.7826e+18    1.0000e+16    1.86632997e-26     
   1.0000        2.7826e+18    1.6681e+16    1.86632997e-26     
   1.0000        2.7826e+18    2.7826e+16    1.86632997e-26     
   1.0000        2.7826e+18    4.6416e+16    1.86632997e-26     
   1.0000        2.7826e+18    7.7426e+16    1.86632997e-26     
   1.0000        2.7826e+18    1.2915e+17    1.86632997e-26     
   1.0000        2.7826e+18    2.1544e+17    1.86632997e-26     
   1.0000        2.7826e+18    3.5938e+17    1.86632997e-26     
   1.0000        2.7826e+18    5.9948e+17    1.86632997e-26     
   1.0000        2.7826e+18    1.0000e+18    1.86632997e-26     
   1.0000        4.6416e+18    1.0000e+16    1.91849127e-26     
   1.0000        4.6416e+18    1.6681e+16    1.91849127e-26     
   1.0000        4.6416e+18    2.7826e+16    1.91849127e-26     
   1.0000        4.6416e+18    4.6416e+16    1.91849127e-26     
   1.0000        4.6416e+18    7.7426e+16    1.91849127e-26     
   1.0000        4.6416e+18    1.2915e+17    1.91849127e-26     
   1.0000        4.6416e+18    2.1544e+17    1.91849127e-26     
   1.0000        4.6416e+18    3.5938e+17    1.91849127e-26     
   1.0000        4.6416e+18    5.9948e+17    1.91849127e-26     
   1.0000        4.6416e+18    1.0000e+18    1.91849127e-26     
   1.0000        7.7426e+18    1.0000e+16    1.95736202e-26     
   1.0000        7.7426e+18    1.6681e+16    1.95736202e-26     
   1.0000        7.7426e+18    2.7826e+16    1.95736202e-26     
   1.0000        7.7426e+18    4.6416e+16    1.95736202e-26     
   1.0000        7.7426e+18    7.7426e+16    1.95736202e-26     
   1.0000        7.7426e+18    1.2915e+17    1.95736202e-26     
   1.0000        7.7426e+18    2.1544e+17    1.95736202e-26     
   1.0000        7.7426e+18    3.5938e+17    1.95736202e-26     
   1.0000        7.7426e+18    5.9948e+17    1.95736202e-26     
   1.0000        7.7426e+18    1.0000e+18    1.95736202e-26     
   1.0000        1.2915e+19    1.0000e+16    1.98580766e-26     
   1.0000        1.2915e+19    1.6681e+16    1.98580766e-26     
   1.0000        1.2915e+19    2.7826e+16    1.98580766e-26     
   1.0000        1.2915e+19    4.6416e+16    1.98580766e-26     
   1.0000        1.2915e+19    7.7426e+16    1.98580766e-26     
   1.0000        1.2915e+19    1.2915e+17    1.98580766e-26     
   1.0000        1.2915e+19    2.1544e+17    1.98580766e-26     
   1.0000        1.2915e+19    3.5938e+17    1.98580766e-26     
   1.0000        1.2915e+19    5.9948e+17    1.98580766e-26     
   1.0000        1.2915e+19    1.0000e+18    1.98580766e-26     
   1.0000        2.1544e+19    1.0000e+16    2.00638107e-26     
   1.0000        2.1544e+19    1.6681e+16    2.00638107e-26     
   1.0000        2.1544e+19    2.7826e+16    2.00638107e-26     
   1.0000        2.1544e+19    4.6416e+16    2.00638107e-26     
   1.0000        2.1544e+19    7.7426e+16    2.00638107e-26     
   1.0000        2.1544e+19    1.2915e+17    2.00638107e-26     
   1.0000        2.1544e+19    2.1544e+17    2.00638107e-26     
   1.0000        2.1544e+19    3.5938e+17    2.00638107e-26     
   1.0000        2.1544e+19    5.9948e+17    2.00638107e-26     
   1.0000        2.1544e+19    1.0000e+18    2.00638107e-26     
   1.0000        3.5938e+19    1.0000e+16    2.02129991e-26     
   1.0000        3.5938e+19    1.6681e+16    2.02129991e-26     
   1.0000        3.5938e+19    2.7826e+16    2.02129991e-26     
   1.0000        3.5938e+19    4.6416e+16    2.02129991e-26     
   1.0000        3.5938e+19    7.7426e+16    2.02129991e-26     
   1.0000        3.5938e+19    1.2915e+17    2.02129991e-26     
   1.0000        3.5938e+19    2.1544e+17    2.02129991e-26     
   1.0000        3.5938e+19    3.5938e+17    2.02129991e-26     
   1.0000        3.5938e+19    5.9948e+17    2.02129991e-26     
   1.0000        3.5938e+19    1.0000e+18    2.02129991e-26     
   1.0000        5.9948e+19    1.0000e+16    2.03224231e-26     
   1.0000        5.9948e+19    1.6681e+16    2.03224231e-26     
   1.0000        5.9948e+19    2.7826e+16    2.03224231e-26     
   1.0000        5.9948e+19    4.6416e+16    2.03224231e-26     
   1.0000        5.9948e+19    7.7426e+16    2.03224231e-26     
   1.0000        5.9948e+19    1.2915e+17    2.03224231e-26     
   1.0000        5.9948e+19    2.1544e+17    2.03224231e-26     
   1.0000        5.9948e+19    3.5938e+17    2.03224231e-26     
   1.0000        5.9948e+19    5.9948e+17    2.03224231e-26     
   1.0000        5.9948e+19    1.0000e+18    2.03224231e-26     
   1.0000        1.0000e+20    1.0000e+16    2.04029188e-26     
   1.0000        1.0000e+20    1.6681e+16    2.04029188e-26     
   1.0000        1.0000e+20    2.7826e+16    2.04029188e-26     
   1.0000        1.0000e+20    4.6416e+16    2.04029188e-26     
   1.0000        1.0000e+20    7.7426e+16    2.04029188e-26     
   1.0000        1.0000e+20    1.2915e+17    2.04029188e-26     
   1.0000        1.0000e+20    2.1544e+17    2.04029188e-26     
   1.0000        1.0000e+20    3.5938e+17    2.04029188e-26     
   1.0000        1.0000e+20    5.9948e+17    2.04029188e-26     
   1.0000        1.0000e+20    1.0000e+18    2.04029188e-26     
   1.2915        1.0000e+18    1.0000e+16    1.04304285e-26     
   1.2915        1.0000e+18    1.6681e+16    1.04304285e-26     
   1.2915        1.0000e+18    2.7826e+16    1.04304285e-26     
   1.2915        1.0000e+18    4.6416e+16    1.04304285e-26     
   1.2915        1.0000e+18    7.7426e+16    1.04304285e-26     
   1.2915        1.0000e+18    1.2915e+17    1.04304285e-26     
   1.2915        1.0000e+18    2.1544e+17    1.04304285e-26     
   1.2915        1.0000e+18    3.5938e+17    1.04304285e-26     
   1.2915        1.0000e+18    5.9948e+17    1.04304285e-26     
   1.2915        1.0000e+18    1.0000e+18    1.04304285e-26     
   1.2915        1.6681e+18    1.0000e+16    1.08873356e-26     
   1.2915        1.6681e+18    1.6681e+16    1.08873356e-26     
   1.2915        1.6681e+18    2.7826e+16    1.08873356e-26     
   1.2915        1.6681e+18    4.6416e+16    1.08873356e-26     
   1.2915        1.6681e+18    7.7426e+16    1.08873356e-26     
   1.2915        1.6681e+18    1.2915e+17    1.08873356e-26     
   1.2915        1.6681e+18    2.1544e+17    1.08873356e-26     
   1.2915        1.6681e+18    3.5938e+17    1.08873356e-26     
   1.2915        1.6681e+18    5.9948e+17    1.08873356e-26     
   1.2915        1.6681e+18    1.0000e+18    1.08873356e-26     
   1.2915        2.7826e+18    1.0000e+16    1.12365328e-26     
   1.2915        2.7826e+18    1.6681e+16    1.12365328e-26     
   1.2915        2.7826e+18    2.7826e+16    1.12365328e-26     
   1.2915        2.7826e+18    4.6416e+16    1.12365328e-26     
   1.2915        2.7826e+18    7.7426e+16    1.12365328e-26     
   1.2915        2.7826e+18    1.2915e+17    1.12365328e-26     
   1.2915        2.7826e+18    2.1544e+17    1.12365328e-26     
   1.2915        2.7826e+18    3.5938e+17    1.12365328e-26     
   1.2915        2.7826e+18    5.9948e+17    1.12365328e-26     
   1.2915        2.7826e+18    1.0000e+18    1.12365328e-26     
   1.2915        4.6416e+18    1.0000e+16    1.14985790e-26     
   1.2915        4.6416e+18    1.6681e+16    1.14985790e-26     
   1.2915        4.6416e+18    2.7826e+16    1.14985790e-26     
   1.2915        4.6416e+18    4.6416e+16    1.14985790e-26     
   1.2915        4.6416e+18    7.7426e+16    1.14985790e-26     
   1.2915        4.6416e+18    1.2915e+17    1.14985790e-26     
   1.2915        4.6416e+18    2.1544e+17    1.14985790e-26     
   1.2915        4.6416e+18    3.5938e+17    1.14985790e-26     
   1.2915        4.6416e+18    5.9948e+17    1.14985790e-26     
   1.2915        4.6416e+18    1.0000e+18    1.14985790e-26     
   1.2915        7.7426e+18    1.0000e+16    1.16916508e-26     
   1.2915        7.7426e+18    1.6681e+16    1.16916508e-26     
   1.2915        7.7426e+18    2.7826e+16    1.16916508e-26     
   1.2915        7.7426e+18    4.6416e+16    1.16916508e-26     
   1.2915        7.7426e+18    7.7426e+16    1.16916508e-26     
   1.2915        7.7426e+18    1.2915e+17    1.16916508e-26     
   1.2915        7.7426e+18    2.1544e+17    1.16916508e-26     
   1.2915        7.7426e+18    3.5938e+17    1.16916508e-26     
   1.2915        7.7426e+18    5.9948e+17    1.16916508e-26     
   1.2915        7.7426e+18    1.0000e+18    1.16916508e-26     
   1.2915        1.2915e+19    1.0000e+16    1.18314272e-26     
   1.2915        1.2915e+19    1.6681e+16    1.18314272e-26     
   1.2915        1.2915e+19    2.7826e+16    1.18314272e-26     
   1.2915        1.2915e+19    4.6416e+16    1.18314272e-26     
   1.2915        1.2915e+19    7.7426e+16    1.18314272e-26     
   1.2915        1.2915e+19    1.2915e+17    1.18314272e-26     
   1.2915        1.2915e+19    2.1544e+17    1.18314272e-26     
   1.2915        1.2915e+19    3.5938e+17    1.18314272e-26     
   1.2915        1.2915e+19    5.9948e+17    1.18314272e-26     
   1.2915        1.2915e+19    1.0000e+18    1.18314272e-26     
   1.2915        2.1544e+19    1.0000e+16    1.19317996e-26     
   1.2915        2.1544e+19    1.6681e+16    1.19317996e-26     
   1.2915        2.1544e+19    2.7826e+16    1.19317996e-26     
   1.2915        2.1544e+19    4.6416e+16    1.19317996e-26     
   1.2915        2.1544e+19    7.7426e+16    1.19317996e-26     
   1.2915        2.1544e+19    1.2915e+17    1.19317996e-26     
   1.2915        2.1544e+19    2.1544e+17    1.19317996e-26     
   1.2915        2.1544e+19    3.5938e+17    1.19317996e-26     
   1.2915        2.1544e+19    5.9948e+17    1.19317996e-26     
   1.2915        2.1544e+19    1.0000e+18    1.19317996e-26     
   1.2915        3.5938e+19    1.0000e+16    1.20042172e-26     
   1.2915        3.5938e+19    1.6681e+16    1.20042172e-26     
   1.2915        3.5938e+19    2.7826e+16    1.20042172e-26     
   1.2915        3.5938e+19    4.6416e+16    1.20042172e-26     
   1.2915        3.5938e+19    7.7426e+16    1.20042172e-26     
   1.2915        3.5938e+19    1.2915e+17    1.20042172e-26     
   1.2915        3.5938e+19    2.1544e+17    1.20042172e-26     
   1.2915        3.5938e+19    3.5938e+17    1.20042172e-26     
   1.2915        3.5938e+19    5.9948e+17    1.20042172e-26     
   1.2915        3.5938e+19    1.0000e+18    1.20042172e-26     
   1.2915        5.9948e+19    1.0000e+16    1.20568388e-26     
   1.2915        5.9948e+19    1.6681e+16    1.20568388e-26     
   1.2915        5.9948e+19    2.7826e+16    1.20568388e-26     
   1.2915        5.9948e+19    4.6416e+16    1.20568388e-26     
   1.2915        5.9948e+19    7.7426e+16    1.20568388e-26     
   1.2915        5.9948e+19    1.2915e+17    1.20568388e-26     
   1.2915        5.9948e+19    2.1544e+17    1.20568388e-26     
   1.2915        5.9948e+19    3.5938e+17    1.20568388e-26     
   1.2915        5.9948e+19    5.9948e+17    1.20568388e-26     
   1.2915        5.9948e+19    1.0000e+18    1.20568388e-26     
   1.2915        1.0000e+20    1.0000e+16    1.20948655e-26     
   1.2915        1.0000e+20    1.6681e+16    1.20948655e-26     
   1.2915        1.0000e+20    2.7826e+16    1.20948655e-26     
   1.2915        1.0000e+20    4.6416e+16    1.20948655e-26     
   1.2915        1.0000e+20    7.7426e+16    1.20948655e-26     
   1.2915        1.0000e+20    1.2915e+17    1.20948655e-26     
   1.2915        1.0000e+20    2.1544e+17    1.20948655e-26     
   1.2915        1.0000e+20    3.5938e+17    1.20948655e-26     
   1.2915        1.0000e+20    5.9948e+17    1.20948655e-26     
   1.2915        1.0000e+20    1.0000e+18    1.20948655e-26     
   1.6681        1.0000e+18    1.0000e+16    6.39723820e-27     
   1.6681        1.0000e+18    1.6681e+16    6.39723820e-27     
   1.6681        1.0000e+18    2.7826e+16    6.39723820e-27     
   1.6681        1.0000e+18    4.6416e+16    6.39723820e-27     
   1.6681        1.0000e+18    7.7426e+16    6.39723820e-27     
   1.6681        1.0000e+18    1.2915e+17    6.39723820e-27     
   1.6681        1.0000e+18    2.1544e+17    6.39723820e-27     
   1.6681        1.0000e+18    3.5938e+17    6.39723820e-27     
   1.6681        1.0000e+18    5.9948e+17    6.39723820e-27     
   1.6681        1.0000e+18    1.0000e+18    6.39723820e-27     
   1.6681        1.6681e+18    1.0000e+16    6.63176406e-27     
   1.6681        1.6681e+18    1.6681e+16    6.63176406e-27     
   1.6681        1.6681e+18    2.7826e+16    6.63176406e-27     
   1.6681        1.6681e+18    4.6416e+16    6.63176406e-27     
   1.6681        1.6681e+18    7.7426e+16    6.63176406e-27     
   1.6681        1.6681e+18    1.2915e+17    6.63176406e-27     
   1.6681        1.6681e+18    2.1544e+17    6.63176406e-27     
   1.6681        1.6681e+18    3.5938e+17    6.63176406e-27     
   1.6681        1.6681e+18    5.9948e+17    6.63176406e-27     
   1.6681        1.6681e+18    1.0000e+18    6.63176406e-27     
   1.6681        2.7826e+18    1.0000e+16    6.80970197e-27     
   1.6681        2.7826e+18    1.6681e+16    6.80970197e-27     
   1.6681        2.7826e+18    2.7826e+16    6.80970197e-27     
   1.6681        2.7826e+18    4.6416e+16    6.80970197e-27     
   1.6681        2.7826e+18    7.7426e+16    6.80970197e-27     
   1.6681        2.7826e+18    1.2915e+17    6.80970197e-27     
   1.6681        2.7826e+18    2.1544e+17    6.80970197e-27     
   1.6681        2.7826e+18    3.5938e+17    6.80970197e-27     
   1.6681        2.7826e+18    5.9948e+17    6.80970197e-27     
   1.6681        2.7826e+18    1.0000e+18    6.80970197e-27     
   1.6681        4.6416e+18    1.0000e+16    6.94216717e-27     
   1.6681        4.6416e+18    1.6681e+16    6.94216717e-27     
   1.6681        4.6416e+18    2.7826e+16    6.94216717e-27     
   1.6681        4.6416e+18    4.6416e+16    6.94216717e-27     
   1.6681        4.6416e+18    7.7426e+16    6.94216717e-27     
   1.6681        4.6416e+18    1.2915e+17    6.94216717e-27     
   1.6681        4.6416e+18    2.1544e+17    6.94216717e-27     
   1.6681        4.6416e+18    3.5938e+17    6.94216717e-27     
   1.6681        4.6416e+18    5.9948e+17    6.94216717e-27     
   1.6681        4.6416e+18    1.0000e+18    6.94216717e-27     
   1.6681        7.7426e+18    1.0000e+16    7.03888987e-27     
   1.6681        7.7426e+18    1.6681e+16    7.03888987e-27     
   1.6681        7.7426e+18    2.7826e+16    7.03888987e-27     
   1.6681        7.7426e+18    4.6416e+16    7.03888987e-27     
   1.6681        7.7426e+18    7.7426e+16    7.03888987e-27     
   1.6681        7.7426e+18    1.2915e+17    7.03888987e-27     
   1.6681        7.7426e+18    2.1544e+17    7.03888987e-27     
   1.6681        7.7426e+18    3.5938e+17    7.03888987e-27     
   1.6681        7.7426e+18    5.9948e+17    7.03888987e-27     
   1.6681        7.7426e+18    1.0000e+18    7.03888987e-27     
   1.6681        1.2915e+19    1.0000e+16    7.10838388e-27     
   1.6681        1.2915e+19    1.6681e+16    7.10838388e-27     
   1.6681        1.2915e+19    2.7826e+16    7.10838388e-27     
   1.6681        1.2915e+19    4.6416e+16    7.10838388e-27     
   1.6681        1.2915e+19    7.7426e+16    7.10838388e-27     
   1.6681        1.2915e+19    1.2915e+17    7.10838388e-27     
   1.6681        1.2915e+19    2.1544e+17    7.10838388e-27     
   1.6681        1.2915e+19    3.5938e+17    7.10838388e-27     
   1.6681        1.2915e+19    5.9948e+17    7.10838388e-27     
   1.6681        1.2915e+19    1.0000e+18    7.10838388e-27     
   1.6681        2.1544e+19    1.0000e+16    7.15805486e-27     
   1.6681        2.1544e+19    1.6681e+16    7.15805486e-27     
   1.6681        2.1544e+19    2.7826e+16    7.15805486e-27     
   1.6681        2.1544e+19    4.6416e+16    7.15805486e-27     
   1.6681        2.1544e+19    7.7426e+16    7.15805486e-27     
   1.6681        2.1544e+19    1.2915e+17    7.15805486e-27     
   1.6681        2.1544e+19    2.1544e+17    7.15805486e-27     
   1.6681        2.1544e+19    3.5938e+17    7.15805486e-27     
   1.6681        2.1544e+19    5.9948e+17    7.15805486e-27     
   1.6681        2.1544e+19    1.0000e+18    7.15805486e-27     
   1.6681        3.5938e+19    1.0000e+16    7.19372349e-27     
   1.6681        3.5938e+19    1.6681e+16    7.19372349e-27     
   1.6681        3.5938e+19    2.7826e+16    7.19372349e-27     
   1.6681        3.5938e+19    4.6416e+16    7.19372349e-27     
   1.6681        3.5938e+19    7.7426e+16    7.19372349e-27     
   1.6681        3.5938e+19    1.2915e+17    7.19372349e-27     
   1.6681        3.5938e+19    2.1544e+17    7.19372349e-27     
   1.6681        3.5938e+19    3.5938e+17    7.19372349e-27     
   1.6681        3.5938e+19    5.9948e+17    7.19372349e-27     
   1.6681        3.5938e+19    1.0000e+18    7.19372349e-27     
   1.6681        5.9948e+19    1.0000e+16    7.21938303e-27     
   1.6681        5.9948e+19    1.6681e+16    7.21938303e-27     
   1.6681        5.9948e+19    2.7826e+16    7.21938303e-27     
   1.6681        5.9948e+19    4.6416e+16    7.21938303e-27     
   1.6681        5.9948e+19    7.7426e+16    7.21938303e-27     
   1.6681        5.9948e+19    1.2915e+17    7.21938303e-27     
   1.6681        5.9948e+19    2.1544e+17    7.21938303e-27     
   1.6681        5.9948e+19    3.5938e+17    7.21938303e-27     
   1.6681        5.9948e+19    5.9948e+17    7.21938303e-27     
   1.6681        5.9948e+19    1.0000e+18    7.21938303e-27     
   1.6681        1.0000e+20    1.0000e+16    7.23762230e-27     
   1.6681        1.0000e+20    1.6681e+16    7.23762230e-27     
   1.6681        1.0000e+20    2.7826e+16    7.23762230e-27     
   1.6681        1.0000e+20    4.6416e+16    7.23762230e-27     
   1.6681        1.0000e+20    7.7426e+16    7.23762230e-27     
   1.6681        1.0000e+20    1.2915e+17    7.23762230e-27     
   1.6681        1.0000e+20    2.1544e+17    7.23762230e-27     
   1.6681        1.0000e+20    3.5938e+17    7.23762230e-27     
   1.6681        1.0000e+20    5.9948e+17    7.23762230e-27     
   1.6681        1.0000e+20    1.0000e+18    7.23762230e-27     
   2.1544        1.0000e+18    1.0000e+16    4.03471638e-27     
   2.1544        1.0000e+18    1.6681e+16    4.03471638e-27     
   2.1544        1.0000e+18    2.7826e+16    4.03471638e-27     
   2.1544        1.0000e+18    4.6416e+16    4.03471638e-27     
   2.1544        1.0000e+18    7.7426e+16    4.03471638e-27     
   2.1544        1.0000e+18    1.2915e+17    4.03471638e-27     
   2.1544        1.0000e+18    2.1544e+17    4.03471638e-27     
   2.1544        1.0000e+18    3.5938e+17    4.03471638e-27     
   2.1544        1.0000e+18    5.9948e+17    4.03471638e-27     
   2.1544        1.0000e+18    1.0000e+18    4.03471638e-27     
   2.1544        1.6681e+18    1.0000e+16    4.15840559e-27     
   2.1544        1.6681e+18    1.6681e+16    4.15840559e-27     
   2.1544        1.6681e+18    2.7826e+16    4.15840559e-27     
   2.1544        1.6681e+18    4.6416e+16    4.15840559e-27     
   2.1544        1.6681e+18    7.7426e+16    4.15840559e-27     
   2.1544        1.6681e+18    1.2915e+17    4.15840559e-27     
   2.1544        1.6681e+18    2.1544e+17    4.15840559e-27     
   2.1544        1.6681e+18    3.5938e+17    4.15840559e-27     
   2.1544        1.6681e+18    5.9948e+17    4.15840559e-27     
   2.1544        1.6681e+18    1.0000e+18    4.15840559e-27     
   2.1544        2.7826e+18    1.0000e+16    4.25172503e-27     
   2.1544        2.7826e+18    1.6681e+16    4.25172503e-27     
   2.1544        2.7826e+18    2.7826e+16    4.25172503e-27     
   2.1544        2.7826e+18    4.6416e+16    4.25172503e-27     
   2.1544        2.7826e+18    7.7426e+16    4.25172503e-27     
   2.1544        2.7826e+18    1.2915e+17    4.25172503e-27     
   2.1544        2.7826e+18    2.1544e+17    4.25172503e-27     
   2.1544        2.7826e+18    3.5938e+17    4.25172503e-27     
   2.1544        2.7826e+18    5.9948e+17    4.25172503e-27     
   2.1544        2.7826e+18    1.0000e+18    4.25172503e-27     
   2.1544        4.6416e+18    1.0000e+16    4.32075073e-27     
   2.1544        4.6416e+18    1.6681e+16    4.32075073e-27     
   2.1544        4.6416e+18    2.7826e+16    4.32075073e-27     
   2.1544        4.6416e+18    4.6416e+16    4.32075073e-27     
   2.1544        4.6416e+18    7.7426e+16    4.32075073e-27     
   2.1544        4.6416e+18    1.2915e+17    4.32075073e-27     
   2.1544        4.6416e+18    2.1544e+17    4.32075073e-27     
   2.1544        4.6416e+18    3.5938e+17    4.32075073e-27     
   2.1544        4.6416e+18    5.9948e+17    4.32075073e-27     
   2.1544        4.6416e+18    1.0000e+18    4.32075073e-27     
   2.1544        7.7426e+18    1.0000e+16    4.37080984e-27     
   2.1544        7.7426e+18    1.6681e+16    4.37080984e-27     
   2.1544        7.7426e+18    2.7826e+16    4.37080984e-27     
   2.1544        7.7426e+18    4.6416e+16    4.37080984e-27     
   2.1544        7.7426e+18    7.7426e+16    4.37080984e-27     
   2.1544        7.7426e+18    1.2915e+17    4.37080984e-27     
   2.1544        7.7426e+18    2.1544e+17    4.37080984e-27     
   2.1544        7.7426e+18    3.5938e+17    4.37080984e-27     
   2.1544        7.7426e+18    5.9948e+17    4.37080984e-27     
   2.1544        7.7426e+18    1.0000e+18    4.37080984e-27     
   2.1544        1.2915e+19    1.0000e+16    4.40659429e-27     
   2.1544        1.2915e+19    1.6681e+16    4.40659429e-27     
   2.1544        1.2915e+19    2.7826e+16    4.40659429e-27     
   2.1544        1.2915e+19    4.6416e+16    4.40659429e-27     
   2.1544        1.2915e+19    7.7426e+16    4.40659429e-27     
   2.1544        1.2915e+19    1.2915e+17    4.40659429e-27     
   2.1544        1.2915e+19    2.1544e+17    4.40659429e-27     
   2.1544        1.2915e+19    3.5938e+17    4.40659429e-27     
   2.1544        1.2915e+19    5.9948e+17    4.40659429e-27     
   2.1544        1.2915e+19    1.0000e+18    4.40659429e-27     
   2.1544        2.1544e+19    1.0000e+16    4.43209136e-27     
   2.1544        2.1544e+19    1.6681e+16    4.43209136e-27     
   2.1544        2.1544e+19    2.7826e+16    4.43209136e-27     
   2.1544        2.1544e+19    4.6416e+16    4.43209136e-27     
   2.1544        2.1544e+19    7.7426e+16    4.43209136e-27     
   2.1544        2.1544e+19    1.2915e+17    4.43209136e-27     
   2.1544        2.1544e+19    2.1544e+17    4.43209136e-27     
   2.1544        2.1544e+19    3.5938e+17    4.43209136e-27     
   2.1544        2.1544e+19    5.9948e+17    4.43209136e-27     
   2.1544        2.1544e+19    1.0000e+18    4.43209136e-27     
   2.1544        3.5938e+19    1.0000e+16    4.45031716e-27     
   2.1544        3.5938e+19    1.6681e+16    4.45031716e-27     
   2.1544        3.5938e+19    2.7826e+16    4.45031716e-27     
   2.1544        3.5938e+19    4.6416e+16    4.45031716e-27     
   2.1544        3.5938e+19    7.7426e+16    4.45031716e-27     
   2.1544        3.5938e+19    1.2915e+17    4.45031716e-27     
   2.1544        3.5938e+19    2.1544e+17    4.45031716e-27     
   2.1544        3.5938e+19    3.5938e+17    4.45031716e-27     
   2.1544        3.5938e+19    5.9948e+17    4.45031716e-27     
   2.1544        3.5938e+19    1.0000e+18    4.45031716e-27     
   2.1544        5.9948e+19    1.0000e+16    4.46330286e-27     
   2.1544        5.9948e+19    1.6681e+16    4.46330286e-27     
   2.1544        5.9948e+19    2.7826e+16    4.46330286e-27     
   2.1544        5.9948e+19    4.6416e+16    4.46330286e-27     
   2.1544        5.9948e+19    7.7426e+16    4.46330286e-27     
   2.1544        5.9948e+19    1.2915e+17    4.46330286e-27     
   2.1544        5.9948e+19    2.1544e+17    4.46330286e-27     
   2.1544        5.9948e+19    3.5938e+17    4.46330286e-27     
   2.1544        5.9948e+19    5.9948e+17    4.46330286e-27     
   2.1544        5.9948e+19    1.0000e+18    4.46330286e-27     
   2.1544        1.0000e+20    1.0000e+16    4.47240638e-27     
   2.1544        1.0000e+20    1.6681e+16    4.47240638e-27     
   2.1544        1.0000e+20    2.7826e+16    4.47240638e-27     
   2.1544        1.0000e+20    4.6416e+16    4.47240638e-27     
   2.1544        1.0000e+20    7.7426e+16    4.47240638e-27     
   2.1544        1.0000e+20    1.2915e+17    4.47240638e-27     
   2.1544        1.0000e+20    2.1544e+17    4.47240638e-27     
   2.1544        1.0000e+20    3.5938e+17    4.47240638e-27     
   2.1544        1.0000e+20    5.9948e+17    4.47240638e-27     
   2.1544        1.0000e+20    1.0000e+18    4.47240638e-27     
   2.7826        1.0000e+18    1.0000e+16    2.57040350e-27     
   2.7826        1.0000e+18    1.6681e+16    2.57040350e-27     
   2.7826        1.0000e+18    2.7826e+16    2.57040350e-27     
   2.7826        1.0000e+18    4.6416e+16    2.57040350e-27     
   2.7826        1.0000e+18    7.7426e+16    2.57040350e-27     
   2.7826        1.0000e+18    1.2915e+17    2.57040350e-27     
   2.7826        1.0000e+18    2.1544e+17    2.57040350e-27     
   2.7826        1.0000e+18    3.5938e+17    2.57040350e-27     
   2.7826        1.0000e+18    5.9948e+17    2.57040350e-27     
   2.7826        1.0000e+18    1.0000e+18    2.57040350e-27     
   2.7826        1.6681e+18    1.0000e+16    2.63594411e-27     
   2.7826        1.6681e+18    1.6681e+16    2.63594411e-27     
   2.7826        1.6681e+18    2.7826e+16    2.63594411e-27     
   2.7826        1.6681e+18    4.6416e+16    2.63594411e-27     
   2.7826        1.6681e+18    7.7426e+16    2.63594411e-27     
   2.7826        1.6681e+18    1.2915e+17    2.63594411e-27     
   2.7826        1.6681e+18    2.1544e+17    2.63594411e-27     
   2.7826        1.6681e+18    3.5938e+17    2.63594411e-27     
   2.7826        1.6681e+18    5.9948e+17    2.63594411e-27     
   2.7826        1.6681e+18    1.0000e+18    2.63594411e-27     
   2.7826        2.7826e+18    1.0000e+16    2.68518083e-27     
   2.7826        2.7826e+18    1.6681e+16    2.68518083e-27     
   2.7826        2.7826e+18    2.7826e+16    2.68518083e-27     
   2.7826        2.7826e+18    4.6416e+16    2.68518083e-27     
   2.7826        2.7826e+18    7.7426e+16    2.68518083e-27     
   2.7826        2.7826e+18    1.2915e+17    2.68518083e-27     
   2.7826        2.7826e+18    2.1544e+17    2.68518083e-27     
   2.7826        2.7826e+18    3.5938e+17    2.68518083e-27     
   2.7826        2.7826e+18    5.9948e+17    2.68518083e-27     
   2.7826        2.7826e+18    1.0000e+18    2.68518083e-27     
   2.7826        4.6416e+18    1.0000e+16    2.72141881e-27     
   2.7826        4.6416e+18    1.6681e+16    2.72141881e-27     
   2.7826        4.6416e+18    2.7826e+16    2.72141881e-27     
   2.7826        4.6416e+18    4.6416e+16    2.72141881e-27     
   2.7826        4.6416e+18    7.7426e+16    2.72141881e-27     
   2.7826        4.6416e+18    1.2915e+17    2.72141881e-27     
   2.7826        4.6416e+18    2.1544e+17    2.72141881e-27     
   2.7826        4.6416e+18    3.5938e+17    2.72141881e-27     
   2.7826        4.6416e+18    5.9948e+17    2.72141881e-27     
   2.7826        4.6416e+18    1.0000e+18    2.72141881e-27     
   2.7826        7.7426e+18    1.0000e+16    2.74757206e-27     
   2.7826        7.7426e+18    1.6681e+16    2.74757206e-27     
   2.7826        7.7426e+18    2.7826e+16    2.74757206e-27     
   2.7826        7.7426e+18    4.6416e+16    2.74757206e-27     
   2.7826        7.7426e+18    7.7426e+16    2.74757206e-27     
   2.7826        7.7426e+18    1.2915e+17    2.74757206e-27     
   2.7826        7.7426e+18    2.1544e+17    2.74757206e-27     
   2.7826        7.7426e+18    3.5938e+17    2.74757206e-27     
   2.7826        7.7426e+18    5.9948e+17    2.74757206e-27     
   2.7826        7.7426e+18    1.0000e+18    2.74757206e-27     
   2.7826        1.2915e+19    1.0000e+16    2.76620764e-27     
   2.7826        1.2915e+19    1.6681e+16    2.76620764e-27     
   2.7826        1.2915e+19    2.7826e+16    2.76620764e-27     
   2.7826        1.2915e+19    4.6416e+16    2.76620764e-27     
   2.7826        1.2915e+19    7.7426e+16    2.76620764e-27     
   2.7826        1.2915e+19    1.2915e+17    2.76620764e-27     
   2.7826        1.2915e+19    2.1544e+17    2.76620764e-27     
   2.7826        1.2915e+19    3.5938e+17    2.76620764e-27     
   2.7826        1.2915e+19    5.9948e+17    2.76620764e-27     
   2.7826        1.2915e+19    1.0000e+18    2.76620764e-27     
   2.7826        2.1544e+19    1.0000e+16    2.77945722e-27     
   2.7826        2.1544e+19    1.6681e+16    2.77945722e-27     
   2.7826        2.1544e+19    2.7826e+16    2.77945722e-27     
   2.7826        2.1544e+19    4.6416e+16    2.77945722e-27     
   2.7826        2.1544e+19    7.7426e+16    2.77945722e-27     
   2.7826        2.1544e+19    1.2915e+17    2.77945722e-27     
   2.7826        2.1544e+19    2.1544e+17    2.77945722e-27     
   2.7826        2.1544e+19    3.5938e+17    2.77945722e-27     
   2.7826        2.1544e+19    5.9948e+17    2.77945722e-27     
   2.7826        2.1544e+19    1.0000e+18    2.77945722e-27     
   2.7826        3.5938e+19    1.0000e+16    2.78888838e-27     
   2.7826        3.5938e+19    1.6681e+16    2.78888838e-27     
   2.7826        3.5938e+19    2.7826e+16    2.78888838e-27     
   2.7826        3.5938e+19    4.6416e+16    2.78888838e-27     
   2.7826        3.5938e+19    7.7426e+16    2.78888838e-27     
   2.7826        3.5938e+19    1.2915e+17    2.78888838e-27     
   2.7826        3.5938e+19    2.1544e+17    2.78888838e-27     
   2.7826        3.5938e+19    3.5938e+17    2.78888838e-27     
   2.7826        3.5938e+19    5.9948e+17    2.78888838e-27     
   2.7826        3.5938e+19    1.0000e+18    2.78888838e-27     
   2.7826        5.9948e+19    1.0000e+16    2.79555200e-27     
   2.7826        5.9948e+19    1.6681e+16    2.79555200e-27     
   2.7826        5.9948e+19    2.7826e+16    2.79555200e-27     
   2.7826        5.9948e+19    4.6416e+16    2.79555200e-27     
   2.7826        5.9948e+19    7.7426e+16    2.79555200e-27     
   2.7826        5.9948e+19    1.2915e+17    2.79555200e-27     
   2.7826        5.9948e+19    2.1544e+17    2.79555200e-27     
   2.7826        5.9948e+19    3.5938e+17    2.79555200e-27     
   2.7826        5.9948e+19    5.9948e+17    2.79555200e-27     
   2.7826        5.9948e+19    1.0000e+18    2.79555200e-27     
   2.7826        1.0000e+20    1.0000e+16    2.80017387e-27     
   2.7826        1.0000e+20    1.6681e+16    2.80017387e-27     
   2.7826        1.0000e+20    2.7826e+16    2.80017387e-27     
   2.7826        1.0000e+20    4.6416e+16    2.80017387e-27     
   2.7826        1.0000e+20    7.7426e+16    2.80017387e-27     
   2.7826        1.0000e+20    1.2915e+17    2.80017387e-27     
   2.7826        1.0000e+20    2.1544e+17    2.80017387e-27     
   2.7826        1.0000e+20    3.5938e+17    2.80017387e-27     
   2.7826        1.0000e+20    5.9948e+17    2.80017387e-27     
   2.7826        1.0000e+20    1.0000e+18    2.80017387e-27     
   3.5938        1.0000e+18    1.0000e+16    1.66028218e-27     
   3.5938        1.0000e+18    1.6681e+16    1.66028218e-27     
   3.5938        1.0000e+18    2.7826e+16    1.66028218e-27     
   3.5938        1.0000e+18    4.6416e+16    1.66028218e-27     
   3.5938        1.0000e+18    7.7426e+16    1.66028218e-27     
   3.5938        1.0000e+18    1.2915e+17    1.66028218e-27     
   3.5938        1.0000e+18    2.1544e+17    1.66028218e-27     
   3.5938        1.0000e+18    3.5938e+17    1.66028218e-27     
   3.5938        1.0000e+18    5.9948e+17    1.66028218e-27     
   3.5938        1.0000e+18    1.0000e+18    1.66028218e-27     
   3.5938        1.6681e+18    1.0000e+16    1.69520411e-27     
   3.5938        1.6681e+18    1.6681e+16    1.69520411e-27     
   3.5938        1.6681e+18    2.7826e+16    1.69520411e-27     
   3.5938        1.6681e+18    4.6416e+16    1.69520411e-27     
   3.5938        1.6681e+18    7.7426e+16    1.69520411e-27     
   3.5938        1.6681e+18    1.2915e+17    1.69520411e-27     
   3.5938        1.6681e+18    2.1544e+17    1.69520411e-27     
   3.5938        1.6681e+18    3.5938e+17    1.69520411e-27     
   3.5938        1.6681e+18    5.9948e+17    1.69520411e-27     
   3.5938        1.6681e+18    1.0000e+18    1.69520411e-27     
   3.5938        2.7826e+18    1.0000e+16    1.72135067e-27     
   3.5938        2.7826e+18    1.6681e+16    1.72135067e-27     
   3.5938        2.7826e+18    2.7826e+16    1.72135067e-27     
   3.5938        2.7826e+18    4.6416e+16    1.72135067e-27     
   3.5938        2.7826e+18    7.7426e+16    1.72135067e-27     
   3.5938        2.7826e+18    1.2915e+17    1.72135067e-27     
   3.5938        2.7826e+18    2.1544e+17    1.72135067e-27     
   3.5938        2.7826e+18    3.5938e+17    1.72135067e-27     
   3.5938        2.7826e+18    5.9948e+17    1.72135067e-27     
   3.5938        2.7826e+18    1.0000e+18    1.72135067e-27     
   3.5938        4.6416e+18    1.0000e+16    1.74052059e-27     
   3.5938        4.6416e+18    1.6681e+16    1.74052059e-27     
   3.5938        4.6416e+18    2.7826e+16    1.74052059e-27     
   3.5938        4.6416e+18    4.6416e+16    1.74052059e-27     
   3.5938        4.6416e+18    7.7426e+16    1.74052059e-27     
   3.5938        4.6416e+18    1.2915e+17    1.74052059e-27     
   3.5938        4.6416e+18    2.1544e+17    1.74052059e-27     
   3.5938        4.6416e+18    3.5938e+17    1.74052059e-27     
   3.5938        4.6416e+18    5.9948e+17    1.74052059e-27     
   3.5938        4.6416e+18    1.0000e+18    1.74052059e-27     
   3.5938        7.7426e+18    1.0000e+16    1.75430843e-27     
   3.5938        7.7426e+18    1.6681e+16    1.75430843e-27     
   3.5938        7.7426e+18    2.7826e+16    1.75430843e-27     
   3.5938        7.7426e+18    4.6416e+16    1.75430843e-27     
   3.5938        7.7426e+18    7.7426e+16    1.75430843e-27     
   3.5938        7.7426e+18    1.2915e+17    1.75430843e-27     
   3.5938        7.7426e+18    2.1544e+17    1.75430843e-27     
   3.5938        7.7426e+18    3.5938e+17    1.75430843e-27     
   3.5938        7.7426e+18    5.9948e+17    1.75430843e-27     
   3.5938        7.7426e+18    1.0000e+18    1.75430843e-27     
   3.5938        1.2915e+19    1.0000e+16    1.76411311e-27     
   3.5938        1.2915e+19    1.6681e+16    1.76411311e-27     
   3.5938        1.2915e+19    2.7826e+16    1.76411311e-27     
   3.5938        1.2915e+19    4.6416e+16    1.76411311e-27     
   3.5938        1.2915e+19    7.7426e+16    1.76411311e-27     
   3.5938        1.2915e+19    1.2915e+17    1.76411311e-27     
   3.5938        1.2915e+19    2.1544e+17    1.76411311e-27     
   3.5938        1.2915e+19    3.5938e+17    1.76411311e-27     
   3.5938        1.2915e+19    5.9948e+17    1.76411311e-27     
   3.5938        1.2915e+19    1.0000e+18    1.76411311e-27     
   3.5938        2.1544e+19    1.0000e+16    1.77107274e-27     
   3.5938        2.1544e+19    1.6681e+16    1.77107274e-27     
   3.5938        2.1544e+19    2.7826e+16    1.77107274e-27     
   3.5938        2.1544e+19    4.6416e+16    1.77107274e-27     
   3.5938        2.1544e+19    7.7426e+16    1.77107274e-27     
   3.5938        2.1544e+19    1.2915e+17    1.77107274e-27     
   3.5938        2.1544e+19    2.1544e+17    1.77107274e-27     
   3.5938        2.1544e+19    3.5938e+17    1.77107274e-27     
   3.5938        2.1544e+19    5.9948e+17    1.77107274e-27     
   3.5938        2.1544e+19    1.0000e+18    1.77107274e-27     
   3.5938        3.5938e+19    1.0000e+16    1.77600822e-27     
   3.5938        3.5938e+19    1.6681e+16    1.77600822e-27     
   3.5938        3.5938e+19    2.7826e+16    1.77600822e-27     
   3.5938        3.5938e+19    4.6416e+16    1.77600822e-27     
   3.5938        3.5938e+19    7.7426e+16    1.77600822e-27     
   3.5938        3.5938e+19    1.2915e+17    1.77600822e-27     
   3.5938        3.5938e+19    2.1544e+17    1.77600822e-27     
   3.5938        3.5938e+19    3.5938e+17    1.77600822e-27     
   3.5938        3.5938e+19    5.9948e+17    1.77600822e-27     
   3.5938        3.5938e+19    1.0000e+18    1.77600822e-27     
   3.5938        5.9948e+19    1.0000e+16    1.77947187e-27     
   3.5938        5.9948e+19    1.6681e+16    1.77947187e-27     
   3.5938        5.9948e+19    2.7826e+16    1.77947187e-27     
   3.5938        5.9948e+19    4.6416e+16    1.77947187e-27     
   3.5938        5.9948e+19    7.7426e+16    1.77947187e-27     
   3.5938        5.9948e+19    1.2915e+17    1.77947187e-27     
   3.5938        5.9948e+19    2.1544e+17    1.77947187e-27     
   3.5938        5.9948e+19    3.5938e+17    1.77947187e-27     
   3.5938        5.9948e+19    5.9948e+17    1.77947187e-27     
   3.5938        5.9948e+19    1.0000e+18    1.77947187e-27     
   3.5938        1.0000e+20    1.0000e+16    1.78185588e-27     
   3.5938        1.0000e+20    1.6681e+16    1.78185588e-27     
   3.5938        1.0000e+20    2.7826e+16    1.78185588e-27     
   3.5938        1.0000e+20    4.6416e+16    1.78185588e-27     
   3.5938        1.0000e+20    7.7426e+16    1.78185588e-27     
   3.5938        1.0000e+20    1.2915e+17    1.78185588e-27     
   3.5938        1.0000e+20    2.1544e+17    1.78185588e-27     
   3.5938        1.0000e+20    3.5938e+17    1.78185588e-27     
   3.5938        1.0000e+20    5.9948e+17    1.78185588e-27     
   3.5938        1.0000e+20    1.0000e+18    1.78185588e-27     
   4.6416        1.0000e+18    1.0000e+16    1.08857150e-27     
   4.6416        1.0000e+18    1.6681e+16    1.08857150e-27     
   4.6416        1.0000e+18    2.7826e+16    1.08857150e-27     
   4.6416        1.0000e+18    4.6416e+16    1.08857150e-27     
   4.6416        1.0000e+18    7.7426e+16    1.08857150e-27     
   4.6416        1.0000e+18    1.2915e+17    1.08857150e-27     
   4.6416        1.0000e+18    2.1544e+17    1.08857150e-27     
   4.6416        1.0000e+18    3.5938e+17    1.08857150e-27     
   4.6416        1.0000e+18    5.9948e+17    1.08857150e-27     
   4.6416        1.0000e+18    1.0000e+18    1.08857150e-27     
   4.6416        1.6681e+18    1.0000e+16    1.10725576e-27     
   4.6416        1.6681e+18    1.6681e+16    1.10725576e-27     
   4.6416        1.6681e+18    2.7826e+16    1.10725576e-27     
   4.6416        1.6681e+18    4.6416e+16    1.10725576e-27     
   4.6416        1.6681e+18    7.7426e+16    1.10725576e-27     
   4.6416        1.6681e+18    1.2915e+17    1.10725576e-27     
   4.6416        1.6681e+18    2.1544e+17    1.10725576e-27     
   4.6416        1.6681e+18    3.5938e+17    1.10725576e-27     
   4.6416        1.6681e+18    5.9948e+17    1.10725576e-27     
   4.6416        1.6681e+18    1.0000e+18    1.10725576e-27     
   4.6416        2.7826e+18    1.0000e+16    1.12120404e-27     
   4.6416        2.7826e+18    1.6681e+16    1.12120404e-27     
   4.6416        2.7826e+18    2.7826e+16    1.12120404e-27     
   4.6416        2.7826e+18    4.6416e+16    1.12120404e-27     
   4.6416        2.7826e+18    7.7426e+16    1.12120404e-27     
   4.6416        2.7826e+18    1.2915e+17    1.12120404e-27     
   4.6416        2.7826e+18    2.1544e+17    1.12120404e-27     
   4.6416        2.7826e+18    3.5938e+17    1.12120404e-27     
   4.6416        2.7826e+18    5.9948e+17    1.12120404e-27     
   4.6416        2.7826e+18    1.0000e+18    1.12120404e-27     
   4.6416        4.6416e+18    1.0000e+16    1.13139797e-27     
   4.6416        4.6416e+18    1.6681e+16    1.13139797e-27     
   4.6416        4.6416e+18    2.7826e+16    1.13139797e-27     
   4.6416        4.6416e+18    4.6416e+16    1.13139797e-27     
   4.6416        4.6416e+18    7.7426e+16    1.13139797e-27     
   4.6416        4.6416e+18    1.2915e+17    1.13139797e-27     
   4.6416        4.6416e+18    2.1544e+17    1.13139797e-27     
   4.6416        4.6416e+18    3.5938e+17    1.13139797e-27     
   4.6416        4.6416e+18    5.9948e+17    1.13139797e-27     
   4.6416        4.6416e+18    1.0000e+18    1.13139797e-27     
   4.6416        7.7426e+18    1.0000e+16    1.13871048e-27     
   4.6416        7.7426e+18    1.6681e+16    1.13871048e-27     
   4.6416        7.7426e+18    2.7826e+16    1.13871048e-27     
   4.6416        7.7426e+18    4.6416e+16    1.13871048e-27     
   4.6416        7.7426e+18    7.7426e+16    1.13871048e-27     
   4.6416        7.7426e+18    1.2915e+17    1.13871048e-27     
   4.6416        7.7426e+18    2.1544e+17    1.13871048e-27     
   4.6416        7.7426e+18    3.5938e+17    1.13871048e-27     
   4.6416        7.7426e+18    5.9948e+17    1.13871048e-27     
   4.6416        7.7426e+18    1.0000e+18    1.13871048e-27     
   4.6416        1.2915e+19    1.0000e+16    1.14390210e-27     
   4.6416        1.2915e+19    1.6681e+16    1.14390210e-27     
   4.6416        1.2915e+19    2.7826e+16    1.14390210e-27     
   4.6416        1.2915e+19    4.6416e+16    1.14390210e-27     
   4.6416        1.2915e+19    7.7426e+16    1.14390210e-27     
   4.6416        1.2915e+19    1.2915e+17    1.14390210e-27     
   4.6416        1.2915e+19    2.1544e+17    1.14390210e-27     
   4.6416        1.2915e+19    3.5938e+17    1.14390210e-27     
   4.6416        1.2915e+19    5.9948e+17    1.14390210e-27     
   4.6416        1.2915e+19    1.0000e+18    1.14390210e-27     
   4.6416        2.1544e+19    1.0000e+16    1.14758121e-27     
   4.6416        2.1544e+19    1.6681e+16    1.14758121e-27     
   4.6416        2.1544e+19    2.7826e+16    1.14758121e-27     
   4.6416        2.1544e+19    4.6416e+16    1.14758121e-27     
   4.6416        2.1544e+19    7.7426e+16    1.14758121e-27     
   4.6416        2.1544e+19    1.2915e+17    1.14758121e-27     
   4.6416        2.1544e+19    2.1544e+17    1.14758121e-27     
   4.6416        2.1544e+19    3.5938e+17    1.14758121e-27     
   4.6416        2.1544e+19    5.9948e+17    1.14758121e-27     
   4.6416        2.1544e+19    1.0000e+18    1.14758121e-27     
   4.6416        3.5938e+19    1.0000e+16    1.15018132e-27     
   4.6416        3.5938e+19    1.6681e+16    1.15018132e-27     
   4.6416        3.5938e+19    2.7826e+16    1.15018132e-27     
   4.6416        3.5938e+19    4.6416e+16    1.15018132e-27     
   4.6416        3.5938e+19    7.7426e+16    1.15018132e-27     
   4.6416        3.5938e+19    1.2915e+17    1.15018132e-27     
   4.6416        3.5938e+19    2.1544e+17    1.15018132e-27     
   4.6416        3.5938e+19    3.5938e+17    1.15018132e-27     
   4.6416        3.5938e+19    5.9948e+17    1.15018132e-27     
   4.6416        3.5938e+19    1.0000e+18    1.15018132e-27     
   4.6416        5.9948e+19    1.0000e+16    1.15199621e-27     
   4.6416        5.9948e+19    1.6681e+16    1.15199621e-27     
   4.6416        5.9948e+19    2.7826e+16    1.15199621e-27     
   4.6416        5.9948e+19    4.6416e+16    1.15199621e-27     
   4.6416        5.9948e+19    7.7426e+16    1.15199621e-27     
   4.6416        5.9948e+19    1.2915e+17    1.15199621e-27     
   4.6416        5.9948e+19    2.1544e+17    1.15199621e-27     
   4.6416        5.9948e+19    3.5938e+17    1.15199621e-27     
   4.6416        5.9948e+19    5.9948e+17    1.15199621e-27     
   4.6416        5.9948e+19    1.0000e+18    1.15199621e-27     
   4.6416        1.0000e+20    1.0000e+16    1.15323874e-27     
   4.6416        1.0000e+20    1.6681e+16    1.15323874e-27     
   4.6416        1.0000e+20    2.7826e+16    1.15323874e-27     
   4.6416        1.0000e+20    4.6416e+16    1.15323874e-27     
   4.6416        1.0000e+20    7.7426e+16    1.15323874e-27     
   4.6416        1.0000e+20    1.2915e+17    1.15323874e-27     
   4.6416        1.0000e+20    2.1544e+17    1.15323874e-27     
   4.6416        1.0000e+20    3.5938e+17    1.15323874e-27     
   4.6416        1.0000e+20    5.9948e+17    1.15323874e-27     
   4.6416        1.0000e+20    1.0000e+18    1.15323874e-27     
   5.9948        1.0000e+18    1.0000e+16    7.14704018e-28     
   5.9948        1.0000e+18    1.6681e+16    7.14704018e-28     
   5.9948        1.0000e+18    2.7826e+16    7.14704018e-28     
   5.9948        1.0000e+18    4.6416e+16    7.14704018e-28     
   5.9948        1.0000e+18    7.7426e+16    7.14704018e-28     
   5.9948        1.0000e+18    1.2915e+17    7.14704018e-28     
   5.9948        1.0000e+18    2.1544e+17    7.14704018e-28     
   5.9948        1.0000e+18    3.5938e+17    7.14704018e-28     
   5.9948        1.0000e+18    5.9948e+17    7.14704018e-28     
   5.9948        1.0000e+18    1.0000e+18    7.14704018e-28     
   5.9948        1.6681e+18    1.0000e+16    7.24522036e-28     
   5.9948        1.6681e+18    1.6681e+16    7.24522036e-28     
   5.9948        1.6681e+18    2.7826e+16    7.24522036e-28     
   5.9948        1.6681e+18    4.6416e+16    7.24522036e-28     
   5.9948        1.6681e+18    7.7426e+16    7.24522036e-28     
   5.9948        1.6681e+18    1.2915e+17    7.24522036e-28     
   5.9948        1.6681e+18    2.1544e+17    7.24522036e-28     
   5.9948        1.6681e+18    3.5938e+17    7.24522036e-28     
   5.9948        1.6681e+18    5.9948e+17    7.24522036e-28     
   5.9948        1.6681e+18    1.0000e+18    7.24522036e-28     
   5.9948        2.7826e+18    1.0000e+16    7.31824562e-28     
   5.9948        2.7826e+18    1.6681e+16    7.31824562e-28     
   5.9948        2.7826e+18    2.7826e+16    7.31824562e-28     
   5.9948        2.7826e+18    4.6416e+16    7.31824562e-28     
   5.9948        2.7826e+18    7.7426e+16    7.31824562e-28     
   5.9948        2.7826e+18    1.2915e+17    7.31824562e-28     
   5.9948        2.7826e+18    2.1544e+17    7.31824562e-28     
   5.9948        2.7826e+18    3.5938e+17    7.31824562e-28     
   5.9948        2.7826e+18    5.9948e+17    7.31824562e-28     
   5.9948        2.7826e+18    1.0000e+18    7.31824562e-28     
   5.9948        4.6416e+18    1.0000e+16    7.37141818e-28     
   5.9948        4.6416e+18    1.6681e+16    7.37141818e-28     
   5.9948        4.6416e+18    2.7826e+16    7.37141818e-28     
   5.9948        4.6416e+18    4.6416e+16    7.37141818e-28     
   5.9948        4.6416e+18    7.7426e+16    7.37141818e-28     
   5.9948        4.6416e+18    1.2915e+17    7.37141818e-28     
   5.9948        4.6416e+18    2.1544e+17    7.37141818e-28     
   5.9948        4.6416e+18    3.5938e+17    7.37141818e-28     
   5.9948        4.6416e+18    5.9948e+17    7.37141818e-28     
   5.9948        4.6416e+18    1.0000e+18    7.37141818e-28     
   5.9948        7.7426e+18    1.0000e+16    7.40944242e-28     
   5.9948        7.7426e+18    1.6681e+16    7.40944242e-28     
   5.9948        7.7426e+18    2.7826e+16    7.40944242e-28     
   5.9948        7.7426e+18    4.6416e+16    7.40944242e-28     
   5.9948        7.7426e+18    7.7426e+16    7.40944242e-28     
   5.9948        7.7426e+18    1.2915e+17    7.40944242e-28     
   5.9948        7.7426e+18    2.1544e+17    7.40944242e-28     
   5.9948        7.7426e+18    3.5938e+17    7.40944242e-28     
   5.9948        7.7426e+18    5.9948e+17    7.40944242e-28     
   5.9948        7.7426e+18    1.0000e+18    7.40944242e-28     
   5.9948        1.2915e+19    1.0000e+16    7.43637385e-28     
   5.9948        1.2915e+19    1.6681e+16    7.43637385e-28     
   5.9948        1.2915e+19    2.7826e+16    7.43637385e-28     
   5.9948        1.2915e+19    4.6416e+16    7.43637385e-28     
   5.9948        1.2915e+19    7.7426e+16    7.43637385e-28     
   5.9948        1.2915e+19    1.2915e+17    7.43637385e-28     
   5.9948        1.2915e+19    2.1544e+17    7.43637385e-28     
   5.9948        1.2915e+19    3.5938e+17    7.43637385e-28     
   5.9948        1.2915e+19    5.9948e+17    7.43637385e-28     
   5.9948        1.2915e+19    1.0000e+18    7.43637385e-28     
   5.9948        2.1544e+19    1.0000e+16    7.45540984e-28     
   5.9948        2.1544e+19    1.6681e+16    7.45540984e-28     
   5.9948        2.1544e+19    2.7826e+16    7.45540984e-28     
   5.9948        2.1544e+19    4.6416e+16    7.45540984e-28     
   5.9948        2.1544e+19    7.7426e+16    7.45540984e-28     
   5.9948        2.1544e+19    1.2915e+17    7.45540984e-28     
   5.9948        2.1544e+19    2.1544e+17    7.45540984e-28     
   5.9948        2.1544e+19    3.5938e+17    7.45540984e-28     
   5.9948        2.1544e+19    5.9948e+17    7.45540984e-28     
   5.9948        2.1544e+19    1.0000e+18    7.45540984e-28     
   5.9948        3.5938e+19    1.0000e+16    7.46881144e-28     
   5.9948        3.5938e+19    1.6681e+16    7.46881144e-28     
   5.9948        3.5938e+19    2.7826e+16    7.46881144e-28     
   5.9948        3.5938e+19    4.6416e+16    7.46881144e-28     
   5.9948        3.5938e+19    7.7426e+16    7.46881144e-28     
   5.9948        3.5938e+19    1.2915e+17    7.46881144e-28     
   5.9948        3.5938e+19    2.1544e+17    7.46881144e-28     
   5.9948        3.5938e+19    3.5938e+17    7.46881144e-28     
   5.9948        3.5938e+19    5.9948e+17    7.46881144e-28     
   5.9948        3.5938e+19    1.0000e+18    7.46881144e-28     
   5.9948        5.9948e+19    1.0000e+16    7.47812138e-28     
   5.9948        5.9948e+19    1.6681e+16    7.47812138e-28     
   5.9948        5.9948e+19    2.7826e+16    7.47812138e-28     
   5.9948        5.9948e+19    4.6416e+16    7.47812138e-28     
   5.9948        5.9948e+19    7.7426e+16    7.47812138e-28     
   5.9948        5.9948e+19    1.2915e+17    7.47812138e-28     
   5.9948        5.9948e+19    2.1544e+17    7.47812138e-28     
   5.9948        5.9948e+19    3.5938e+17    7.47812138e-28     
   5.9948        5.9948e+19    5.9948e+17    7.47812138e-28     
   5.9948        5.9948e+19    1.0000e+18    7.47812138e-28     
   5.9948        1.0000e+20    1.0000e+16    7.48447021e-28     
   5.9948        1.0000e+20    1.6681e+16    7.48447021e-28     
   5.9948        1.0000e+20    2.7826e+16    7.48447021e-28     
   5.9948        1.0000e+20    4.6416e+16    7.48447021e-28     
   5.9948        1.0000e+20    7.7426e+16    7.48447021e-28     
   5.9948        1.0000e+20    1.2915e+17    7.48447021e-28     
   5.9948        1.0000e+20    2.1544e+17    7.48447021e-28     
   5.9948        1.0000e+20    3.5938e+17    7.48447021e-28     
   5.9948        1.0000e+20    5.9948e+17    7.48447021e-28     
   5.9948        1.0000e+20    1.0000e+18    7.48447021e-28     
   7.7426        1.0000e+18    1.0000e+16    4.78450188e-28     
   7.7426        1.0000e+18    1.6681e+16    4.78450188e-28     
   7.7426        1.0000e+18    2.7826e+16    4.78450188e-28     
   7.7426        1.0000e+18    4.6416e+16    4.78450188e-28     
   7.7426        1.0000e+18    7.7426e+16    4.78450188e-28     
   7.7426        1.0000e+18    1.2915e+17    4.78450188e-28     
   7.7426        1.0000e+18    2.1544e+17    4.78450188e-28     
   7.7426        1.0000e+18    3.5938e+17    4.78450188e-28     
   7.7426        1.0000e+18    5.9948e+17    4.78450188e-28     
   7.7426        1.0000e+18    1.0000e+18    4.78450188e-28     
   7.7426        1.6681e+18    1.0000e+16    4.83585973e-28     
   7.7426        1.6681e+18    1.6681e+16    4.83585973e-28     
   7.7426        1.6681e+18    2.7826e+16    4.83585973e-28     
   7.7426        1.6681e+18    4.6416e+16    4.83585973e-28     
   7.7426        1.6681e+18    7.7426e+16    4.83585973e-28     
   7.7426        1.6681e+18    1.2915e+17    4.83585973e-28     
   7.7426        1.6681e+18    2.1544e+17    4.83585973e-28     
   7.7426        1.6681e+18    3.5938e+17    4.83585973e-28     
   7.7426        1.6681e+18    5.9948e+17    4.83585973e-28     
   7.7426        1.6681e+18    1.0000e+18    4.83585973e-28     
   7.7426        2.7826e+18    1.0000e+16    4.87387156e-28     
   7.7426        2.7826e+18    1.6681e+16    4.87387156e-28     
   7.7426        2.7826e+18    2.7826e+16    4.87387156e-28     
   7.7426        2.7826e+18    4.6416e+16    4.87387156e-28     
   7.7426        2.7826e+18    7.7426e+16    4.87387156e-28     
   7.7426        2.7826e+18    1.2915e+17    4.87387156e-28     
   7.7426        2.7826e+18    2.1544e+17    4.87387156e-28     
   7.7426        2.7826e+18    3.5938e+17    4.87387156e-28     
   7.7426        2.7826e+18    5.9948e+17    4.87387156e-28     
   7.7426        2.7826e+18    1.0000e+18    4.87387156e-28     
   7.7426        4.6416e+18    1.0000e+16    4.90141508e-28     
   7.7426        4.6416e+18    1.6681e+16    4.90141508e-28     
   7.7426        4.6416e+18    2.7826e+16    4.90141508e-28     
   7.7426        4.6416e+18    4.6416e+16    4.90141508e-28     
   7.7426        4.6416e+18    7.7426e+16    4.90141508e-28     
   7.7426        4.6416e+18    1.2915e+17    4.90141508e-28     
   7.7426        4.6416e+18    2.1544e+17    4.90141508e-28     
   7.7426        4.6416e+18    3.5938e+17    4.90141508e-28     
   7.7426        4.6416e+18    5.9948e+17    4.90141508e-28     
   7.7426        4.6416e+18    1.0000e+18    4.90141508e-28     
   7.7426        7.7426e+18    1.0000e+16    4.92102487e-28     
   7.7426        7.7426e+18    1.6681e+16    4.92102487e-28     
   7.7426        7.7426e+18    2.7826e+16    4.92102487e-28     
   7.7426        7.7426e+18    4.6416e+16    4.92102487e-28     
   7.7426        7.7426e+18    7.7426e+16    4.92102487e-28     
   7.7426        7.7426e+18    1.2915e+17    4.92102487e-28     
   7.7426        7.7426e+18    2.1544e+17    4.92102487e-28     
   7.7426        7.7426e+18    3.5938e+17    4.92102487e-28     
   7.7426        7.7426e+18    5.9948e+17    4.92102487e-28     
   7.7426        7.7426e+18    1.0000e+18    4.92102487e-28     
   7.7426        1.2915e+19    1.0000e+16    4.93485692e-28     
   7.7426        1.2915e+19    1.6681e+16    4.93485692e-28     
   7.7426        1.2915e+19    2.7826e+16    4.93485692e-28     
   7.7426        1.2915e+19    4.6416e+16    4.93485692e-28     
   7.7426        1.2915e+19    7.7426e+16    4.93485692e-28     
   7.7426        1.2915e+19    1.2915e+17    4.93485692e-28     
   7.7426        1.2915e+19    2.1544e+17    4.93485692e-28     
   7.7426        1.2915e+19    3.5938e+17    4.93485692e-28     
   7.7426        1.2915e+19    5.9948e+17    4.93485692e-28     
   7.7426        1.2915e+19    1.0000e+18    4.93485692e-28     
   7.7426        2.1544e+19    1.0000e+16    4.94459054e-28     
   7.7426        2.1544e+19    1.6681e+16    4.94459054e-28     
   7.7426        2.1544e+19    2.7826e+16    4.94459054e-28     
   7.7426        2.1544e+19    4.6416e+16    4.94459054e-28     
   7.7426        2.1544e+19    7.7426e+16    4.94459054e-28     
   7.7426        2.1544e+19    1.2915e+17    4.94459054e-28     
   7.7426        2.1544e+19    2.1544e+17    4.94459054e-28     
   7.7426        2.1544e+19    3.5938e+17    4.94459054e-28     
   7.7426        2.1544e+19    5.9948e+17    4.94459054e-28     
   7.7426        2.1544e+19    1.0000e+18    4.94459054e-28     
   7.7426        3.5938e+19    1.0000e+16    4.95140828e-28     
   7.7426        3.5938e+19    1.6681e+16    4.95140828e-28     
   7.7426        3.5938e+19    2.7826e+16    4.95140828e-28     
   7.7426        3.5938e+19    4.6416e+16    4.95140828e-28     
   7.7426        3.5938e+19    7.7426e+16    4.95140828e-28     
   7.7426        3.5938e+19    1.2915e+17    4.95140828e-28     
   7.7426        3.5938e+19    2.1544e+17    4.95140828e-28     
   7.7426        3.5938e+19    3.5938e+17    4.95140828e-28     
   7.7426        3.5938e+19    5.9948e+17    4.95140828e-28     
   7.7426        3.5938e+19    1.0000e+18    4.95140828e-28     
   7.7426        5.9948e+19    1.0000e+16    4.95612050e-28     
   7.7426        5.9948e+19    1.6681e+16    4.95612050e-28     
   7.7426        5.9948e+19    2.7826e+16    4.95612050e-28     
   7.7426        5.9948e+19    4.6416e+16    4.95612050e-28     
   7.7426        5.9948e+19    7.7426e+16    4.95612050e-28     
   7.7426        5.9948e+19    1.2915e+17    4.95612050e-28     
   7.7426        5.9948e+19    2.1544e+17    4.95612050e-28     
   7.7426        5.9948e+19    3.5938e+17    4.95612050e-28     
   7.7426        5.9948e+19    5.9948e+17    4.95612050e-28     
   7.7426        5.9948e+19    1.0000e+18    4.95612050e-28     
   7.7426        1.0000e+20    1.0000e+16    4.95932207e-28     
   7.7426        1.0000e+20    1.6681e+16    4.95932207e-28     
   7.7426        1.0000e+20    2.7826e+16    4.95932207e-28     
   7.7426        1.0000e+20    4.6416e+16    4.95932207e-28     
   7.7426        1.0000e+20    7.7426e+16    4.95932207e-28     
   7.7426        1.0000e+20    1.2915e+17    4.95932207e-28     
   7.7426        1.0000e+20    2.1544e+17    4.95932207e-28     
   7.7426        1.0000e+20    3.5938e+17    4.95932207e-28     
   7.7426        1.0000e+20    5.9948e+17    4.95932207e-28     
   7.7426        1.0000e+20    1.0000e+18    4.95932207e-28     
   10.0000       1.0000e+18    1.0000e+16    3.17391705e-28     
   10.0000       1.0000e+18    1.6681e+16    3.17391705e-28     
   10.0000       1.0000e+18    2.7826e+16    3.17391705e-28     
   10.0000       1.0000e+18    4.6416e+16    3.17391705e-28     
   10.0000       1.0000e+18    7.7426e+16    3.17391705e-28     
   10.0000       1.0000e+18    1.2915e+17    3.17391705e-28     
   10.0000       1.0000e+18    2.1544e+17    3.17391705e-28     
   10.0000       1.0000e+18    3.5938e+17    3.17391705e-28     
   10.0000       1.0000e+18    5.9948e+17    3.17391705e-28     
   10.0000       1.0000e+18    1.0000e+18    3.17391705e-28     
   10.0000       1.6681e+18    1.0000e+16    3.19956609e-28     
   10.0000       1.6681e+18    1.6681e+16    3.19956609e-28     
   10.0000       1.6681e+18    2.7826e+16    3.19956609e-28     
   10.0000       1.6681e+18    4.6416e+16    3.19956609e-28     
   10.0000       1.6681e+18    7.7426e+16    3.19956609e-28     
   10.0000       1.6681e+18    1.2915e+17    3.19956609e-28     
   10.0000       1.6681e+18    2.1544e+17    3.19956609e-28     
   10.0000       1.6681e+18    3.5938e+17    3.19956609e-28     
   10.0000       1.6681e+18    5.9948e+17    3.19956609e-28     
   10.0000       1.6681e+18    1.0000e+18    3.19956609e-28     
   10.0000       2.7826e+18    1.0000e+16    3.21834810e-28     
   10.0000       2.7826e+18    1.6681e+16    3.21834810e-28     
   10.0000       2.7826e+18    2.7826e+16    3.21834810e-28     
   10.0000       2.7826e+18    4.6416e+16    3.21834810e-28     
   10.0000       2.7826e+18    7.7426e+16    3.21834810e-28     
   10.0000       2.7826e+18    1.2915e+17    3.21834810e-28     
   10.0000       2.7826e+18    2.1544e+17    3.21834810e-28     
   10.0000       2.7826e+18    3.5938e+17    3.21834810e-28     
   10.0000       2.7826e+18    5.9948e+17    3.21834810e-28     
   10.0000       2.7826e+18    1.0000e+18    3.21834810e-28     
   10.0000       4.6416e+18    1.0000e+16    3.23181313e-28     
   10.0000       4.6416e+18    1.6681e+16    3.23181313e-28     
   10.0000       4.6416e+18    2.7826e+16    3.23181313e-28     
   10.0000       4.6416e+18    4.6416e+16    3.23181313e-28     
   10.0000       4.6416e+18    7.7426e+16    3.23181313e-28     
   10.0000       4.6416e+18    1.2915e+17    3.23181313e-28     
   10.0000       4.6416e+18    2.1544e+17    3.23181313e-28     
   10.0000       4.6416e+18    3.5938e+17    3.23181313e-28     
   10.0000       4.6416e+18    5.9948e+17    3.23181313e-28     
   10.0000       4.6416e+18    1.0000e+18    3.23181313e-28     
   10.0000       7.7426e+18    1.0000e+16    3.24129997e-28     
   10.0000       7.7426e+18    1.6681e+16    3.24129997e-28     
   10.0000       7.7426e+18    2.7826e+16    3.24129997e-28     
   10.0000       7.7426e+18    4.6416e+16    3.24129997e-28     
   10.0000       7.7426e+18    7.7426e+16    3.24129997e-28     
   10.0000       7.7426e+18    1.2915e+17    3.24129997e-28     
   10.0000       7.7426e+18    2.1544e+17    3.24129997e-28     
   10.0000       7.7426e+18    3.5938e+17    3.24129997e-28     
   10.0000       7.7426e+18    5.9948e+17    3.24129997e-28     
   10.0000       7.7426e+18    1.0000e+18    3.24129997e-28     
   10.0000       1.2915e+19    1.0000e+16    3.24792032e-28     
   10.0000       1.2915e+19    1.6681e+16    3.24792032e-28     
   10.0000       1.2915e+19    2.7826e+16    3.24792032e-28     
   10.0000       1.2915e+19    4.6416e+16    3.24792032e-28     
   10.0000       1.2915e+19    7.7426e+16    3.24792032e-28     
   10.0000       1.2915e+19    1.2915e+17    3.24792032e-28     
   10.0000       1.2915e+19    2.1544e+17    3.24792032e-28     
   10.0000       1.2915e+19    3.5938e+17    3.24792032e-28     
   10.0000       1.2915e+19    5.9948e+17    3.24792032e-28     
   10.0000       1.2915e+19    1.0000e+18    3.24792032e-28     
   10.0000       2.1544e+19    1.0000e+16    3.25252674e-28     
   10.0000       2.1544e+19    1.6681e+16    3.25252674e-28     
   10.0000       2.1544e+19    2.7826e+16    3.25252674e-28     
   10.0000       2.1544e+19    4.6416e+16    3.25252674e-28     
   10.0000       2.1544e+19    7.7426e+16    3.25252674e-28     
   10.0000       2.1544e+19    1.2915e+17    3.25252674e-28     
   10.0000       2.1544e+19    2.1544e+17    3.25252674e-28     
   10.0000       2.1544e+19    3.5938e+17    3.25252674e-28     
   10.0000       2.1544e+19    5.9948e+17    3.25252674e-28     
   10.0000       2.1544e+19    1.0000e+18    3.25252674e-28     
   10.0000       3.5938e+19    1.0000e+16    3.25571728e-28     
   10.0000       3.5938e+19    1.6681e+16    3.25571728e-28     
   10.0000       3.5938e+19    2.7826e+16    3.25571728e-28     
   10.0000       3.5938e+19    4.6416e+16    3.25571728e-28     
   10.0000       3.5938e+19    7.7426e+16    3.25571728e-28     
   10.0000       3.5938e+19    1.2915e+17    3.25571728e-28     
   10.0000       3.5938e+19    2.1544e+17    3.25571728e-28     
   10.0000       3.5938e+19    3.5938e+17    3.25571728e-28     
   10.0000       3.5938e+19    5.9948e+17    3.25571728e-28     
   10.0000       3.5938e+19    1.0000e+18    3.25571728e-28     
   10.0000       5.9948e+19    1.0000e+16    3.25790106e-28     
   10.0000       5.9948e+19    1.6681e+16    3.25790106e-28     
   10.0000       5.9948e+19    2.7826e+16    3.25790106e-28     
   10.0000       5.9948e+19    4.6416e+16    3.25790106e-28     
   10.0000       5.9948e+19    7.7426e+16    3.25790106e-28     
   10.0000       5.9948e+19    1.2915e+17    3.25790106e-28     
   10.0000       5.9948e+19    2.1544e+17    3.25790106e-28     
   10.0000       5.9948e+19    3.5938e+17    3.25790106e-28     
   10.0000       5.9948e+19    5.9948e+17    3.25790106e-28     
   10.0000       5.9948e+19    1.0000e+18    3.25790106e-28     
   10.0000       1.0000e+20    1.0000e+16    3.25937405e-28     
   10.0000       1.0000e+20    1.6681e+16    3.25937405e-28     
   10.0000       1.0000e+20    2.7826e+16    3.25937405e-28     
   10.0000       1.0000e+20    4.6416e+16    3.25937405e-28     
   10.0000       1.0000e+20    7.7426e+16    3.25937405e-28     
   10.0000       1.0000e+20    1.2915e+17    3.25937405e-28     
   10.0000       1.0000e+20    2.1544e+17    3.25937405e-28     
   10.0000       1.0000e+20    3.5938e+17    3.25937405e-28     
   10.0000       1.0000e+20    5.9948e+17    3.25937405e-28     
   10.0000       1.0000e+20    1.0000e+18    3.25937405e-28     
