#
# Output file generated by Yacora 1.5.0
# =====================================
#   Filename: 'YacoraRun_PopCoeff_n=5.dat'
#   Date of creation: 11. May 2022
#   Time of creation: 10:25:46
#   Used input file: 'H_20_11_2019.txt'
#   Performed calculation: Population Coefficient for state 'H(5)' coupled to the particle 'H-'
#
#   Please cite D. Wünderlich, M. Giacomin, R. Ritz and U. Fantz, J. Quant. Spectrosc. Radiat. Transfer 240, 2020, 106695, if you use Yacora results.
#
# Description of the used Parameters:
# ===================================
#
#   Temperatures and Densities: 
#              T_e: 10 calculated values between 1.0000 and 10.0000
#              T_i1: Fixed value 8000.0000
#              T_i4: Fixed value 8000.0000
#              T_n1: Fixed value 8000.0000
#              n_e: 10 calculated values between 1.0000e+18 and 1.0000e+20
#              n_i1: Fixed value 0.0000
#              n_i4: 10 calculated values between 1.0000e+14 and 1.0000e+16

#   Electron energy distribution function: 
#              Maxwellian
#
# Calculated Data:
# ================
#  T_e           n_e           n_i4          POP_COEFF      
   1.0000        1.0000e+18    1.0000e+14    5.32909834e-24     
   1.0000        1.0000e+18    1.6681e+14    5.32909834e-24     
   1.0000        1.0000e+18    2.7826e+14    5.32909834e-24     
   1.0000        1.0000e+18    4.6416e+14    5.32909834e-24     
   1.0000        1.0000e+18    7.7426e+14    5.32909834e-24     
   1.0000        1.0000e+18    1.2915e+15    5.32909834e-24     
   1.0000        1.0000e+18    2.1544e+15    5.32909834e-24     
   1.0000        1.0000e+18    3.5938e+15    5.32909834e-24     
   1.0000        1.0000e+18    5.9948e+15    5.32909834e-24     
   1.0000        1.0000e+18    1.0000e+16    5.32909834e-24     
   1.0000        1.6681e+18    1.0000e+14    7.47677340e-24     
   1.0000        1.6681e+18    1.6681e+14    7.47677340e-24     
   1.0000        1.6681e+18    2.7826e+14    7.47677340e-24     
   1.0000        1.6681e+18    4.6416e+14    7.47677340e-24     
   1.0000        1.6681e+18    7.7426e+14    7.47677340e-24     
   1.0000        1.6681e+18    1.2915e+15    7.47677340e-24     
   1.0000        1.6681e+18    2.1544e+15    7.47677340e-24     
   1.0000        1.6681e+18    3.5938e+15    7.47677340e-24     
   1.0000        1.6681e+18    5.9948e+15    7.47677340e-24     
   1.0000        1.6681e+18    1.0000e+16    7.47677340e-24     
   1.0000        2.7826e+18    1.0000e+14    9.92725517e-24     
   1.0000        2.7826e+18    1.6681e+14    9.92725517e-24     
   1.0000        2.7826e+18    2.7826e+14    9.92725517e-24     
   1.0000        2.7826e+18    4.6416e+14    9.92725517e-24     
   1.0000        2.7826e+18    7.7426e+14    9.92725517e-24     
   1.0000        2.7826e+18    1.2915e+15    9.92725517e-24     
   1.0000        2.7826e+18    2.1544e+15    9.92725517e-24     
   1.0000        2.7826e+18    3.5938e+15    9.92725517e-24     
   1.0000        2.7826e+18    5.9948e+15    9.92725517e-24     
   1.0000        2.7826e+18    1.0000e+16    9.92725517e-24     
   1.0000        4.6416e+18    1.0000e+14    1.23187722e-23     
   1.0000        4.6416e+18    1.6681e+14    1.23187722e-23     
   1.0000        4.6416e+18    2.7826e+14    1.23187722e-23     
   1.0000        4.6416e+18    4.6416e+14    1.23187722e-23     
   1.0000        4.6416e+18    7.7426e+14    1.23187722e-23     
   1.0000        4.6416e+18    1.2915e+15    1.23187722e-23     
   1.0000        4.6416e+18    2.1544e+15    1.23187722e-23     
   1.0000        4.6416e+18    3.5938e+15    1.23187722e-23     
   1.0000        4.6416e+18    5.9948e+15    1.23187722e-23     
   1.0000        4.6416e+18    1.0000e+16    1.23187722e-23     
   1.0000        7.7426e+18    1.0000e+14    1.41588773e-23     
   1.0000        7.7426e+18    1.6681e+14    1.41588773e-23     
   1.0000        7.7426e+18    2.7826e+14    1.41588773e-23     
   1.0000        7.7426e+18    4.6416e+14    1.41588773e-23     
   1.0000        7.7426e+18    7.7426e+14    1.41588773e-23     
   1.0000        7.7426e+18    1.2915e+15    1.41588773e-23     
   1.0000        7.7426e+18    2.1544e+15    1.41588773e-23     
   1.0000        7.7426e+18    3.5938e+15    1.41588773e-23     
   1.0000        7.7426e+18    5.9948e+15    1.41588773e-23     
   1.0000        7.7426e+18    1.0000e+16    1.41588773e-23     
   1.0000        1.2915e+19    1.0000e+14    1.50073516e-23     
   1.0000        1.2915e+19    1.6681e+14    1.50073516e-23     
   1.0000        1.2915e+19    2.7826e+14    1.50073516e-23     
   1.0000        1.2915e+19    4.6416e+14    1.50073516e-23     
   1.0000        1.2915e+19    7.7426e+14    1.50073516e-23     
   1.0000        1.2915e+19    1.2915e+15    1.50073516e-23     
   1.0000        1.2915e+19    2.1544e+15    1.50073516e-23     
   1.0000        1.2915e+19    3.5938e+15    1.50073516e-23     
   1.0000        1.2915e+19    5.9948e+15    1.50073516e-23     
   1.0000        1.2915e+19    1.0000e+16    1.50073516e-23     
   1.0000        2.1544e+19    1.0000e+14    1.46437009e-23     
   1.0000        2.1544e+19    1.6681e+14    1.46437009e-23     
   1.0000        2.1544e+19    2.7826e+14    1.46437009e-23     
   1.0000        2.1544e+19    4.6416e+14    1.46437009e-23     
   1.0000        2.1544e+19    7.7426e+14    1.46437009e-23     
   1.0000        2.1544e+19    1.2915e+15    1.46437009e-23     
   1.0000        2.1544e+19    2.1544e+15    1.46437009e-23     
   1.0000        2.1544e+19    3.5938e+15    1.46437009e-23     
   1.0000        2.1544e+19    5.9948e+15    1.46437009e-23     
   1.0000        2.1544e+19    1.0000e+16    1.46437009e-23     
   1.0000        3.5938e+19    1.0000e+14    1.31420511e-23     
   1.0000        3.5938e+19    1.6681e+14    1.31420511e-23     
   1.0000        3.5938e+19    2.7826e+14    1.31420511e-23     
   1.0000        3.5938e+19    4.6416e+14    1.31420511e-23     
   1.0000        3.5938e+19    7.7426e+14    1.31420511e-23     
   1.0000        3.5938e+19    1.2915e+15    1.31420511e-23     
   1.0000        3.5938e+19    2.1544e+15    1.31420511e-23     
   1.0000        3.5938e+19    3.5938e+15    1.31420511e-23     
   1.0000        3.5938e+19    5.9948e+15    1.31420511e-23     
   1.0000        3.5938e+19    1.0000e+16    1.31420511e-23     
   1.0000        5.9948e+19    1.0000e+14    1.08537923e-23     
   1.0000        5.9948e+19    1.6681e+14    1.08537923e-23     
   1.0000        5.9948e+19    2.7826e+14    1.08537923e-23     
   1.0000        5.9948e+19    4.6416e+14    1.08537923e-23     
   1.0000        5.9948e+19    7.7426e+14    1.08537923e-23     
   1.0000        5.9948e+19    1.2915e+15    1.08537923e-23     
   1.0000        5.9948e+19    2.1544e+15    1.08537923e-23     
   1.0000        5.9948e+19    3.5938e+15    1.08537923e-23     
   1.0000        5.9948e+19    5.9948e+15    1.08537923e-23     
   1.0000        5.9948e+19    1.0000e+16    1.08537923e-23     
   1.0000        1.0000e+20    1.0000e+14    8.28798272e-24     
   1.0000        1.0000e+20    1.6681e+14    8.28798272e-24     
   1.0000        1.0000e+20    2.7826e+14    8.28798272e-24     
   1.0000        1.0000e+20    4.6416e+14    8.28798272e-24     
   1.0000        1.0000e+20    7.7426e+14    8.28798272e-24     
   1.0000        1.0000e+20    1.2915e+15    8.28798272e-24     
   1.0000        1.0000e+20    2.1544e+15    8.28798272e-24     
   1.0000        1.0000e+20    3.5938e+15    8.28798272e-24     
   1.0000        1.0000e+20    5.9948e+15    8.28798272e-24     
   1.0000        1.0000e+20    1.0000e+16    8.28798272e-24     
   1.2915        1.0000e+18    1.0000e+14    6.69888296e-24     
   1.2915        1.0000e+18    1.6681e+14    6.69888296e-24     
   1.2915        1.0000e+18    2.7826e+14    6.69888296e-24     
   1.2915        1.0000e+18    4.6416e+14    6.69888296e-24     
   1.2915        1.0000e+18    7.7426e+14    6.69888296e-24     
   1.2915        1.0000e+18    1.2915e+15    6.69888296e-24     
   1.2915        1.0000e+18    2.1544e+15    6.69888296e-24     
   1.2915        1.0000e+18    3.5938e+15    6.69888296e-24     
   1.2915        1.0000e+18    5.9948e+15    6.69888296e-24     
   1.2915        1.0000e+18    1.0000e+16    6.69888296e-24     
   1.2915        1.6681e+18    1.0000e+14    9.19682690e-24     
   1.2915        1.6681e+18    1.6681e+14    9.19682690e-24     
   1.2915        1.6681e+18    2.7826e+14    9.19682690e-24     
   1.2915        1.6681e+18    4.6416e+14    9.19682690e-24     
   1.2915        1.6681e+18    7.7426e+14    9.19682690e-24     
   1.2915        1.6681e+18    1.2915e+15    9.19682690e-24     
   1.2915        1.6681e+18    2.1544e+15    9.19682690e-24     
   1.2915        1.6681e+18    3.5938e+15    9.19682690e-24     
   1.2915        1.6681e+18    5.9948e+15    9.19682690e-24     
   1.2915        1.6681e+18    1.0000e+16    9.19682690e-24     
   1.2915        2.7826e+18    1.0000e+14    1.18899642e-23     
   1.2915        2.7826e+18    1.6681e+14    1.18899642e-23     
   1.2915        2.7826e+18    2.7826e+14    1.18899642e-23     
   1.2915        2.7826e+18    4.6416e+14    1.18899642e-23     
   1.2915        2.7826e+18    7.7426e+14    1.18899642e-23     
   1.2915        2.7826e+18    1.2915e+15    1.18899642e-23     
   1.2915        2.7826e+18    2.1544e+15    1.18899642e-23     
   1.2915        2.7826e+18    3.5938e+15    1.18899642e-23     
   1.2915        2.7826e+18    5.9948e+15    1.18899642e-23     
   1.2915        2.7826e+18    1.0000e+16    1.18899642e-23     
   1.2915        4.6416e+18    1.0000e+14    1.43069489e-23     
   1.2915        4.6416e+18    1.6681e+14    1.43069489e-23     
   1.2915        4.6416e+18    2.7826e+14    1.43069489e-23     
   1.2915        4.6416e+18    4.6416e+14    1.43069489e-23     
   1.2915        4.6416e+18    7.7426e+14    1.43069489e-23     
   1.2915        4.6416e+18    1.2915e+15    1.43069489e-23     
   1.2915        4.6416e+18    2.1544e+15    1.43069489e-23     
   1.2915        4.6416e+18    3.5938e+15    1.43069489e-23     
   1.2915        4.6416e+18    5.9948e+15    1.43069489e-23     
   1.2915        4.6416e+18    1.0000e+16    1.43069489e-23     
   1.2915        7.7426e+18    1.0000e+14    1.59017449e-23     
   1.2915        7.7426e+18    1.6681e+14    1.59017449e-23     
   1.2915        7.7426e+18    2.7826e+14    1.59017449e-23     
   1.2915        7.7426e+18    4.6416e+14    1.59017449e-23     
   1.2915        7.7426e+18    7.7426e+14    1.59017449e-23     
   1.2915        7.7426e+18    1.2915e+15    1.59017449e-23     
   1.2915        7.7426e+18    2.1544e+15    1.59017449e-23     
   1.2915        7.7426e+18    3.5938e+15    1.59017449e-23     
   1.2915        7.7426e+18    5.9948e+15    1.59017449e-23     
   1.2915        7.7426e+18    1.0000e+16    1.59017449e-23     
   1.2915        1.2915e+19    1.0000e+14    1.62686851e-23     
   1.2915        1.2915e+19    1.6681e+14    1.62686851e-23     
   1.2915        1.2915e+19    2.7826e+14    1.62686851e-23     
   1.2915        1.2915e+19    4.6416e+14    1.62686851e-23     
   1.2915        1.2915e+19    7.7426e+14    1.62686851e-23     
   1.2915        1.2915e+19    1.2915e+15    1.62686851e-23     
   1.2915        1.2915e+19    2.1544e+15    1.62686851e-23     
   1.2915        1.2915e+19    3.5938e+15    1.62686851e-23     
   1.2915        1.2915e+19    5.9948e+15    1.62686851e-23     
   1.2915        1.2915e+19    1.0000e+16    1.62686851e-23     
   1.2915        2.1544e+19    1.0000e+14    1.52971030e-23     
   1.2915        2.1544e+19    1.6681e+14    1.52971030e-23     
   1.2915        2.1544e+19    2.7826e+14    1.52971030e-23     
   1.2915        2.1544e+19    4.6416e+14    1.52971030e-23     
   1.2915        2.1544e+19    7.7426e+14    1.52971030e-23     
   1.2915        2.1544e+19    1.2915e+15    1.52971030e-23     
   1.2915        2.1544e+19    2.1544e+15    1.52971030e-23     
   1.2915        2.1544e+19    3.5938e+15    1.52971030e-23     
   1.2915        2.1544e+19    5.9948e+15    1.52971030e-23     
   1.2915        2.1544e+19    1.0000e+16    1.52971030e-23     
   1.2915        3.5938e+19    1.0000e+14    1.32139697e-23     
   1.2915        3.5938e+19    1.6681e+14    1.32139697e-23     
   1.2915        3.5938e+19    2.7826e+14    1.32139697e-23     
   1.2915        3.5938e+19    4.6416e+14    1.32139697e-23     
   1.2915        3.5938e+19    7.7426e+14    1.32139697e-23     
   1.2915        3.5938e+19    1.2915e+15    1.32139697e-23     
   1.2915        3.5938e+19    2.1544e+15    1.32139697e-23     
   1.2915        3.5938e+19    3.5938e+15    1.32139697e-23     
   1.2915        3.5938e+19    5.9948e+15    1.32139697e-23     
   1.2915        3.5938e+19    1.0000e+16    1.32139697e-23     
   1.2915        5.9948e+19    1.0000e+14    1.05120237e-23     
   1.2915        5.9948e+19    1.6681e+14    1.05120237e-23     
   1.2915        5.9948e+19    2.7826e+14    1.05120237e-23     
   1.2915        5.9948e+19    4.6416e+14    1.05120237e-23     
   1.2915        5.9948e+19    7.7426e+14    1.05120237e-23     
   1.2915        5.9948e+19    1.2915e+15    1.05120237e-23     
   1.2915        5.9948e+19    2.1544e+15    1.05120237e-23     
   1.2915        5.9948e+19    3.5938e+15    1.05120237e-23     
   1.2915        5.9948e+19    5.9948e+15    1.05120237e-23     
   1.2915        5.9948e+19    1.0000e+16    1.05120237e-23     
   1.2915        1.0000e+20    1.0000e+14    7.76059517e-24     
   1.2915        1.0000e+20    1.6681e+14    7.76059517e-24     
   1.2915        1.0000e+20    2.7826e+14    7.76059517e-24     
   1.2915        1.0000e+20    4.6416e+14    7.76059517e-24     
   1.2915        1.0000e+20    7.7426e+14    7.76059517e-24     
   1.2915        1.0000e+20    1.2915e+15    7.76059517e-24     
   1.2915        1.0000e+20    2.1544e+15    7.76059517e-24     
   1.2915        1.0000e+20    3.5938e+15    7.76059517e-24     
   1.2915        1.0000e+20    5.9948e+15    7.76059517e-24     
   1.2915        1.0000e+20    1.0000e+16    7.76059517e-24     
   1.6681        1.0000e+18    1.0000e+14    8.05762076e-24     
   1.6681        1.0000e+18    1.6681e+14    8.05762076e-24     
   1.6681        1.0000e+18    2.7826e+14    8.05762076e-24     
   1.6681        1.0000e+18    4.6416e+14    8.05762076e-24     
   1.6681        1.0000e+18    7.7426e+14    8.05762076e-24     
   1.6681        1.0000e+18    1.2915e+15    8.05762076e-24     
   1.6681        1.0000e+18    2.1544e+15    8.05762076e-24     
   1.6681        1.0000e+18    3.5938e+15    8.05762076e-24     
   1.6681        1.0000e+18    5.9948e+15    8.05762076e-24     
   1.6681        1.0000e+18    1.0000e+16    8.05762076e-24     
   1.6681        1.6681e+18    1.0000e+14    1.08505030e-23     
   1.6681        1.6681e+18    1.6681e+14    1.08505030e-23     
   1.6681        1.6681e+18    2.7826e+14    1.08505030e-23     
   1.6681        1.6681e+18    4.6416e+14    1.08505030e-23     
   1.6681        1.6681e+18    7.7426e+14    1.08505030e-23     
   1.6681        1.6681e+18    1.2915e+15    1.08505030e-23     
   1.6681        1.6681e+18    2.1544e+15    1.08505030e-23     
   1.6681        1.6681e+18    3.5938e+15    1.08505030e-23     
   1.6681        1.6681e+18    5.9948e+15    1.08505030e-23     
   1.6681        1.6681e+18    1.0000e+16    1.08505030e-23     
   1.6681        2.7826e+18    1.0000e+14    1.36982887e-23     
   1.6681        2.7826e+18    1.6681e+14    1.36982887e-23     
   1.6681        2.7826e+18    2.7826e+14    1.36982887e-23     
   1.6681        2.7826e+18    4.6416e+14    1.36982887e-23     
   1.6681        2.7826e+18    7.7426e+14    1.36982887e-23     
   1.6681        2.7826e+18    1.2915e+15    1.36982887e-23     
   1.6681        2.7826e+18    2.1544e+15    1.36982887e-23     
   1.6681        2.7826e+18    3.5938e+15    1.36982887e-23     
   1.6681        2.7826e+18    5.9948e+15    1.36982887e-23     
   1.6681        2.7826e+18    1.0000e+16    1.36982887e-23     
   1.6681        4.6416e+18    1.0000e+14    1.60385984e-23     
   1.6681        4.6416e+18    1.6681e+14    1.60385984e-23     
   1.6681        4.6416e+18    2.7826e+14    1.60385984e-23     
   1.6681        4.6416e+18    4.6416e+14    1.60385984e-23     
   1.6681        4.6416e+18    7.7426e+14    1.60385984e-23     
   1.6681        4.6416e+18    1.2915e+15    1.60385984e-23     
   1.6681        4.6416e+18    2.1544e+15    1.60385984e-23     
   1.6681        4.6416e+18    3.5938e+15    1.60385984e-23     
   1.6681        4.6416e+18    5.9948e+15    1.60385984e-23     
   1.6681        4.6416e+18    1.0000e+16    1.60385984e-23     
   1.6681        7.7426e+18    1.0000e+14    1.73044157e-23     
   1.6681        7.7426e+18    1.6681e+14    1.73044157e-23     
   1.6681        7.7426e+18    2.7826e+14    1.73044157e-23     
   1.6681        7.7426e+18    4.6416e+14    1.73044157e-23     
   1.6681        7.7426e+18    7.7426e+14    1.73044157e-23     
   1.6681        7.7426e+18    1.2915e+15    1.73044157e-23     
   1.6681        7.7426e+18    2.1544e+15    1.73044157e-23     
   1.6681        7.7426e+18    3.5938e+15    1.73044157e-23     
   1.6681        7.7426e+18    5.9948e+15    1.73044157e-23     
   1.6681        7.7426e+18    1.0000e+16    1.73044157e-23     
   1.6681        1.2915e+19    1.0000e+14    1.71544754e-23     
   1.6681        1.2915e+19    1.6681e+14    1.71544754e-23     
   1.6681        1.2915e+19    2.7826e+14    1.71544754e-23     
   1.6681        1.2915e+19    4.6416e+14    1.71544754e-23     
   1.6681        1.2915e+19    7.7426e+14    1.71544754e-23     
   1.6681        1.2915e+19    1.2915e+15    1.71544754e-23     
   1.6681        1.2915e+19    2.1544e+15    1.71544754e-23     
   1.6681        1.2915e+19    3.5938e+15    1.71544754e-23     
   1.6681        1.2915e+19    5.9948e+15    1.71544754e-23     
   1.6681        1.2915e+19    1.0000e+16    1.71544754e-23     
   1.6681        2.1544e+19    1.0000e+14    1.56062956e-23     
   1.6681        2.1544e+19    1.6681e+14    1.56062956e-23     
   1.6681        2.1544e+19    2.7826e+14    1.56062956e-23     
   1.6681        2.1544e+19    4.6416e+14    1.56062956e-23     
   1.6681        2.1544e+19    7.7426e+14    1.56062956e-23     
   1.6681        2.1544e+19    1.2915e+15    1.56062956e-23     
   1.6681        2.1544e+19    2.1544e+15    1.56062956e-23     
   1.6681        2.1544e+19    3.5938e+15    1.56062956e-23     
   1.6681        2.1544e+19    5.9948e+15    1.56062956e-23     
   1.6681        2.1544e+19    1.0000e+16    1.56062956e-23     
   1.6681        3.5938e+19    1.0000e+14    1.30374095e-23     
   1.6681        3.5938e+19    1.6681e+14    1.30374095e-23     
   1.6681        3.5938e+19    2.7826e+14    1.30374095e-23     
   1.6681        3.5938e+19    4.6416e+14    1.30374095e-23     
   1.6681        3.5938e+19    7.7426e+14    1.30374095e-23     
   1.6681        3.5938e+19    1.2915e+15    1.30374095e-23     
   1.6681        3.5938e+19    2.1544e+15    1.30374095e-23     
   1.6681        3.5938e+19    3.5938e+15    1.30374095e-23     
   1.6681        3.5938e+19    5.9948e+15    1.30374095e-23     
   1.6681        3.5938e+19    1.0000e+16    1.30374095e-23     
   1.6681        5.9948e+19    1.0000e+14    1.00480546e-23     
   1.6681        5.9948e+19    1.6681e+14    1.00480546e-23     
   1.6681        5.9948e+19    2.7826e+14    1.00480546e-23     
   1.6681        5.9948e+19    4.6416e+14    1.00480546e-23     
   1.6681        5.9948e+19    7.7426e+14    1.00480546e-23     
   1.6681        5.9948e+19    1.2915e+15    1.00480546e-23     
   1.6681        5.9948e+19    2.1544e+15    1.00480546e-23     
   1.6681        5.9948e+19    3.5938e+15    1.00480546e-23     
   1.6681        5.9948e+19    5.9948e+15    1.00480546e-23     
   1.6681        5.9948e+19    1.0000e+16    1.00480546e-23     
   1.6681        1.0000e+20    1.0000e+14    7.21811055e-24     
   1.6681        1.0000e+20    1.6681e+14    7.21811055e-24     
   1.6681        1.0000e+20    2.7826e+14    7.21811055e-24     
   1.6681        1.0000e+20    4.6416e+14    7.21811055e-24     
   1.6681        1.0000e+20    7.7426e+14    7.21811055e-24     
   1.6681        1.0000e+20    1.2915e+15    7.21811055e-24     
   1.6681        1.0000e+20    2.1544e+15    7.21811055e-24     
   1.6681        1.0000e+20    3.5938e+15    7.21811055e-24     
   1.6681        1.0000e+20    5.9948e+15    7.21811055e-24     
   1.6681        1.0000e+20    1.0000e+16    7.21811055e-24     
   2.1544        1.0000e+18    1.0000e+14    9.35849643e-24     
   2.1544        1.0000e+18    1.6681e+14    9.35849643e-24     
   2.1544        1.0000e+18    2.7826e+14    9.35849643e-24     
   2.1544        1.0000e+18    4.6416e+14    9.35849643e-24     
   2.1544        1.0000e+18    7.7426e+14    9.35849643e-24     
   2.1544        1.0000e+18    1.2915e+15    9.35849643e-24     
   2.1544        1.0000e+18    2.1544e+15    9.35849643e-24     
   2.1544        1.0000e+18    3.5938e+15    9.35849643e-24     
   2.1544        1.0000e+18    5.9948e+15    9.35849643e-24     
   2.1544        1.0000e+18    1.0000e+16    9.35849643e-24     
   2.1544        1.6681e+18    1.0000e+14    1.23927427e-23     
   2.1544        1.6681e+18    1.6681e+14    1.23927427e-23     
   2.1544        1.6681e+18    2.7826e+14    1.23927427e-23     
   2.1544        1.6681e+18    4.6416e+14    1.23927427e-23     
   2.1544        1.6681e+18    7.7426e+14    1.23927427e-23     
   2.1544        1.6681e+18    1.2915e+15    1.23927427e-23     
   2.1544        1.6681e+18    2.1544e+15    1.23927427e-23     
   2.1544        1.6681e+18    3.5938e+15    1.23927427e-23     
   2.1544        1.6681e+18    5.9948e+15    1.23927427e-23     
   2.1544        1.6681e+18    1.0000e+16    1.23927427e-23     
   2.1544        2.7826e+18    1.0000e+14    1.53256682e-23     
   2.1544        2.7826e+18    1.6681e+14    1.53256682e-23     
   2.1544        2.7826e+18    2.7826e+14    1.53256682e-23     
   2.1544        2.7826e+18    4.6416e+14    1.53256682e-23     
   2.1544        2.7826e+18    7.7426e+14    1.53256682e-23     
   2.1544        2.7826e+18    1.2915e+15    1.53256682e-23     
   2.1544        2.7826e+18    2.1544e+15    1.53256682e-23     
   2.1544        2.7826e+18    3.5938e+15    1.53256682e-23     
   2.1544        2.7826e+18    5.9948e+15    1.53256682e-23     
   2.1544        2.7826e+18    1.0000e+16    1.53256682e-23     
   2.1544        4.6416e+18    1.0000e+14    1.75249401e-23     
   2.1544        4.6416e+18    1.6681e+14    1.75249401e-23     
   2.1544        4.6416e+18    2.7826e+14    1.75249401e-23     
   2.1544        4.6416e+18    4.6416e+14    1.75249401e-23     
   2.1544        4.6416e+18    7.7426e+14    1.75249401e-23     
   2.1544        4.6416e+18    1.2915e+15    1.75249401e-23     
   2.1544        4.6416e+18    2.1544e+15    1.75249401e-23     
   2.1544        4.6416e+18    3.5938e+15    1.75249401e-23     
   2.1544        4.6416e+18    5.9948e+15    1.75249401e-23     
   2.1544        4.6416e+18    1.0000e+16    1.75249401e-23     
   2.1544        7.7426e+18    1.0000e+14    1.84279113e-23     
   2.1544        7.7426e+18    1.6681e+14    1.84279113e-23     
   2.1544        7.7426e+18    2.7826e+14    1.84279113e-23     
   2.1544        7.7426e+18    4.6416e+14    1.84279113e-23     
   2.1544        7.7426e+18    7.7426e+14    1.84279113e-23     
   2.1544        7.7426e+18    1.2915e+15    1.84279113e-23     
   2.1544        7.7426e+18    2.1544e+15    1.84279113e-23     
   2.1544        7.7426e+18    3.5938e+15    1.84279113e-23     
   2.1544        7.7426e+18    5.9948e+15    1.84279113e-23     
   2.1544        7.7426e+18    1.0000e+16    1.84279113e-23     
   2.1544        1.2915e+19    1.0000e+14    1.77753180e-23     
   2.1544        1.2915e+19    1.6681e+14    1.77753180e-23     
   2.1544        1.2915e+19    2.7826e+14    1.77753180e-23     
   2.1544        1.2915e+19    4.6416e+14    1.77753180e-23     
   2.1544        1.2915e+19    7.7426e+14    1.77753180e-23     
   2.1544        1.2915e+19    1.2915e+15    1.77753180e-23     
   2.1544        1.2915e+19    2.1544e+15    1.77753180e-23     
   2.1544        1.2915e+19    3.5938e+15    1.77753180e-23     
   2.1544        1.2915e+19    5.9948e+15    1.77753180e-23     
   2.1544        1.2915e+19    1.0000e+16    1.77753180e-23     
   2.1544        2.1544e+19    1.0000e+14    1.57171470e-23     
   2.1544        2.1544e+19    1.6681e+14    1.57171470e-23     
   2.1544        2.1544e+19    2.7826e+14    1.57171470e-23     
   2.1544        2.1544e+19    4.6416e+14    1.57171470e-23     
   2.1544        2.1544e+19    7.7426e+14    1.57171470e-23     
   2.1544        2.1544e+19    1.2915e+15    1.57171470e-23     
   2.1544        2.1544e+19    2.1544e+15    1.57171470e-23     
   2.1544        2.1544e+19    3.5938e+15    1.57171470e-23     
   2.1544        2.1544e+19    5.9948e+15    1.57171470e-23     
   2.1544        2.1544e+19    1.0000e+16    1.57171470e-23     
   2.1544        3.5938e+19    1.0000e+14    1.27644166e-23     
   2.1544        3.5938e+19    1.6681e+14    1.27644166e-23     
   2.1544        3.5938e+19    2.7826e+14    1.27644166e-23     
   2.1544        3.5938e+19    4.6416e+14    1.27644166e-23     
   2.1544        3.5938e+19    7.7426e+14    1.27644166e-23     
   2.1544        3.5938e+19    1.2915e+15    1.27644166e-23     
   2.1544        3.5938e+19    2.1544e+15    1.27644166e-23     
   2.1544        3.5938e+19    3.5938e+15    1.27644166e-23     
   2.1544        3.5938e+19    5.9948e+15    1.27644166e-23     
   2.1544        3.5938e+19    1.0000e+16    1.27644166e-23     
   2.1544        5.9948e+19    1.0000e+14    9.58683686e-24     
   2.1544        5.9948e+19    1.6681e+14    9.58683686e-24     
   2.1544        5.9948e+19    2.7826e+14    9.58683686e-24     
   2.1544        5.9948e+19    4.6416e+14    9.58683686e-24     
   2.1544        5.9948e+19    7.7426e+14    9.58683686e-24     
   2.1544        5.9948e+19    1.2915e+15    9.58683686e-24     
   2.1544        5.9948e+19    2.1544e+15    9.58683686e-24     
   2.1544        5.9948e+19    3.5938e+15    9.58683686e-24     
   2.1544        5.9948e+19    5.9948e+15    9.58683686e-24     
   2.1544        5.9948e+19    1.0000e+16    9.58683686e-24     
   2.1544        1.0000e+20    1.0000e+14    6.74086852e-24     
   2.1544        1.0000e+20    1.6681e+14    6.74086852e-24     
   2.1544        1.0000e+20    2.7826e+14    6.74086852e-24     
   2.1544        1.0000e+20    4.6416e+14    6.74086852e-24     
   2.1544        1.0000e+20    7.7426e+14    6.74086852e-24     
   2.1544        1.0000e+20    1.2915e+15    6.74086852e-24     
   2.1544        1.0000e+20    2.1544e+15    6.74086852e-24     
   2.1544        1.0000e+20    3.5938e+15    6.74086852e-24     
   2.1544        1.0000e+20    5.9948e+15    6.74086852e-24     
   2.1544        1.0000e+20    1.0000e+16    6.74086852e-24     
   2.7826        1.0000e+18    1.0000e+14    1.05650510e-23     
   2.7826        1.0000e+18    1.6681e+14    1.05650510e-23     
   2.7826        1.0000e+18    2.7826e+14    1.05650510e-23     
   2.7826        1.0000e+18    4.6416e+14    1.05650510e-23     
   2.7826        1.0000e+18    7.7426e+14    1.05650510e-23     
   2.7826        1.0000e+18    1.2915e+15    1.05650510e-23     
   2.7826        1.0000e+18    2.1544e+15    1.05650510e-23     
   2.7826        1.0000e+18    3.5938e+15    1.05650510e-23     
   2.7826        1.0000e+18    5.9948e+15    1.05650510e-23     
   2.7826        1.0000e+18    1.0000e+16    1.05650510e-23     
   2.7826        1.6681e+18    1.0000e+14    1.37959560e-23     
   2.7826        1.6681e+18    1.6681e+14    1.37959560e-23     
   2.7826        1.6681e+18    2.7826e+14    1.37959560e-23     
   2.7826        1.6681e+18    4.6416e+14    1.37959560e-23     
   2.7826        1.6681e+18    7.7426e+14    1.37959560e-23     
   2.7826        1.6681e+18    1.2915e+15    1.37959560e-23     
   2.7826        1.6681e+18    2.1544e+15    1.37959560e-23     
   2.7826        1.6681e+18    3.5938e+15    1.37959560e-23     
   2.7826        1.6681e+18    5.9948e+15    1.37959560e-23     
   2.7826        1.6681e+18    1.0000e+16    1.37959560e-23     
   2.7826        2.7826e+18    1.0000e+14    1.67687611e-23     
   2.7826        2.7826e+18    1.6681e+14    1.67687611e-23     
   2.7826        2.7826e+18    2.7826e+14    1.67687611e-23     
   2.7826        2.7826e+18    4.6416e+14    1.67687611e-23     
   2.7826        2.7826e+18    7.7426e+14    1.67687611e-23     
   2.7826        2.7826e+18    1.2915e+15    1.67687611e-23     
   2.7826        2.7826e+18    2.1544e+15    1.67687611e-23     
   2.7826        2.7826e+18    3.5938e+15    1.67687611e-23     
   2.7826        2.7826e+18    5.9948e+15    1.67687611e-23     
   2.7826        2.7826e+18    1.0000e+16    1.67687611e-23     
   2.7826        4.6416e+18    1.0000e+14    1.87997746e-23     
   2.7826        4.6416e+18    1.6681e+14    1.87997746e-23     
   2.7826        4.6416e+18    2.7826e+14    1.87997746e-23     
   2.7826        4.6416e+18    4.6416e+14    1.87997746e-23     
   2.7826        4.6416e+18    7.7426e+14    1.87997746e-23     
   2.7826        4.6416e+18    1.2915e+15    1.87997746e-23     
   2.7826        4.6416e+18    2.1544e+15    1.87997746e-23     
   2.7826        4.6416e+18    3.5938e+15    1.87997746e-23     
   2.7826        4.6416e+18    5.9948e+15    1.87997746e-23     
   2.7826        4.6416e+18    1.0000e+16    1.87997746e-23     
   2.7826        7.7426e+18    1.0000e+14    1.93465108e-23     
   2.7826        7.7426e+18    1.6681e+14    1.93465108e-23     
   2.7826        7.7426e+18    2.7826e+14    1.93465108e-23     
   2.7826        7.7426e+18    4.6416e+14    1.93465108e-23     
   2.7826        7.7426e+18    7.7426e+14    1.93465108e-23     
   2.7826        7.7426e+18    1.2915e+15    1.93465108e-23     
   2.7826        7.7426e+18    2.1544e+15    1.93465108e-23     
   2.7826        7.7426e+18    3.5938e+15    1.93465108e-23     
   2.7826        7.7426e+18    5.9948e+15    1.93465108e-23     
   2.7826        7.7426e+18    1.0000e+16    1.93465108e-23     
   2.7826        1.2915e+19    1.0000e+14    1.82376681e-23     
   2.7826        1.2915e+19    1.6681e+14    1.82376681e-23     
   2.7826        1.2915e+19    2.7826e+14    1.82376681e-23     
   2.7826        1.2915e+19    4.6416e+14    1.82376681e-23     
   2.7826        1.2915e+19    7.7426e+14    1.82376681e-23     
   2.7826        1.2915e+19    1.2915e+15    1.82376681e-23     
   2.7826        1.2915e+19    2.1544e+15    1.82376681e-23     
   2.7826        1.2915e+19    3.5938e+15    1.82376681e-23     
   2.7826        1.2915e+19    5.9948e+15    1.82376681e-23     
   2.7826        1.2915e+19    1.0000e+16    1.82376681e-23     
   2.7826        2.1544e+19    1.0000e+14    1.57484956e-23     
   2.7826        2.1544e+19    1.6681e+14    1.57484956e-23     
   2.7826        2.1544e+19    2.7826e+14    1.57484956e-23     
   2.7826        2.1544e+19    4.6416e+14    1.57484956e-23     
   2.7826        2.1544e+19    7.7426e+14    1.57484956e-23     
   2.7826        2.1544e+19    1.2915e+15    1.57484956e-23     
   2.7826        2.1544e+19    2.1544e+15    1.57484956e-23     
   2.7826        2.1544e+19    3.5938e+15    1.57484956e-23     
   2.7826        2.1544e+19    5.9948e+15    1.57484956e-23     
   2.7826        2.1544e+19    1.0000e+16    1.57484956e-23     
   2.7826        3.5938e+19    1.0000e+14    1.24995505e-23     
   2.7826        3.5938e+19    1.6681e+14    1.24995505e-23     
   2.7826        3.5938e+19    2.7826e+14    1.24995505e-23     
   2.7826        3.5938e+19    4.6416e+14    1.24995505e-23     
   2.7826        3.5938e+19    7.7426e+14    1.24995505e-23     
   2.7826        3.5938e+19    1.2915e+15    1.24995505e-23     
   2.7826        3.5938e+19    2.1544e+15    1.24995505e-23     
   2.7826        3.5938e+19    3.5938e+15    1.24995505e-23     
   2.7826        3.5938e+19    5.9948e+15    1.24995505e-23     
   2.7826        3.5938e+19    1.0000e+16    1.24995505e-23     
   2.7826        5.9948e+19    1.0000e+14    9.19878942e-24     
   2.7826        5.9948e+19    1.6681e+14    9.19878942e-24     
   2.7826        5.9948e+19    2.7826e+14    9.19878942e-24     
   2.7826        5.9948e+19    4.6416e+14    9.19878942e-24     
   2.7826        5.9948e+19    7.7426e+14    9.19878942e-24     
   2.7826        5.9948e+19    1.2915e+15    9.19878942e-24     
   2.7826        5.9948e+19    2.1544e+15    9.19878942e-24     
   2.7826        5.9948e+19    3.5938e+15    9.19878942e-24     
   2.7826        5.9948e+19    5.9948e+15    9.19878942e-24     
   2.7826        5.9948e+19    1.0000e+16    9.19878942e-24     
   2.7826        1.0000e+20    1.0000e+14    6.36322466e-24     
   2.7826        1.0000e+20    1.6681e+14    6.36322466e-24     
   2.7826        1.0000e+20    2.7826e+14    6.36322466e-24     
   2.7826        1.0000e+20    4.6416e+14    6.36322466e-24     
   2.7826        1.0000e+20    7.7426e+14    6.36322466e-24     
   2.7826        1.0000e+20    1.2915e+15    6.36322466e-24     
   2.7826        1.0000e+20    2.1544e+15    6.36322466e-24     
   2.7826        1.0000e+20    3.5938e+15    6.36322466e-24     
   2.7826        1.0000e+20    5.9948e+15    6.36322466e-24     
   2.7826        1.0000e+20    1.0000e+16    6.36322466e-24     
   3.5938        1.0000e+18    1.0000e+14    1.16495623e-23     
   3.5938        1.0000e+18    1.6681e+14    1.16495623e-23     
   3.5938        1.0000e+18    2.7826e+14    1.16495623e-23     
   3.5938        1.0000e+18    4.6416e+14    1.16495623e-23     
   3.5938        1.0000e+18    7.7426e+14    1.16495623e-23     
   3.5938        1.0000e+18    1.2915e+15    1.16495623e-23     
   3.5938        1.0000e+18    2.1544e+15    1.16495623e-23     
   3.5938        1.0000e+18    3.5938e+15    1.16495623e-23     
   3.5938        1.0000e+18    5.9948e+15    1.16495623e-23     
   3.5938        1.0000e+18    1.0000e+16    1.16495623e-23     
   3.5938        1.6681e+18    1.0000e+14    1.50447546e-23     
   3.5938        1.6681e+18    1.6681e+14    1.50447546e-23     
   3.5938        1.6681e+18    2.7826e+14    1.50447546e-23     
   3.5938        1.6681e+18    4.6416e+14    1.50447546e-23     
   3.5938        1.6681e+18    7.7426e+14    1.50447546e-23     
   3.5938        1.6681e+18    1.2915e+15    1.50447546e-23     
   3.5938        1.6681e+18    2.1544e+15    1.50447546e-23     
   3.5938        1.6681e+18    3.5938e+15    1.50447546e-23     
   3.5938        1.6681e+18    5.9948e+15    1.50447546e-23     
   3.5938        1.6681e+18    1.0000e+16    1.50447546e-23     
   3.5938        2.7826e+18    1.0000e+14    1.80368492e-23     
   3.5938        2.7826e+18    1.6681e+14    1.80368492e-23     
   3.5938        2.7826e+18    2.7826e+14    1.80368492e-23     
   3.5938        2.7826e+18    4.6416e+14    1.80368492e-23     
   3.5938        2.7826e+18    7.7426e+14    1.80368492e-23     
   3.5938        2.7826e+18    1.2915e+15    1.80368492e-23     
   3.5938        2.7826e+18    2.1544e+15    1.80368492e-23     
   3.5938        2.7826e+18    3.5938e+15    1.80368492e-23     
   3.5938        2.7826e+18    5.9948e+15    1.80368492e-23     
   3.5938        2.7826e+18    1.0000e+16    1.80368492e-23     
   3.5938        4.6416e+18    1.0000e+14    1.99041972e-23     
   3.5938        4.6416e+18    1.6681e+14    1.99041972e-23     
   3.5938        4.6416e+18    2.7826e+14    1.99041972e-23     
   3.5938        4.6416e+18    4.6416e+14    1.99041972e-23     
   3.5938        4.6416e+18    7.7426e+14    1.99041972e-23     
   3.5938        4.6416e+18    1.2915e+15    1.99041972e-23     
   3.5938        4.6416e+18    2.1544e+15    1.99041972e-23     
   3.5938        4.6416e+18    3.5938e+15    1.99041972e-23     
   3.5938        4.6416e+18    5.9948e+15    1.99041972e-23     
   3.5938        4.6416e+18    1.0000e+16    1.99041972e-23     
   3.5938        7.7426e+18    1.0000e+14    2.01306942e-23     
   3.5938        7.7426e+18    1.6681e+14    2.01306942e-23     
   3.5938        7.7426e+18    2.7826e+14    2.01306942e-23     
   3.5938        7.7426e+18    4.6416e+14    2.01306942e-23     
   3.5938        7.7426e+18    7.7426e+14    2.01306942e-23     
   3.5938        7.7426e+18    1.2915e+15    2.01306942e-23     
   3.5938        7.7426e+18    2.1544e+15    2.01306942e-23     
   3.5938        7.7426e+18    3.5938e+15    2.01306942e-23     
   3.5938        7.7426e+18    5.9948e+15    2.01306942e-23     
   3.5938        7.7426e+18    1.0000e+16    2.01306942e-23     
   3.5938        1.2915e+19    1.0000e+14    1.86291715e-23     
   3.5938        1.2915e+19    1.6681e+14    1.86291715e-23     
   3.5938        1.2915e+19    2.7826e+14    1.86291715e-23     
   3.5938        1.2915e+19    4.6416e+14    1.86291715e-23     
   3.5938        1.2915e+19    7.7426e+14    1.86291715e-23     
   3.5938        1.2915e+19    1.2915e+15    1.86291715e-23     
   3.5938        1.2915e+19    2.1544e+15    1.86291715e-23     
   3.5938        1.2915e+19    3.5938e+15    1.86291715e-23     
   3.5938        1.2915e+19    5.9948e+15    1.86291715e-23     
   3.5938        1.2915e+19    1.0000e+16    1.86291715e-23     
   3.5938        2.1544e+19    1.0000e+14    1.57855089e-23     
   3.5938        2.1544e+19    1.6681e+14    1.57855089e-23     
   3.5938        2.1544e+19    2.7826e+14    1.57855089e-23     
   3.5938        2.1544e+19    4.6416e+14    1.57855089e-23     
   3.5938        2.1544e+19    7.7426e+14    1.57855089e-23     
   3.5938        2.1544e+19    1.2915e+15    1.57855089e-23     
   3.5938        2.1544e+19    2.1544e+15    1.57855089e-23     
   3.5938        2.1544e+19    3.5938e+15    1.57855089e-23     
   3.5938        2.1544e+19    5.9948e+15    1.57855089e-23     
   3.5938        2.1544e+19    1.0000e+16    1.57855089e-23     
   3.5938        3.5938e+19    1.0000e+14    1.23061044e-23     
   3.5938        3.5938e+19    1.6681e+14    1.23061044e-23     
   3.5938        3.5938e+19    2.7826e+14    1.23061044e-23     
   3.5938        3.5938e+19    4.6416e+14    1.23061044e-23     
   3.5938        3.5938e+19    7.7426e+14    1.23061044e-23     
   3.5938        3.5938e+19    1.2915e+15    1.23061044e-23     
   3.5938        3.5938e+19    2.1544e+15    1.23061044e-23     
   3.5938        3.5938e+19    3.5938e+15    1.23061044e-23     
   3.5938        3.5938e+19    5.9948e+15    1.23061044e-23     
   3.5938        3.5938e+19    1.0000e+16    1.23061044e-23     
   3.5938        5.9948e+19    1.0000e+14    8.91718488e-24     
   3.5938        5.9948e+19    1.6681e+14    8.91718488e-24     
   3.5938        5.9948e+19    2.7826e+14    8.91718488e-24     
   3.5938        5.9948e+19    4.6416e+14    8.91718488e-24     
   3.5938        5.9948e+19    7.7426e+14    8.91718488e-24     
   3.5938        5.9948e+19    1.2915e+15    8.91718488e-24     
   3.5938        5.9948e+19    2.1544e+15    8.91718488e-24     
   3.5938        5.9948e+19    3.5938e+15    8.91718488e-24     
   3.5938        5.9948e+19    5.9948e+15    8.91718488e-24     
   3.5938        5.9948e+19    1.0000e+16    8.91718488e-24     
   3.5938        1.0000e+20    1.0000e+14    6.09412268e-24     
   3.5938        1.0000e+20    1.6681e+14    6.09412268e-24     
   3.5938        1.0000e+20    2.7826e+14    6.09412268e-24     
   3.5938        1.0000e+20    4.6416e+14    6.09412268e-24     
   3.5938        1.0000e+20    7.7426e+14    6.09412268e-24     
   3.5938        1.0000e+20    1.2915e+15    6.09412268e-24     
   3.5938        1.0000e+20    2.1544e+15    6.09412268e-24     
   3.5938        1.0000e+20    3.5938e+15    6.09412268e-24     
   3.5938        1.0000e+20    5.9948e+15    6.09412268e-24     
   3.5938        1.0000e+20    1.0000e+16    6.09412268e-24     
   4.6416        1.0000e+18    1.0000e+14    1.25916820e-23     
   4.6416        1.0000e+18    1.6681e+14    1.25916820e-23     
   4.6416        1.0000e+18    2.7826e+14    1.25916820e-23     
   4.6416        1.0000e+18    4.6416e+14    1.25916820e-23     
   4.6416        1.0000e+18    7.7426e+14    1.25916820e-23     
   4.6416        1.0000e+18    1.2915e+15    1.25916820e-23     
   4.6416        1.0000e+18    2.1544e+15    1.25916820e-23     
   4.6416        1.0000e+18    3.5938e+15    1.25916820e-23     
   4.6416        1.0000e+18    5.9948e+15    1.25916820e-23     
   4.6416        1.0000e+18    1.0000e+16    1.25916820e-23     
   4.6416        1.6681e+18    1.0000e+14    1.61314452e-23     
   4.6416        1.6681e+18    1.6681e+14    1.61314452e-23     
   4.6416        1.6681e+18    2.7826e+14    1.61314452e-23     
   4.6416        1.6681e+18    4.6416e+14    1.61314452e-23     
   4.6416        1.6681e+18    7.7426e+14    1.61314452e-23     
   4.6416        1.6681e+18    1.2915e+15    1.61314452e-23     
   4.6416        1.6681e+18    2.1544e+15    1.61314452e-23     
   4.6416        1.6681e+18    3.5938e+15    1.61314452e-23     
   4.6416        1.6681e+18    5.9948e+15    1.61314452e-23     
   4.6416        1.6681e+18    1.0000e+16    1.61314452e-23     
   4.6416        2.7826e+18    1.0000e+14    1.91437936e-23     
   4.6416        2.7826e+18    1.6681e+14    1.91437936e-23     
   4.6416        2.7826e+18    2.7826e+14    1.91437936e-23     
   4.6416        2.7826e+18    4.6416e+14    1.91437936e-23     
   4.6416        2.7826e+18    7.7426e+14    1.91437936e-23     
   4.6416        2.7826e+18    1.2915e+15    1.91437936e-23     
   4.6416        2.7826e+18    2.1544e+15    1.91437936e-23     
   4.6416        2.7826e+18    3.5938e+15    1.91437936e-23     
   4.6416        2.7826e+18    5.9948e+15    1.91437936e-23     
   4.6416        2.7826e+18    1.0000e+16    1.91437936e-23     
   4.6416        4.6416e+18    1.0000e+14    2.08766161e-23     
   4.6416        4.6416e+18    1.6681e+14    2.08766161e-23     
   4.6416        4.6416e+18    2.7826e+14    2.08766161e-23     
   4.6416        4.6416e+18    4.6416e+14    2.08766161e-23     
   4.6416        4.6416e+18    7.7426e+14    2.08766161e-23     
   4.6416        4.6416e+18    1.2915e+15    2.08766161e-23     
   4.6416        4.6416e+18    2.1544e+15    2.08766161e-23     
   4.6416        4.6416e+18    3.5938e+15    2.08766161e-23     
   4.6416        4.6416e+18    5.9948e+15    2.08766161e-23     
   4.6416        4.6416e+18    1.0000e+16    2.08766161e-23     
   4.6416        7.7426e+18    1.0000e+14    2.08381221e-23     
   4.6416        7.7426e+18    1.6681e+14    2.08381221e-23     
   4.6416        7.7426e+18    2.7826e+14    2.08381221e-23     
   4.6416        7.7426e+18    4.6416e+14    2.08381221e-23     
   4.6416        7.7426e+18    7.7426e+14    2.08381221e-23     
   4.6416        7.7426e+18    1.2915e+15    2.08381221e-23     
   4.6416        7.7426e+18    2.1544e+15    2.08381221e-23     
   4.6416        7.7426e+18    3.5938e+15    2.08381221e-23     
   4.6416        7.7426e+18    5.9948e+15    2.08381221e-23     
   4.6416        7.7426e+18    1.0000e+16    2.08381221e-23     
   4.6416        1.2915e+19    1.0000e+14    1.90141101e-23     
   4.6416        1.2915e+19    1.6681e+14    1.90141101e-23     
   4.6416        1.2915e+19    2.7826e+14    1.90141101e-23     
   4.6416        1.2915e+19    4.6416e+14    1.90141101e-23     
   4.6416        1.2915e+19    7.7426e+14    1.90141101e-23     
   4.6416        1.2915e+19    1.2915e+15    1.90141101e-23     
   4.6416        1.2915e+19    2.1544e+15    1.90141101e-23     
   4.6416        1.2915e+19    3.5938e+15    1.90141101e-23     
   4.6416        1.2915e+19    5.9948e+15    1.90141101e-23     
   4.6416        1.2915e+19    1.0000e+16    1.90141101e-23     
   4.6416        2.1544e+19    1.0000e+14    1.58829967e-23     
   4.6416        2.1544e+19    1.6681e+14    1.58829967e-23     
   4.6416        2.1544e+19    2.7826e+14    1.58829967e-23     
   4.6416        2.1544e+19    4.6416e+14    1.58829967e-23     
   4.6416        2.1544e+19    7.7426e+14    1.58829967e-23     
   4.6416        2.1544e+19    1.2915e+15    1.58829967e-23     
   4.6416        2.1544e+19    2.1544e+15    1.58829967e-23     
   4.6416        2.1544e+19    3.5938e+15    1.58829967e-23     
   4.6416        2.1544e+19    5.9948e+15    1.58829967e-23     
   4.6416        2.1544e+19    1.0000e+16    1.58829967e-23     
   4.6416        3.5938e+19    1.0000e+14    1.22176869e-23     
   4.6416        3.5938e+19    1.6681e+14    1.22176869e-23     
   4.6416        3.5938e+19    2.7826e+14    1.22176869e-23     
   4.6416        3.5938e+19    4.6416e+14    1.22176869e-23     
   4.6416        3.5938e+19    7.7426e+14    1.22176869e-23     
   4.6416        3.5938e+19    1.2915e+15    1.22176869e-23     
   4.6416        3.5938e+19    2.1544e+15    1.22176869e-23     
   4.6416        3.5938e+19    3.5938e+15    1.22176869e-23     
   4.6416        3.5938e+19    5.9948e+15    1.22176869e-23     
   4.6416        3.5938e+19    1.0000e+16    1.22176869e-23     
   4.6416        5.9948e+19    1.0000e+14    8.75352090e-24     
   4.6416        5.9948e+19    1.6681e+14    8.75352090e-24     
   4.6416        5.9948e+19    2.7826e+14    8.75352090e-24     
   4.6416        5.9948e+19    4.6416e+14    8.75352090e-24     
   4.6416        5.9948e+19    7.7426e+14    8.75352090e-24     
   4.6416        5.9948e+19    1.2915e+15    8.75352090e-24     
   4.6416        5.9948e+19    2.1544e+15    8.75352090e-24     
   4.6416        5.9948e+19    3.5938e+15    8.75352090e-24     
   4.6416        5.9948e+19    5.9948e+15    8.75352090e-24     
   4.6416        5.9948e+19    1.0000e+16    8.75352090e-24     
   4.6416        1.0000e+20    1.0000e+14    5.93058366e-24     
   4.6416        1.0000e+20    1.6681e+14    5.93058366e-24     
   4.6416        1.0000e+20    2.7826e+14    5.93058366e-24     
   4.6416        1.0000e+20    4.6416e+14    5.93058366e-24     
   4.6416        1.0000e+20    7.7426e+14    5.93058366e-24     
   4.6416        1.0000e+20    1.2915e+15    5.93058366e-24     
   4.6416        1.0000e+20    2.1544e+15    5.93058366e-24     
   4.6416        1.0000e+20    3.5938e+15    5.93058366e-24     
   4.6416        1.0000e+20    5.9948e+15    5.93058366e-24     
   4.6416        1.0000e+20    1.0000e+16    5.93058366e-24     
   5.9948        1.0000e+18    1.0000e+14    1.33776157e-23     
   5.9948        1.0000e+18    1.6681e+14    1.33776157e-23     
   5.9948        1.0000e+18    2.7826e+14    1.33776157e-23     
   5.9948        1.0000e+18    4.6416e+14    1.33776157e-23     
   5.9948        1.0000e+18    7.7426e+14    1.33776157e-23     
   5.9948        1.0000e+18    1.2915e+15    1.33776157e-23     
   5.9948        1.0000e+18    2.1544e+15    1.33776157e-23     
   5.9948        1.0000e+18    3.5938e+15    1.33776157e-23     
   5.9948        1.0000e+18    5.9948e+15    1.33776157e-23     
   5.9948        1.0000e+18    1.0000e+16    1.33776157e-23     
   5.9948        1.6681e+18    1.0000e+14    1.70529281e-23     
   5.9948        1.6681e+18    1.6681e+14    1.70529281e-23     
   5.9948        1.6681e+18    2.7826e+14    1.70529281e-23     
   5.9948        1.6681e+18    4.6416e+14    1.70529281e-23     
   5.9948        1.6681e+18    7.7426e+14    1.70529281e-23     
   5.9948        1.6681e+18    1.2915e+15    1.70529281e-23     
   5.9948        1.6681e+18    2.1544e+15    1.70529281e-23     
   5.9948        1.6681e+18    3.5938e+15    1.70529281e-23     
   5.9948        1.6681e+18    5.9948e+15    1.70529281e-23     
   5.9948        1.6681e+18    1.0000e+16    1.70529281e-23     
   5.9948        2.7826e+18    1.0000e+14    2.01030193e-23     
   5.9948        2.7826e+18    1.6681e+14    2.01030193e-23     
   5.9948        2.7826e+18    2.7826e+14    2.01030193e-23     
   5.9948        2.7826e+18    4.6416e+14    2.01030193e-23     
   5.9948        2.7826e+18    7.7426e+14    2.01030193e-23     
   5.9948        2.7826e+18    1.2915e+15    2.01030193e-23     
   5.9948        2.7826e+18    2.1544e+15    2.01030193e-23     
   5.9948        2.7826e+18    3.5938e+15    2.01030193e-23     
   5.9948        2.7826e+18    5.9948e+15    2.01030193e-23     
   5.9948        2.7826e+18    1.0000e+16    2.01030193e-23     
   5.9948        4.6416e+18    1.0000e+14    2.17475594e-23     
   5.9948        4.6416e+18    1.6681e+14    2.17475594e-23     
   5.9948        4.6416e+18    2.7826e+14    2.17475594e-23     
   5.9948        4.6416e+18    4.6416e+14    2.17475594e-23     
   5.9948        4.6416e+18    7.7426e+14    2.17475594e-23     
   5.9948        4.6416e+18    1.2915e+15    2.17475594e-23     
   5.9948        4.6416e+18    2.1544e+15    2.17475594e-23     
   5.9948        4.6416e+18    3.5938e+15    2.17475594e-23     
   5.9948        4.6416e+18    5.9948e+15    2.17475594e-23     
   5.9948        4.6416e+18    1.0000e+16    2.17475594e-23     
   5.9948        7.7426e+18    1.0000e+14    2.15106062e-23     
   5.9948        7.7426e+18    1.6681e+14    2.15106062e-23     
   5.9948        7.7426e+18    2.7826e+14    2.15106062e-23     
   5.9948        7.7426e+18    4.6416e+14    2.15106062e-23     
   5.9948        7.7426e+18    7.7426e+14    2.15106062e-23     
   5.9948        7.7426e+18    1.2915e+15    2.15106062e-23     
   5.9948        7.7426e+18    2.1544e+15    2.15106062e-23     
   5.9948        7.7426e+18    3.5938e+15    2.15106062e-23     
   5.9948        7.7426e+18    5.9948e+15    2.15106062e-23     
   5.9948        7.7426e+18    1.0000e+16    2.15106062e-23     
   5.9948        1.2915e+19    1.0000e+14    1.94348557e-23     
   5.9948        1.2915e+19    1.6681e+14    1.94348557e-23     
   5.9948        1.2915e+19    2.7826e+14    1.94348557e-23     
   5.9948        1.2915e+19    4.6416e+14    1.94348557e-23     
   5.9948        1.2915e+19    7.7426e+14    1.94348557e-23     
   5.9948        1.2915e+19    1.2915e+15    1.94348557e-23     
   5.9948        1.2915e+19    2.1544e+15    1.94348557e-23     
   5.9948        1.2915e+19    3.5938e+15    1.94348557e-23     
   5.9948        1.2915e+19    5.9948e+15    1.94348557e-23     
   5.9948        1.2915e+19    1.0000e+16    1.94348557e-23     
   5.9948        2.1544e+19    1.0000e+14    1.60724762e-23     
   5.9948        2.1544e+19    1.6681e+14    1.60724762e-23     
   5.9948        2.1544e+19    2.7826e+14    1.60724762e-23     
   5.9948        2.1544e+19    4.6416e+14    1.60724762e-23     
   5.9948        2.1544e+19    7.7426e+14    1.60724762e-23     
   5.9948        2.1544e+19    1.2915e+15    1.60724762e-23     
   5.9948        2.1544e+19    2.1544e+15    1.60724762e-23     
   5.9948        2.1544e+19    3.5938e+15    1.60724762e-23     
   5.9948        2.1544e+19    5.9948e+15    1.60724762e-23     
   5.9948        2.1544e+19    1.0000e+16    1.60724762e-23     
   5.9948        3.5938e+19    1.0000e+14    1.22490613e-23     
   5.9948        3.5938e+19    1.6681e+14    1.22490613e-23     
   5.9948        3.5938e+19    2.7826e+14    1.22490613e-23     
   5.9948        3.5938e+19    4.6416e+14    1.22490613e-23     
   5.9948        3.5938e+19    7.7426e+14    1.22490613e-23     
   5.9948        3.5938e+19    1.2915e+15    1.22490613e-23     
   5.9948        3.5938e+19    2.1544e+15    1.22490613e-23     
   5.9948        3.5938e+19    3.5938e+15    1.22490613e-23     
   5.9948        3.5938e+19    5.9948e+15    1.22490613e-23     
   5.9948        3.5938e+19    1.0000e+16    1.22490613e-23     
   5.9948        5.9948e+19    1.0000e+14    8.70814072e-24     
   5.9948        5.9948e+19    1.6681e+14    8.70814072e-24     
   5.9948        5.9948e+19    2.7826e+14    8.70814072e-24     
   5.9948        5.9948e+19    4.6416e+14    8.70814072e-24     
   5.9948        5.9948e+19    7.7426e+14    8.70814072e-24     
   5.9948        5.9948e+19    1.2915e+15    8.70814072e-24     
   5.9948        5.9948e+19    2.1544e+15    8.70814072e-24     
   5.9948        5.9948e+19    3.5938e+15    8.70814072e-24     
   5.9948        5.9948e+19    5.9948e+15    8.70814072e-24     
   5.9948        5.9948e+19    1.0000e+16    8.70814072e-24     
   5.9948        1.0000e+20    1.0000e+14    5.86528549e-24     
   5.9948        1.0000e+20    1.6681e+14    5.86528549e-24     
   5.9948        1.0000e+20    2.7826e+14    5.86528549e-24     
   5.9948        1.0000e+20    4.6416e+14    5.86528549e-24     
   5.9948        1.0000e+20    7.7426e+14    5.86528549e-24     
   5.9948        1.0000e+20    1.2915e+15    5.86528549e-24     
   5.9948        1.0000e+20    2.1544e+15    5.86528549e-24     
   5.9948        1.0000e+20    3.5938e+15    5.86528549e-24     
   5.9948        1.0000e+20    5.9948e+15    5.86528549e-24     
   5.9948        1.0000e+20    1.0000e+16    5.86528549e-24     
   7.7426        1.0000e+18    1.0000e+14    1.39996992e-23     
   7.7426        1.0000e+18    1.6681e+14    1.39996992e-23     
   7.7426        1.0000e+18    2.7826e+14    1.39996992e-23     
   7.7426        1.0000e+18    4.6416e+14    1.39996992e-23     
   7.7426        1.0000e+18    7.7426e+14    1.39996992e-23     
   7.7426        1.0000e+18    1.2915e+15    1.39996992e-23     
   7.7426        1.0000e+18    2.1544e+15    1.39996992e-23     
   7.7426        1.0000e+18    3.5938e+15    1.39996992e-23     
   7.7426        1.0000e+18    5.9948e+15    1.39996992e-23     
   7.7426        1.0000e+18    1.0000e+16    1.39996992e-23     
   7.7426        1.6681e+18    1.0000e+14    1.78089469e-23     
   7.7426        1.6681e+18    1.6681e+14    1.78089469e-23     
   7.7426        1.6681e+18    2.7826e+14    1.78089469e-23     
   7.7426        1.6681e+18    4.6416e+14    1.78089469e-23     
   7.7426        1.6681e+18    7.7426e+14    1.78089469e-23     
   7.7426        1.6681e+18    1.2915e+15    1.78089469e-23     
   7.7426        1.6681e+18    2.1544e+15    1.78089469e-23     
   7.7426        1.6681e+18    3.5938e+15    1.78089469e-23     
   7.7426        1.6681e+18    5.9948e+15    1.78089469e-23     
   7.7426        1.6681e+18    1.0000e+16    1.78089469e-23     
   7.7426        2.7826e+18    1.0000e+14    2.09250702e-23     
   7.7426        2.7826e+18    1.6681e+14    2.09250702e-23     
   7.7426        2.7826e+18    2.7826e+14    2.09250702e-23     
   7.7426        2.7826e+18    4.6416e+14    2.09250702e-23     
   7.7426        2.7826e+18    7.7426e+14    2.09250702e-23     
   7.7426        2.7826e+18    1.2915e+15    2.09250702e-23     
   7.7426        2.7826e+18    2.1544e+15    2.09250702e-23     
   7.7426        2.7826e+18    3.5938e+15    2.09250702e-23     
   7.7426        2.7826e+18    5.9948e+15    2.09250702e-23     
   7.7426        2.7826e+18    1.0000e+16    2.09250702e-23     
   7.7426        4.6416e+18    1.0000e+14    2.25379269e-23     
   7.7426        4.6416e+18    1.6681e+14    2.25379269e-23     
   7.7426        4.6416e+18    2.7826e+14    2.25379269e-23     
   7.7426        4.6416e+18    4.6416e+14    2.25379269e-23     
   7.7426        4.6416e+18    7.7426e+14    2.25379269e-23     
   7.7426        4.6416e+18    1.2915e+15    2.25379269e-23     
   7.7426        4.6416e+18    2.1544e+15    2.25379269e-23     
   7.7426        4.6416e+18    3.5938e+15    2.25379269e-23     
   7.7426        4.6416e+18    5.9948e+15    2.25379269e-23     
   7.7426        4.6416e+18    1.0000e+16    2.25379269e-23     
   7.7426        7.7426e+18    1.0000e+14    2.21746020e-23     
   7.7426        7.7426e+18    1.6681e+14    2.21746020e-23     
   7.7426        7.7426e+18    2.7826e+14    2.21746020e-23     
   7.7426        7.7426e+18    4.6416e+14    2.21746020e-23     
   7.7426        7.7426e+18    7.7426e+14    2.21746020e-23     
   7.7426        7.7426e+18    1.2915e+15    2.21746020e-23     
   7.7426        7.7426e+18    2.1544e+15    2.21746020e-23     
   7.7426        7.7426e+18    3.5938e+15    2.21746020e-23     
   7.7426        7.7426e+18    5.9948e+15    2.21746020e-23     
   7.7426        7.7426e+18    1.0000e+16    2.21746020e-23     
   7.7426        1.2915e+19    1.0000e+14    1.99157209e-23     
   7.7426        1.2915e+19    1.6681e+14    1.99157209e-23     
   7.7426        1.2915e+19    2.7826e+14    1.99157209e-23     
   7.7426        1.2915e+19    4.6416e+14    1.99157209e-23     
   7.7426        1.2915e+19    7.7426e+14    1.99157209e-23     
   7.7426        1.2915e+19    1.2915e+15    1.99157209e-23     
   7.7426        1.2915e+19    2.1544e+15    1.99157209e-23     
   7.7426        1.2915e+19    3.5938e+15    1.99157209e-23     
   7.7426        1.2915e+19    5.9948e+15    1.99157209e-23     
   7.7426        1.2915e+19    1.0000e+16    1.99157209e-23     
   7.7426        2.1544e+19    1.0000e+14    1.63690867e-23     
   7.7426        2.1544e+19    1.6681e+14    1.63690867e-23     
   7.7426        2.1544e+19    2.7826e+14    1.63690867e-23     
   7.7426        2.1544e+19    4.6416e+14    1.63690867e-23     
   7.7426        2.1544e+19    7.7426e+14    1.63690867e-23     
   7.7426        2.1544e+19    1.2915e+15    1.63690867e-23     
   7.7426        2.1544e+19    2.1544e+15    1.63690867e-23     
   7.7426        2.1544e+19    3.5938e+15    1.63690867e-23     
   7.7426        2.1544e+19    5.9948e+15    1.63690867e-23     
   7.7426        2.1544e+19    1.0000e+16    1.63690867e-23     
   7.7426        3.5938e+19    1.0000e+14    1.24039473e-23     
   7.7426        3.5938e+19    1.6681e+14    1.24039473e-23     
   7.7426        3.5938e+19    2.7826e+14    1.24039473e-23     
   7.7426        3.5938e+19    4.6416e+14    1.24039473e-23     
   7.7426        3.5938e+19    7.7426e+14    1.24039473e-23     
   7.7426        3.5938e+19    1.2915e+15    1.24039473e-23     
   7.7426        3.5938e+19    2.1544e+15    1.24039473e-23     
   7.7426        3.5938e+19    3.5938e+15    1.24039473e-23     
   7.7426        3.5938e+19    5.9948e+15    1.24039473e-23     
   7.7426        3.5938e+19    1.0000e+16    1.24039473e-23     
   7.7426        5.9948e+19    1.0000e+14    8.77642354e-24     
   7.7426        5.9948e+19    1.6681e+14    8.77642354e-24     
   7.7426        5.9948e+19    2.7826e+14    8.77642354e-24     
   7.7426        5.9948e+19    4.6416e+14    8.77642354e-24     
   7.7426        5.9948e+19    7.7426e+14    8.77642354e-24     
   7.7426        5.9948e+19    1.2915e+15    8.77642354e-24     
   7.7426        5.9948e+19    2.1544e+15    8.77642354e-24     
   7.7426        5.9948e+19    3.5938e+15    8.77642354e-24     
   7.7426        5.9948e+19    5.9948e+15    8.77642354e-24     
   7.7426        5.9948e+19    1.0000e+16    8.77642354e-24     
   7.7426        1.0000e+20    1.0000e+14    5.89020768e-24     
   7.7426        1.0000e+20    1.6681e+14    5.89020768e-24     
   7.7426        1.0000e+20    2.7826e+14    5.89020768e-24     
   7.7426        1.0000e+20    4.6416e+14    5.89020768e-24     
   7.7426        1.0000e+20    7.7426e+14    5.89020768e-24     
   7.7426        1.0000e+20    1.2915e+15    5.89020768e-24     
   7.7426        1.0000e+20    2.1544e+15    5.89020768e-24     
   7.7426        1.0000e+20    3.5938e+15    5.89020768e-24     
   7.7426        1.0000e+20    5.9948e+15    5.89020768e-24     
   7.7426        1.0000e+20    1.0000e+16    5.89020768e-24     
   10.0000       1.0000e+18    1.0000e+14    1.44560816e-23     
   10.0000       1.0000e+18    1.6681e+14    1.44560816e-23     
   10.0000       1.0000e+18    2.7826e+14    1.44560816e-23     
   10.0000       1.0000e+18    4.6416e+14    1.44560816e-23     
   10.0000       1.0000e+18    7.7426e+14    1.44560816e-23     
   10.0000       1.0000e+18    1.2915e+15    1.44560816e-23     
   10.0000       1.0000e+18    2.1544e+15    1.44560816e-23     
   10.0000       1.0000e+18    3.5938e+15    1.44560816e-23     
   10.0000       1.0000e+18    5.9948e+15    1.44560816e-23     
   10.0000       1.0000e+18    1.0000e+16    1.44560816e-23     
   10.0000       1.6681e+18    1.0000e+14    1.84013398e-23     
   10.0000       1.6681e+18    1.6681e+14    1.84013398e-23     
   10.0000       1.6681e+18    2.7826e+14    1.84013398e-23     
   10.0000       1.6681e+18    4.6416e+14    1.84013398e-23     
   10.0000       1.6681e+18    7.7426e+14    1.84013398e-23     
   10.0000       1.6681e+18    1.2915e+15    1.84013398e-23     
   10.0000       1.6681e+18    2.1544e+15    1.84013398e-23     
   10.0000       1.6681e+18    3.5938e+15    1.84013398e-23     
   10.0000       1.6681e+18    5.9948e+15    1.84013398e-23     
   10.0000       1.6681e+18    1.0000e+16    1.84013398e-23     
   10.0000       2.7826e+18    1.0000e+14    2.16170256e-23     
   10.0000       2.7826e+18    1.6681e+14    2.16170256e-23     
   10.0000       2.7826e+18    2.7826e+14    2.16170256e-23     
   10.0000       2.7826e+18    4.6416e+14    2.16170256e-23     
   10.0000       2.7826e+18    7.7426e+14    2.16170256e-23     
   10.0000       2.7826e+18    1.2915e+15    2.16170256e-23     
   10.0000       2.7826e+18    2.1544e+15    2.16170256e-23     
   10.0000       2.7826e+18    3.5938e+15    2.16170256e-23     
   10.0000       2.7826e+18    5.9948e+15    2.16170256e-23     
   10.0000       2.7826e+18    1.0000e+16    2.16170256e-23     
   10.0000       4.6416e+18    1.0000e+14    2.32594574e-23     
   10.0000       4.6416e+18    1.6681e+14    2.32594574e-23     
   10.0000       4.6416e+18    2.7826e+14    2.32594574e-23     
   10.0000       4.6416e+18    4.6416e+14    2.32594574e-23     
   10.0000       4.6416e+18    7.7426e+14    2.32594574e-23     
   10.0000       4.6416e+18    1.2915e+15    2.32594574e-23     
   10.0000       4.6416e+18    2.1544e+15    2.32594574e-23     
   10.0000       4.6416e+18    3.5938e+15    2.32594574e-23     
   10.0000       4.6416e+18    5.9948e+15    2.32594574e-23     
   10.0000       4.6416e+18    1.0000e+16    2.32594574e-23     
   10.0000       7.7426e+18    1.0000e+14    2.28434903e-23     
   10.0000       7.7426e+18    1.6681e+14    2.28434903e-23     
   10.0000       7.7426e+18    2.7826e+14    2.28434903e-23     
   10.0000       7.7426e+18    4.6416e+14    2.28434903e-23     
   10.0000       7.7426e+18    7.7426e+14    2.28434903e-23     
   10.0000       7.7426e+18    1.2915e+15    2.28434903e-23     
   10.0000       7.7426e+18    2.1544e+15    2.28434903e-23     
   10.0000       7.7426e+18    3.5938e+15    2.28434903e-23     
   10.0000       7.7426e+18    5.9948e+15    2.28434903e-23     
   10.0000       7.7426e+18    1.0000e+16    2.28434903e-23     
   10.0000       1.2915e+19    1.0000e+14    2.04672725e-23     
   10.0000       1.2915e+19    1.6681e+14    2.04672725e-23     
   10.0000       1.2915e+19    2.7826e+14    2.04672725e-23     
   10.0000       1.2915e+19    4.6416e+14    2.04672725e-23     
   10.0000       1.2915e+19    7.7426e+14    2.04672725e-23     
   10.0000       1.2915e+19    1.2915e+15    2.04672725e-23     
   10.0000       1.2915e+19    2.1544e+15    2.04672725e-23     
   10.0000       1.2915e+19    3.5938e+15    2.04672725e-23     
   10.0000       1.2915e+19    5.9948e+15    2.04672725e-23     
   10.0000       1.2915e+19    1.0000e+16    2.04672725e-23     
   10.0000       2.1544e+19    1.0000e+14    1.67770813e-23     
   10.0000       2.1544e+19    1.6681e+14    1.67770813e-23     
   10.0000       2.1544e+19    2.7826e+14    1.67770813e-23     
   10.0000       2.1544e+19    4.6416e+14    1.67770813e-23     
   10.0000       2.1544e+19    7.7426e+14    1.67770813e-23     
   10.0000       2.1544e+19    1.2915e+15    1.67770813e-23     
   10.0000       2.1544e+19    2.1544e+15    1.67770813e-23     
   10.0000       2.1544e+19    3.5938e+15    1.67770813e-23     
   10.0000       2.1544e+19    5.9948e+15    1.67770813e-23     
   10.0000       2.1544e+19    1.0000e+16    1.67770813e-23     
   10.0000       3.5938e+19    1.0000e+14    1.26800114e-23     
   10.0000       3.5938e+19    1.6681e+14    1.26800114e-23     
   10.0000       3.5938e+19    2.7826e+14    1.26800114e-23     
   10.0000       3.5938e+19    4.6416e+14    1.26800114e-23     
   10.0000       3.5938e+19    7.7426e+14    1.26800114e-23     
   10.0000       3.5938e+19    1.2915e+15    1.26800114e-23     
   10.0000       3.5938e+19    2.1544e+15    1.26800114e-23     
   10.0000       3.5938e+19    3.5938e+15    1.26800114e-23     
   10.0000       3.5938e+19    5.9948e+15    1.26800114e-23     
   10.0000       3.5938e+19    1.0000e+16    1.26800114e-23     
   10.0000       5.9948e+19    1.0000e+14    8.95206128e-24     
   10.0000       5.9948e+19    1.6681e+14    8.95206128e-24     
   10.0000       5.9948e+19    2.7826e+14    8.95206128e-24     
   10.0000       5.9948e+19    4.6416e+14    8.95206128e-24     
   10.0000       5.9948e+19    7.7426e+14    8.95206128e-24     
   10.0000       5.9948e+19    1.2915e+15    8.95206128e-24     
   10.0000       5.9948e+19    2.1544e+15    8.95206128e-24     
   10.0000       5.9948e+19    3.5938e+15    8.95206128e-24     
   10.0000       5.9948e+19    5.9948e+15    8.95206128e-24     
   10.0000       5.9948e+19    1.0000e+16    8.95206128e-24     
   10.0000       1.0000e+20    1.0000e+14    5.99816628e-24     
   10.0000       1.0000e+20    1.6681e+14    5.99816628e-24     
   10.0000       1.0000e+20    2.7826e+14    5.99816628e-24     
   10.0000       1.0000e+20    4.6416e+14    5.99816628e-24     
   10.0000       1.0000e+20    7.7426e+14    5.99816628e-24     
   10.0000       1.0000e+20    1.2915e+15    5.99816628e-24     
   10.0000       1.0000e+20    2.1544e+15    5.99816628e-24     
   10.0000       1.0000e+20    3.5938e+15    5.99816628e-24     
   10.0000       1.0000e+20    5.9948e+15    5.99816628e-24     
   10.0000       1.0000e+20    1.0000e+16    5.99816628e-24     
