#
# Output file generated by Yacora 1.5.0
# =====================================
#   Filename: 'YacoraRun_PopCoeff_n=7.dat'
#   Date of creation: 11. May 2022
#   Time of creation: 10:25:46
#   Used input file: 'H_20_11_2019.txt'
#   Performed calculation: Population Coefficient for state 'H(7)' coupled to the particle 'H-'
#
#   Please cite D. Wünderlich, M. Giacomin, R. Ritz and U. Fantz, J. Quant. Spectrosc. Radiat. Transfer 240, 2020, 106695, if you use Yacora results.
#
# Description of the used Parameters:
# ===================================
#
#   Temperatures and Densities: 
#              T_e: 10 calculated values between 1.0000 and 10.0000
#              T_i1: Fixed value 8000.0000
#              T_i4: Fixed value 8000.0000
#              T_n1: Fixed value 8000.0000
#              n_e: 10 calculated values between 1.0000e+18 and 1.0000e+20
#              n_i1: Fixed value 0.0000
#              n_i4: 10 calculated values between 1.0000e+14 and 1.0000e+16

#   Electron energy distribution function: 
#              Maxwellian
#
# Calculated Data:
# ================
#  T_e           n_e           n_i4          POP_COEFF      
   1.0000        1.0000e+18    1.0000e+14    1.22172963e-24     
   1.0000        1.0000e+18    1.6681e+14    1.22172963e-24     
   1.0000        1.0000e+18    2.7826e+14    1.22172963e-24     
   1.0000        1.0000e+18    4.6416e+14    1.22172963e-24     
   1.0000        1.0000e+18    7.7426e+14    1.22172963e-24     
   1.0000        1.0000e+18    1.2915e+15    1.22172963e-24     
   1.0000        1.0000e+18    2.1544e+15    1.22172963e-24     
   1.0000        1.0000e+18    3.5938e+15    1.22172963e-24     
   1.0000        1.0000e+18    5.9948e+15    1.22172963e-24     
   1.0000        1.0000e+18    1.0000e+16    1.22172963e-24     
   1.0000        1.6681e+18    1.0000e+14    1.63578230e-24     
   1.0000        1.6681e+18    1.6681e+14    1.63578230e-24     
   1.0000        1.6681e+18    2.7826e+14    1.63578230e-24     
   1.0000        1.6681e+18    4.6416e+14    1.63578230e-24     
   1.0000        1.6681e+18    7.7426e+14    1.63578230e-24     
   1.0000        1.6681e+18    1.2915e+15    1.63578230e-24     
   1.0000        1.6681e+18    2.1544e+15    1.63578230e-24     
   1.0000        1.6681e+18    3.5938e+15    1.63578230e-24     
   1.0000        1.6681e+18    5.9948e+15    1.63578230e-24     
   1.0000        1.6681e+18    1.0000e+16    1.63578230e-24     
   1.0000        2.7826e+18    1.0000e+14    2.10427365e-24     
   1.0000        2.7826e+18    1.6681e+14    2.10427365e-24     
   1.0000        2.7826e+18    2.7826e+14    2.10427365e-24     
   1.0000        2.7826e+18    4.6416e+14    2.10427365e-24     
   1.0000        2.7826e+18    7.7426e+14    2.10427365e-24     
   1.0000        2.7826e+18    1.2915e+15    2.10427365e-24     
   1.0000        2.7826e+18    2.1544e+15    2.10427365e-24     
   1.0000        2.7826e+18    3.5938e+15    2.10427365e-24     
   1.0000        2.7826e+18    5.9948e+15    2.10427365e-24     
   1.0000        2.7826e+18    1.0000e+16    2.10427365e-24     
   1.0000        4.6416e+18    1.0000e+14    2.55785831e-24     
   1.0000        4.6416e+18    1.6681e+14    2.55785831e-24     
   1.0000        4.6416e+18    2.7826e+14    2.55785831e-24     
   1.0000        4.6416e+18    4.6416e+14    2.55785831e-24     
   1.0000        4.6416e+18    7.7426e+14    2.55785831e-24     
   1.0000        4.6416e+18    1.2915e+15    2.55785831e-24     
   1.0000        4.6416e+18    2.1544e+15    2.55785831e-24     
   1.0000        4.6416e+18    3.5938e+15    2.55785831e-24     
   1.0000        4.6416e+18    5.9948e+15    2.55785831e-24     
   1.0000        4.6416e+18    1.0000e+16    2.55785831e-24     
   1.0000        7.7426e+18    1.0000e+14    2.90167989e-24     
   1.0000        7.7426e+18    1.6681e+14    2.90167989e-24     
   1.0000        7.7426e+18    2.7826e+14    2.90167989e-24     
   1.0000        7.7426e+18    4.6416e+14    2.90167989e-24     
   1.0000        7.7426e+18    7.7426e+14    2.90167989e-24     
   1.0000        7.7426e+18    1.2915e+15    2.90167989e-24     
   1.0000        7.7426e+18    2.1544e+15    2.90167989e-24     
   1.0000        7.7426e+18    3.5938e+15    2.90167989e-24     
   1.0000        7.7426e+18    5.9948e+15    2.90167989e-24     
   1.0000        7.7426e+18    1.0000e+16    2.90167989e-24     
   1.0000        1.2915e+19    1.0000e+14    3.05061241e-24     
   1.0000        1.2915e+19    1.6681e+14    3.05061241e-24     
   1.0000        1.2915e+19    2.7826e+14    3.05061241e-24     
   1.0000        1.2915e+19    4.6416e+14    3.05061241e-24     
   1.0000        1.2915e+19    7.7426e+14    3.05061241e-24     
   1.0000        1.2915e+19    1.2915e+15    3.05061241e-24     
   1.0000        1.2915e+19    2.1544e+15    3.05061241e-24     
   1.0000        1.2915e+19    3.5938e+15    3.05061241e-24     
   1.0000        1.2915e+19    5.9948e+15    3.05061241e-24     
   1.0000        1.2915e+19    1.0000e+16    3.05061241e-24     
   1.0000        2.1544e+19    1.0000e+14    2.96185702e-24     
   1.0000        2.1544e+19    1.6681e+14    2.96185702e-24     
   1.0000        2.1544e+19    2.7826e+14    2.96185702e-24     
   1.0000        2.1544e+19    4.6416e+14    2.96185702e-24     
   1.0000        2.1544e+19    7.7426e+14    2.96185702e-24     
   1.0000        2.1544e+19    1.2915e+15    2.96185702e-24     
   1.0000        2.1544e+19    2.1544e+15    2.96185702e-24     
   1.0000        2.1544e+19    3.5938e+15    2.96185702e-24     
   1.0000        2.1544e+19    5.9948e+15    2.96185702e-24     
   1.0000        2.1544e+19    1.0000e+16    2.96185702e-24     
   1.0000        3.5938e+19    1.0000e+14    2.65007681e-24     
   1.0000        3.5938e+19    1.6681e+14    2.65007681e-24     
   1.0000        3.5938e+19    2.7826e+14    2.65007681e-24     
   1.0000        3.5938e+19    4.6416e+14    2.65007681e-24     
   1.0000        3.5938e+19    7.7426e+14    2.65007681e-24     
   1.0000        3.5938e+19    1.2915e+15    2.65007681e-24     
   1.0000        3.5938e+19    2.1544e+15    2.65007681e-24     
   1.0000        3.5938e+19    3.5938e+15    2.65007681e-24     
   1.0000        3.5938e+19    5.9948e+15    2.65007681e-24     
   1.0000        3.5938e+19    1.0000e+16    2.65007681e-24     
   1.0000        5.9948e+19    1.0000e+14    2.18465318e-24     
   1.0000        5.9948e+19    1.6681e+14    2.18465318e-24     
   1.0000        5.9948e+19    2.7826e+14    2.18465318e-24     
   1.0000        5.9948e+19    4.6416e+14    2.18465318e-24     
   1.0000        5.9948e+19    7.7426e+14    2.18465318e-24     
   1.0000        5.9948e+19    1.2915e+15    2.18465318e-24     
   1.0000        5.9948e+19    2.1544e+15    2.18465318e-24     
   1.0000        5.9948e+19    3.5938e+15    2.18465318e-24     
   1.0000        5.9948e+19    5.9948e+15    2.18465318e-24     
   1.0000        5.9948e+19    1.0000e+16    2.18465318e-24     
   1.0000        1.0000e+20    1.0000e+14    1.66638598e-24     
   1.0000        1.0000e+20    1.6681e+14    1.66638598e-24     
   1.0000        1.0000e+20    2.7826e+14    1.66638598e-24     
   1.0000        1.0000e+20    4.6416e+14    1.66638598e-24     
   1.0000        1.0000e+20    7.7426e+14    1.66638598e-24     
   1.0000        1.0000e+20    1.2915e+15    1.66638598e-24     
   1.0000        1.0000e+20    2.1544e+15    1.66638598e-24     
   1.0000        1.0000e+20    3.5938e+15    1.66638598e-24     
   1.0000        1.0000e+20    5.9948e+15    1.66638598e-24     
   1.0000        1.0000e+20    1.0000e+16    1.66638598e-24     
   1.2915        1.0000e+18    1.0000e+14    1.58575290e-24     
   1.2915        1.0000e+18    1.6681e+14    1.58575290e-24     
   1.2915        1.0000e+18    2.7826e+14    1.58575290e-24     
   1.2915        1.0000e+18    4.6416e+14    1.58575290e-24     
   1.2915        1.0000e+18    7.7426e+14    1.58575290e-24     
   1.2915        1.0000e+18    1.2915e+15    1.58575290e-24     
   1.2915        1.0000e+18    2.1544e+15    1.58575290e-24     
   1.2915        1.0000e+18    3.5938e+15    1.58575290e-24     
   1.2915        1.0000e+18    5.9948e+15    1.58575290e-24     
   1.2915        1.0000e+18    1.0000e+16    1.58575290e-24     
   1.2915        1.6681e+18    1.0000e+14    2.08428569e-24     
   1.2915        1.6681e+18    1.6681e+14    2.08428569e-24     
   1.2915        1.6681e+18    2.7826e+14    2.08428569e-24     
   1.2915        1.6681e+18    4.6416e+14    2.08428569e-24     
   1.2915        1.6681e+18    7.7426e+14    2.08428569e-24     
   1.2915        1.6681e+18    1.2915e+15    2.08428569e-24     
   1.2915        1.6681e+18    2.1544e+15    2.08428569e-24     
   1.2915        1.6681e+18    3.5938e+15    2.08428569e-24     
   1.2915        1.6681e+18    5.9948e+15    2.08428569e-24     
   1.2915        1.6681e+18    1.0000e+16    2.08428569e-24     
   1.2915        2.7826e+18    1.0000e+14    2.61697531e-24     
   1.2915        2.7826e+18    1.6681e+14    2.61697531e-24     
   1.2915        2.7826e+18    2.7826e+14    2.61697531e-24     
   1.2915        2.7826e+18    4.6416e+14    2.61697531e-24     
   1.2915        2.7826e+18    7.7426e+14    2.61697531e-24     
   1.2915        2.7826e+18    1.2915e+15    2.61697531e-24     
   1.2915        2.7826e+18    2.1544e+15    2.61697531e-24     
   1.2915        2.7826e+18    3.5938e+15    2.61697531e-24     
   1.2915        2.7826e+18    5.9948e+15    2.61697531e-24     
   1.2915        2.7826e+18    1.0000e+16    2.61697531e-24     
   1.2915        4.6416e+18    1.0000e+14    3.08978676e-24     
   1.2915        4.6416e+18    1.6681e+14    3.08978676e-24     
   1.2915        4.6416e+18    2.7826e+14    3.08978676e-24     
   1.2915        4.6416e+18    4.6416e+14    3.08978676e-24     
   1.2915        4.6416e+18    7.7426e+14    3.08978676e-24     
   1.2915        4.6416e+18    1.2915e+15    3.08978676e-24     
   1.2915        4.6416e+18    2.1544e+15    3.08978676e-24     
   1.2915        4.6416e+18    3.5938e+15    3.08978676e-24     
   1.2915        4.6416e+18    5.9948e+15    3.08978676e-24     
   1.2915        4.6416e+18    1.0000e+16    3.08978676e-24     
   1.2915        7.7426e+18    1.0000e+14    3.39330133e-24     
   1.2915        7.7426e+18    1.6681e+14    3.39330133e-24     
   1.2915        7.7426e+18    2.7826e+14    3.39330133e-24     
   1.2915        7.7426e+18    4.6416e+14    3.39330133e-24     
   1.2915        7.7426e+18    7.7426e+14    3.39330133e-24     
   1.2915        7.7426e+18    1.2915e+15    3.39330133e-24     
   1.2915        7.7426e+18    2.1544e+15    3.39330133e-24     
   1.2915        7.7426e+18    3.5938e+15    3.39330133e-24     
   1.2915        7.7426e+18    5.9948e+15    3.39330133e-24     
   1.2915        7.7426e+18    1.0000e+16    3.39330133e-24     
   1.2915        1.2915e+19    1.0000e+14    3.44591336e-24     
   1.2915        1.2915e+19    1.6681e+14    3.44591336e-24     
   1.2915        1.2915e+19    2.7826e+14    3.44591336e-24     
   1.2915        1.2915e+19    4.6416e+14    3.44591336e-24     
   1.2915        1.2915e+19    7.7426e+14    3.44591336e-24     
   1.2915        1.2915e+19    1.2915e+15    3.44591336e-24     
   1.2915        1.2915e+19    2.1544e+15    3.44591336e-24     
   1.2915        1.2915e+19    3.5938e+15    3.44591336e-24     
   1.2915        1.2915e+19    5.9948e+15    3.44591336e-24     
   1.2915        1.2915e+19    1.0000e+16    3.44591336e-24     
   1.2915        2.1544e+19    1.0000e+14    3.22542952e-24     
   1.2915        2.1544e+19    1.6681e+14    3.22542952e-24     
   1.2915        2.1544e+19    2.7826e+14    3.22542952e-24     
   1.2915        2.1544e+19    4.6416e+14    3.22542952e-24     
   1.2915        2.1544e+19    7.7426e+14    3.22542952e-24     
   1.2915        2.1544e+19    1.2915e+15    3.22542952e-24     
   1.2915        2.1544e+19    2.1544e+15    3.22542952e-24     
   1.2915        2.1544e+19    3.5938e+15    3.22542952e-24     
   1.2915        2.1544e+19    5.9948e+15    3.22542952e-24     
   1.2915        2.1544e+19    1.0000e+16    3.22542952e-24     
   1.2915        3.5938e+19    1.0000e+14    2.77853394e-24     
   1.2915        3.5938e+19    1.6681e+14    2.77853394e-24     
   1.2915        3.5938e+19    2.7826e+14    2.77853394e-24     
   1.2915        3.5938e+19    4.6416e+14    2.77853394e-24     
   1.2915        3.5938e+19    7.7426e+14    2.77853394e-24     
   1.2915        3.5938e+19    1.2915e+15    2.77853394e-24     
   1.2915        3.5938e+19    2.1544e+15    2.77853394e-24     
   1.2915        3.5938e+19    3.5938e+15    2.77853394e-24     
   1.2915        3.5938e+19    5.9948e+15    2.77853394e-24     
   1.2915        3.5938e+19    1.0000e+16    2.77853394e-24     
   1.2915        5.9948e+19    1.0000e+14    2.20673631e-24     
   1.2915        5.9948e+19    1.6681e+14    2.20673631e-24     
   1.2915        5.9948e+19    2.7826e+14    2.20673631e-24     
   1.2915        5.9948e+19    4.6416e+14    2.20673631e-24     
   1.2915        5.9948e+19    7.7426e+14    2.20673631e-24     
   1.2915        5.9948e+19    1.2915e+15    2.20673631e-24     
   1.2915        5.9948e+19    2.1544e+15    2.20673631e-24     
   1.2915        5.9948e+19    3.5938e+15    2.20673631e-24     
   1.2915        5.9948e+19    5.9948e+15    2.20673631e-24     
   1.2915        5.9948e+19    1.0000e+16    2.20673631e-24     
   1.2915        1.0000e+20    1.0000e+14    1.62754716e-24     
   1.2915        1.0000e+20    1.6681e+14    1.62754716e-24     
   1.2915        1.0000e+20    2.7826e+14    1.62754716e-24     
   1.2915        1.0000e+20    4.6416e+14    1.62754716e-24     
   1.2915        1.0000e+20    7.7426e+14    1.62754716e-24     
   1.2915        1.0000e+20    1.2915e+15    1.62754716e-24     
   1.2915        1.0000e+20    2.1544e+15    1.62754716e-24     
   1.2915        1.0000e+20    3.5938e+15    1.62754716e-24     
   1.2915        1.0000e+20    5.9948e+15    1.62754716e-24     
   1.2915        1.0000e+20    1.0000e+16    1.62754716e-24     
   1.6681        1.0000e+18    1.0000e+14    1.96096334e-24     
   1.6681        1.0000e+18    1.6681e+14    1.96096334e-24     
   1.6681        1.0000e+18    2.7826e+14    1.96096334e-24     
   1.6681        1.0000e+18    4.6416e+14    1.96096334e-24     
   1.6681        1.0000e+18    7.7426e+14    1.96096334e-24     
   1.6681        1.0000e+18    1.2915e+15    1.96096334e-24     
   1.6681        1.0000e+18    2.1544e+15    1.96096334e-24     
   1.6681        1.0000e+18    3.5938e+15    1.96096334e-24     
   1.6681        1.0000e+18    5.9948e+15    1.96096334e-24     
   1.6681        1.0000e+18    1.0000e+16    1.96096334e-24     
   1.6681        1.6681e+18    1.0000e+14    2.53576179e-24     
   1.6681        1.6681e+18    1.6681e+14    2.53576179e-24     
   1.6681        1.6681e+18    2.7826e+14    2.53576179e-24     
   1.6681        1.6681e+18    4.6416e+14    2.53576179e-24     
   1.6681        1.6681e+18    7.7426e+14    2.53576179e-24     
   1.6681        1.6681e+18    1.2915e+15    2.53576179e-24     
   1.6681        1.6681e+18    2.1544e+15    2.53576179e-24     
   1.6681        1.6681e+18    3.5938e+15    2.53576179e-24     
   1.6681        1.6681e+18    5.9948e+15    2.53576179e-24     
   1.6681        1.6681e+18    1.0000e+16    2.53576179e-24     
   1.6681        2.7826e+18    1.0000e+14    3.11596128e-24     
   1.6681        2.7826e+18    1.6681e+14    3.11596128e-24     
   1.6681        2.7826e+18    2.7826e+14    3.11596128e-24     
   1.6681        2.7826e+18    4.6416e+14    3.11596128e-24     
   1.6681        2.7826e+18    7.7426e+14    3.11596128e-24     
   1.6681        2.7826e+18    1.2915e+15    3.11596128e-24     
   1.6681        2.7826e+18    2.1544e+15    3.11596128e-24     
   1.6681        2.7826e+18    3.5938e+15    3.11596128e-24     
   1.6681        2.7826e+18    5.9948e+15    3.11596128e-24     
   1.6681        2.7826e+18    1.0000e+16    3.11596128e-24     
   1.6681        4.6416e+18    1.0000e+14    3.58531642e-24     
   1.6681        4.6416e+18    1.6681e+14    3.58531642e-24     
   1.6681        4.6416e+18    2.7826e+14    3.58531642e-24     
   1.6681        4.6416e+18    4.6416e+14    3.58531642e-24     
   1.6681        4.6416e+18    7.7426e+14    3.58531642e-24     
   1.6681        4.6416e+18    1.2915e+15    3.58531642e-24     
   1.6681        4.6416e+18    2.1544e+15    3.58531642e-24     
   1.6681        4.6416e+18    3.5938e+15    3.58531642e-24     
   1.6681        4.6416e+18    5.9948e+15    3.58531642e-24     
   1.6681        4.6416e+18    1.0000e+16    3.58531642e-24     
   1.6681        7.7426e+18    1.0000e+14    3.82613910e-24     
   1.6681        7.7426e+18    1.6681e+14    3.82613910e-24     
   1.6681        7.7426e+18    2.7826e+14    3.82613910e-24     
   1.6681        7.7426e+18    4.6416e+14    3.82613910e-24     
   1.6681        7.7426e+18    7.7426e+14    3.82613910e-24     
   1.6681        7.7426e+18    1.2915e+15    3.82613910e-24     
   1.6681        7.7426e+18    2.1544e+15    3.82613910e-24     
   1.6681        7.7426e+18    3.5938e+15    3.82613910e-24     
   1.6681        7.7426e+18    5.9948e+15    3.82613910e-24     
   1.6681        7.7426e+18    1.0000e+16    3.82613910e-24     
   1.6681        1.2915e+19    1.0000e+14    3.76740166e-24     
   1.6681        1.2915e+19    1.6681e+14    3.76740166e-24     
   1.6681        1.2915e+19    2.7826e+14    3.76740166e-24     
   1.6681        1.2915e+19    4.6416e+14    3.76740166e-24     
   1.6681        1.2915e+19    7.7426e+14    3.76740166e-24     
   1.6681        1.2915e+19    1.2915e+15    3.76740166e-24     
   1.6681        1.2915e+19    2.1544e+15    3.76740166e-24     
   1.6681        1.2915e+19    3.5938e+15    3.76740166e-24     
   1.6681        1.2915e+19    5.9948e+15    3.76740166e-24     
   1.6681        1.2915e+19    1.0000e+16    3.76740166e-24     
   1.6681        2.1544e+19    1.0000e+14    3.41326914e-24     
   1.6681        2.1544e+19    1.6681e+14    3.41326914e-24     
   1.6681        2.1544e+19    2.7826e+14    3.41326914e-24     
   1.6681        2.1544e+19    4.6416e+14    3.41326914e-24     
   1.6681        2.1544e+19    7.7426e+14    3.41326914e-24     
   1.6681        2.1544e+19    1.2915e+15    3.41326914e-24     
   1.6681        2.1544e+19    2.1544e+15    3.41326914e-24     
   1.6681        2.1544e+19    3.5938e+15    3.41326914e-24     
   1.6681        2.1544e+19    5.9948e+15    3.41326914e-24     
   1.6681        2.1544e+19    1.0000e+16    3.41326914e-24     
   1.6681        3.5938e+19    1.0000e+14    2.84431602e-24     
   1.6681        3.5938e+19    1.6681e+14    2.84431602e-24     
   1.6681        3.5938e+19    2.7826e+14    2.84431602e-24     
   1.6681        3.5938e+19    4.6416e+14    2.84431602e-24     
   1.6681        3.5938e+19    7.7426e+14    2.84431602e-24     
   1.6681        3.5938e+19    1.2915e+15    2.84431602e-24     
   1.6681        3.5938e+19    2.1544e+15    2.84431602e-24     
   1.6681        3.5938e+19    3.5938e+15    2.84431602e-24     
   1.6681        3.5938e+19    5.9948e+15    2.84431602e-24     
   1.6681        3.5938e+19    1.0000e+16    2.84431602e-24     
   1.6681        5.9948e+19    1.0000e+14    2.18887152e-24     
   1.6681        5.9948e+19    1.6681e+14    2.18887152e-24     
   1.6681        5.9948e+19    2.7826e+14    2.18887152e-24     
   1.6681        5.9948e+19    4.6416e+14    2.18887152e-24     
   1.6681        5.9948e+19    7.7426e+14    2.18887152e-24     
   1.6681        5.9948e+19    1.2915e+15    2.18887152e-24     
   1.6681        5.9948e+19    2.1544e+15    2.18887152e-24     
   1.6681        5.9948e+19    3.5938e+15    2.18887152e-24     
   1.6681        5.9948e+19    5.9948e+15    2.18887152e-24     
   1.6681        5.9948e+19    1.0000e+16    2.18887152e-24     
   1.6681        1.0000e+20    1.0000e+14    1.57101979e-24     
   1.6681        1.0000e+20    1.6681e+14    1.57101979e-24     
   1.6681        1.0000e+20    2.7826e+14    1.57101979e-24     
   1.6681        1.0000e+20    4.6416e+14    1.57101979e-24     
   1.6681        1.0000e+20    7.7426e+14    1.57101979e-24     
   1.6681        1.0000e+20    1.2915e+15    1.57101979e-24     
   1.6681        1.0000e+20    2.1544e+15    1.57101979e-24     
   1.6681        1.0000e+20    3.5938e+15    1.57101979e-24     
   1.6681        1.0000e+20    5.9948e+15    1.57101979e-24     
   1.6681        1.0000e+20    1.0000e+16    1.57101979e-24     
   2.1544        1.0000e+18    1.0000e+14    2.33456923e-24     
   2.1544        1.0000e+18    1.6681e+14    2.33456923e-24     
   2.1544        1.0000e+18    2.7826e+14    2.33456923e-24     
   2.1544        1.0000e+18    4.6416e+14    2.33456923e-24     
   2.1544        1.0000e+18    7.7426e+14    2.33456923e-24     
   2.1544        1.0000e+18    1.2915e+15    2.33456923e-24     
   2.1544        1.0000e+18    2.1544e+15    2.33456923e-24     
   2.1544        1.0000e+18    3.5938e+15    2.33456923e-24     
   2.1544        1.0000e+18    5.9948e+15    2.33456923e-24     
   2.1544        1.0000e+18    1.0000e+16    2.33456923e-24     
   2.1544        1.6681e+18    1.0000e+14    2.97665936e-24     
   2.1544        1.6681e+18    1.6681e+14    2.97665936e-24     
   2.1544        1.6681e+18    2.7826e+14    2.97665936e-24     
   2.1544        1.6681e+18    4.6416e+14    2.97665936e-24     
   2.1544        1.6681e+18    7.7426e+14    2.97665936e-24     
   2.1544        1.6681e+18    1.2915e+15    2.97665936e-24     
   2.1544        1.6681e+18    2.1544e+15    2.97665936e-24     
   2.1544        1.6681e+18    3.5938e+15    2.97665936e-24     
   2.1544        1.6681e+18    5.9948e+15    2.97665936e-24     
   2.1544        1.6681e+18    1.0000e+16    2.97665936e-24     
   2.1544        2.7826e+18    1.0000e+14    3.59006044e-24     
   2.1544        2.7826e+18    1.6681e+14    3.59006044e-24     
   2.1544        2.7826e+18    2.7826e+14    3.59006044e-24     
   2.1544        2.7826e+18    4.6416e+14    3.59006044e-24     
   2.1544        2.7826e+18    7.7426e+14    3.59006044e-24     
   2.1544        2.7826e+18    1.2915e+15    3.59006044e-24     
   2.1544        2.7826e+18    2.1544e+15    3.59006044e-24     
   2.1544        2.7826e+18    3.5938e+15    3.59006044e-24     
   2.1544        2.7826e+18    5.9948e+15    3.59006044e-24     
   2.1544        2.7826e+18    1.0000e+16    3.59006044e-24     
   2.1544        4.6416e+18    1.0000e+14    4.03983471e-24     
   2.1544        4.6416e+18    1.6681e+14    4.03983471e-24     
   2.1544        4.6416e+18    2.7826e+14    4.03983471e-24     
   2.1544        4.6416e+18    4.6416e+14    4.03983471e-24     
   2.1544        4.6416e+18    7.7426e+14    4.03983471e-24     
   2.1544        4.6416e+18    1.2915e+15    4.03983471e-24     
   2.1544        4.6416e+18    2.1544e+15    4.03983471e-24     
   2.1544        4.6416e+18    3.5938e+15    4.03983471e-24     
   2.1544        4.6416e+18    5.9948e+15    4.03983471e-24     
   2.1544        4.6416e+18    1.0000e+16    4.03983471e-24     
   2.1544        7.7426e+18    1.0000e+14    4.20547113e-24     
   2.1544        7.7426e+18    1.6681e+14    4.20547113e-24     
   2.1544        7.7426e+18    2.7826e+14    4.20547113e-24     
   2.1544        7.7426e+18    4.6416e+14    4.20547113e-24     
   2.1544        7.7426e+18    7.7426e+14    4.20547113e-24     
   2.1544        7.7426e+18    1.2915e+15    4.20547113e-24     
   2.1544        7.7426e+18    2.1544e+15    4.20547113e-24     
   2.1544        7.7426e+18    3.5938e+15    4.20547113e-24     
   2.1544        7.7426e+18    5.9948e+15    4.20547113e-24     
   2.1544        7.7426e+18    1.0000e+16    4.20547113e-24     
   2.1544        1.2915e+19    1.0000e+14    4.03148325e-24     
   2.1544        1.2915e+19    1.6681e+14    4.03148325e-24     
   2.1544        1.2915e+19    2.7826e+14    4.03148325e-24     
   2.1544        1.2915e+19    4.6416e+14    4.03148325e-24     
   2.1544        1.2915e+19    7.7426e+14    4.03148325e-24     
   2.1544        1.2915e+19    1.2915e+15    4.03148325e-24     
   2.1544        1.2915e+19    2.1544e+15    4.03148325e-24     
   2.1544        1.2915e+19    3.5938e+15    4.03148325e-24     
   2.1544        1.2915e+19    5.9948e+15    4.03148325e-24     
   2.1544        1.2915e+19    1.0000e+16    4.03148325e-24     
   2.1544        2.1544e+19    1.0000e+14    3.55126370e-24     
   2.1544        2.1544e+19    1.6681e+14    3.55126370e-24     
   2.1544        2.1544e+19    2.7826e+14    3.55126370e-24     
   2.1544        2.1544e+19    4.6416e+14    3.55126370e-24     
   2.1544        2.1544e+19    7.7426e+14    3.55126370e-24     
   2.1544        2.1544e+19    1.2915e+15    3.55126370e-24     
   2.1544        2.1544e+19    2.1544e+15    3.55126370e-24     
   2.1544        2.1544e+19    3.5938e+15    3.55126370e-24     
   2.1544        2.1544e+19    5.9948e+15    3.55126370e-24     
   2.1544        2.1544e+19    1.0000e+16    3.55126370e-24     
   2.1544        3.5938e+19    1.0000e+14    2.87754962e-24     
   2.1544        3.5938e+19    1.6681e+14    2.87754962e-24     
   2.1544        3.5938e+19    2.7826e+14    2.87754962e-24     
   2.1544        3.5938e+19    4.6416e+14    2.87754962e-24     
   2.1544        3.5938e+19    7.7426e+14    2.87754962e-24     
   2.1544        3.5938e+19    1.2915e+15    2.87754962e-24     
   2.1544        3.5938e+19    2.1544e+15    2.87754962e-24     
   2.1544        3.5938e+19    3.5938e+15    2.87754962e-24     
   2.1544        3.5938e+19    5.9948e+15    2.87754962e-24     
   2.1544        3.5938e+19    1.0000e+16    2.87754962e-24     
   2.1544        5.9948e+19    1.0000e+14    2.15829063e-24     
   2.1544        5.9948e+19    1.6681e+14    2.15829063e-24     
   2.1544        5.9948e+19    2.7826e+14    2.15829063e-24     
   2.1544        5.9948e+19    4.6416e+14    2.15829063e-24     
   2.1544        5.9948e+19    7.7426e+14    2.15829063e-24     
   2.1544        5.9948e+19    1.2915e+15    2.15829063e-24     
   2.1544        5.9948e+19    2.1544e+15    2.15829063e-24     
   2.1544        5.9948e+19    3.5938e+15    2.15829063e-24     
   2.1544        5.9948e+19    5.9948e+15    2.15829063e-24     
   2.1544        5.9948e+19    1.0000e+16    2.15829063e-24     
   2.1544        1.0000e+20    1.0000e+14    1.51638805e-24     
   2.1544        1.0000e+20    1.6681e+14    1.51638805e-24     
   2.1544        1.0000e+20    2.7826e+14    1.51638805e-24     
   2.1544        1.0000e+20    4.6416e+14    1.51638805e-24     
   2.1544        1.0000e+20    7.7426e+14    1.51638805e-24     
   2.1544        1.0000e+20    1.2915e+15    1.51638805e-24     
   2.1544        1.0000e+20    2.1544e+15    1.51638805e-24     
   2.1544        1.0000e+20    3.5938e+15    1.51638805e-24     
   2.1544        1.0000e+20    5.9948e+15    1.51638805e-24     
   2.1544        1.0000e+20    1.0000e+16    1.51638805e-24     
   2.7826        1.0000e+18    1.0000e+14    2.69588929e-24     
   2.7826        1.0000e+18    1.6681e+14    2.69588929e-24     
   2.7826        1.0000e+18    2.7826e+14    2.69588929e-24     
   2.7826        1.0000e+18    4.6416e+14    2.69588929e-24     
   2.7826        1.0000e+18    7.7426e+14    2.69588929e-24     
   2.7826        1.0000e+18    1.2915e+15    2.69588929e-24     
   2.7826        1.0000e+18    2.1544e+15    2.69588929e-24     
   2.7826        1.0000e+18    3.5938e+15    2.69588929e-24     
   2.7826        1.0000e+18    5.9948e+15    2.69588929e-24     
   2.7826        1.0000e+18    1.0000e+16    2.69588929e-24     
   2.7826        1.6681e+18    1.0000e+14    3.39728020e-24     
   2.7826        1.6681e+18    1.6681e+14    3.39728020e-24     
   2.7826        1.6681e+18    2.7826e+14    3.39728020e-24     
   2.7826        1.6681e+18    4.6416e+14    3.39728020e-24     
   2.7826        1.6681e+18    7.7426e+14    3.39728020e-24     
   2.7826        1.6681e+18    1.2915e+15    3.39728020e-24     
   2.7826        1.6681e+18    2.1544e+15    3.39728020e-24     
   2.7826        1.6681e+18    3.5938e+15    3.39728020e-24     
   2.7826        1.6681e+18    5.9948e+15    3.39728020e-24     
   2.7826        1.6681e+18    1.0000e+16    3.39728020e-24     
   2.7826        2.7826e+18    1.0000e+14    4.03384516e-24     
   2.7826        2.7826e+18    1.6681e+14    4.03384516e-24     
   2.7826        2.7826e+18    2.7826e+14    4.03384516e-24     
   2.7826        2.7826e+18    4.6416e+14    4.03384516e-24     
   2.7826        2.7826e+18    7.7426e+14    4.03384516e-24     
   2.7826        2.7826e+18    1.2915e+15    4.03384516e-24     
   2.7826        2.7826e+18    2.1544e+15    4.03384516e-24     
   2.7826        2.7826e+18    3.5938e+15    4.03384516e-24     
   2.7826        2.7826e+18    5.9948e+15    4.03384516e-24     
   2.7826        2.7826e+18    1.0000e+16    4.03384516e-24     
   2.7826        4.6416e+18    1.0000e+14    4.45541205e-24     
   2.7826        4.6416e+18    1.6681e+14    4.45541205e-24     
   2.7826        4.6416e+18    2.7826e+14    4.45541205e-24     
   2.7826        4.6416e+18    4.6416e+14    4.45541205e-24     
   2.7826        4.6416e+18    7.7426e+14    4.45541205e-24     
   2.7826        4.6416e+18    1.2915e+15    4.45541205e-24     
   2.7826        4.6416e+18    2.1544e+15    4.45541205e-24     
   2.7826        4.6416e+18    3.5938e+15    4.45541205e-24     
   2.7826        4.6416e+18    5.9948e+15    4.45541205e-24     
   2.7826        4.6416e+18    1.0000e+16    4.45541205e-24     
   2.7826        7.7426e+18    1.0000e+14    4.54247170e-24     
   2.7826        7.7426e+18    1.6681e+14    4.54247170e-24     
   2.7826        7.7426e+18    2.7826e+14    4.54247170e-24     
   2.7826        7.7426e+18    4.6416e+14    4.54247170e-24     
   2.7826        7.7426e+18    7.7426e+14    4.54247170e-24     
   2.7826        7.7426e+18    1.2915e+15    4.54247170e-24     
   2.7826        7.7426e+18    2.1544e+15    4.54247170e-24     
   2.7826        7.7426e+18    3.5938e+15    4.54247170e-24     
   2.7826        7.7426e+18    5.9948e+15    4.54247170e-24     
   2.7826        7.7426e+18    1.0000e+16    4.54247170e-24     
   2.7826        1.2915e+19    1.0000e+14    4.25768228e-24     
   2.7826        1.2915e+19    1.6681e+14    4.25768228e-24     
   2.7826        1.2915e+19    2.7826e+14    4.25768228e-24     
   2.7826        1.2915e+19    4.6416e+14    4.25768228e-24     
   2.7826        1.2915e+19    7.7426e+14    4.25768228e-24     
   2.7826        1.2915e+19    1.2915e+15    4.25768228e-24     
   2.7826        1.2915e+19    2.1544e+15    4.25768228e-24     
   2.7826        1.2915e+19    3.5938e+15    4.25768228e-24     
   2.7826        1.2915e+19    5.9948e+15    4.25768228e-24     
   2.7826        1.2915e+19    1.0000e+16    4.25768228e-24     
   2.7826        2.1544e+19    1.0000e+14    3.66381245e-24     
   2.7826        2.1544e+19    1.6681e+14    3.66381245e-24     
   2.7826        2.1544e+19    2.7826e+14    3.66381245e-24     
   2.7826        2.1544e+19    4.6416e+14    3.66381245e-24     
   2.7826        2.1544e+19    7.7426e+14    3.66381245e-24     
   2.7826        2.1544e+19    1.2915e+15    3.66381245e-24     
   2.7826        2.1544e+19    2.1544e+15    3.66381245e-24     
   2.7826        2.1544e+19    3.5938e+15    3.66381245e-24     
   2.7826        2.1544e+19    5.9948e+15    3.66381245e-24     
   2.7826        2.1544e+19    1.0000e+16    3.66381245e-24     
   2.7826        3.5938e+19    1.0000e+14    2.90189255e-24     
   2.7826        3.5938e+19    1.6681e+14    2.90189255e-24     
   2.7826        3.5938e+19    2.7826e+14    2.90189255e-24     
   2.7826        3.5938e+19    4.6416e+14    2.90189255e-24     
   2.7826        3.5938e+19    7.7426e+14    2.90189255e-24     
   2.7826        3.5938e+19    1.2915e+15    2.90189255e-24     
   2.7826        3.5938e+19    2.1544e+15    2.90189255e-24     
   2.7826        3.5938e+19    3.5938e+15    2.90189255e-24     
   2.7826        3.5938e+19    5.9948e+15    2.90189255e-24     
   2.7826        3.5938e+19    1.0000e+16    2.90189255e-24     
   2.7826        5.9948e+19    1.0000e+14    2.13295248e-24     
   2.7826        5.9948e+19    1.6681e+14    2.13295248e-24     
   2.7826        5.9948e+19    2.7826e+14    2.13295248e-24     
   2.7826        5.9948e+19    4.6416e+14    2.13295248e-24     
   2.7826        5.9948e+19    7.7426e+14    2.13295248e-24     
   2.7826        5.9948e+19    1.2915e+15    2.13295248e-24     
   2.7826        5.9948e+19    2.1544e+15    2.13295248e-24     
   2.7826        5.9948e+19    3.5938e+15    2.13295248e-24     
   2.7826        5.9948e+19    5.9948e+15    2.13295248e-24     
   2.7826        5.9948e+19    1.0000e+16    2.13295248e-24     
   2.7826        1.0000e+20    1.0000e+14    1.47442094e-24     
   2.7826        1.0000e+20    1.6681e+14    1.47442094e-24     
   2.7826        1.0000e+20    2.7826e+14    1.47442094e-24     
   2.7826        1.0000e+20    4.6416e+14    1.47442094e-24     
   2.7826        1.0000e+20    7.7426e+14    1.47442094e-24     
   2.7826        1.0000e+20    1.2915e+15    1.47442094e-24     
   2.7826        1.0000e+20    2.1544e+15    1.47442094e-24     
   2.7826        1.0000e+20    3.5938e+15    1.47442094e-24     
   2.7826        1.0000e+20    5.9948e+15    1.47442094e-24     
   2.7826        1.0000e+20    1.0000e+16    1.47442094e-24     
   3.5938        1.0000e+18    1.0000e+14    3.03592692e-24     
   3.5938        1.0000e+18    1.6681e+14    3.03592692e-24     
   3.5938        1.0000e+18    2.7826e+14    3.03592692e-24     
   3.5938        1.0000e+18    4.6416e+14    3.03592692e-24     
   3.5938        1.0000e+18    7.7426e+14    3.03592692e-24     
   3.5938        1.0000e+18    1.2915e+15    3.03592692e-24     
   3.5938        1.0000e+18    2.1544e+15    3.03592692e-24     
   3.5938        1.0000e+18    3.5938e+15    3.03592692e-24     
   3.5938        1.0000e+18    5.9948e+15    3.03592692e-24     
   3.5938        1.0000e+18    1.0000e+16    3.03592692e-24     
   3.5938        1.6681e+18    1.0000e+14    3.79064697e-24     
   3.5938        1.6681e+18    1.6681e+14    3.79064697e-24     
   3.5938        1.6681e+18    2.7826e+14    3.79064697e-24     
   3.5938        1.6681e+18    4.6416e+14    3.79064697e-24     
   3.5938        1.6681e+18    7.7426e+14    3.79064697e-24     
   3.5938        1.6681e+18    1.2915e+15    3.79064697e-24     
   3.5938        1.6681e+18    2.1544e+15    3.79064697e-24     
   3.5938        1.6681e+18    3.5938e+15    3.79064697e-24     
   3.5938        1.6681e+18    5.9948e+15    3.79064697e-24     
   3.5938        1.6681e+18    1.0000e+16    3.79064697e-24     
   3.5938        2.7826e+18    1.0000e+14    4.44532214e-24     
   3.5938        2.7826e+18    1.6681e+14    4.44532214e-24     
   3.5938        2.7826e+18    2.7826e+14    4.44532214e-24     
   3.5938        2.7826e+18    4.6416e+14    4.44532214e-24     
   3.5938        2.7826e+18    7.7426e+14    4.44532214e-24     
   3.5938        2.7826e+18    1.2915e+15    4.44532214e-24     
   3.5938        2.7826e+18    2.1544e+15    4.44532214e-24     
   3.5938        2.7826e+18    3.5938e+15    4.44532214e-24     
   3.5938        2.7826e+18    5.9948e+15    4.44532214e-24     
   3.5938        2.7826e+18    1.0000e+16    4.44532214e-24     
   3.5938        4.6416e+18    1.0000e+14    4.83722779e-24     
   3.5938        4.6416e+18    1.6681e+14    4.83722779e-24     
   3.5938        4.6416e+18    2.7826e+14    4.83722779e-24     
   3.5938        4.6416e+18    4.6416e+14    4.83722779e-24     
   3.5938        4.6416e+18    7.7426e+14    4.83722779e-24     
   3.5938        4.6416e+18    1.2915e+15    4.83722779e-24     
   3.5938        4.6416e+18    2.1544e+15    4.83722779e-24     
   3.5938        4.6416e+18    3.5938e+15    4.83722779e-24     
   3.5938        4.6416e+18    5.9948e+15    4.83722779e-24     
   3.5938        4.6416e+18    1.0000e+16    4.83722779e-24     
   3.5938        7.7426e+18    1.0000e+14    4.84976974e-24     
   3.5938        7.7426e+18    1.6681e+14    4.84976974e-24     
   3.5938        7.7426e+18    2.7826e+14    4.84976974e-24     
   3.5938        7.7426e+18    4.6416e+14    4.84976974e-24     
   3.5938        7.7426e+18    7.7426e+14    4.84976974e-24     
   3.5938        7.7426e+18    1.2915e+15    4.84976974e-24     
   3.5938        7.7426e+18    2.1544e+15    4.84976974e-24     
   3.5938        7.7426e+18    3.5938e+15    4.84976974e-24     
   3.5938        7.7426e+18    5.9948e+15    4.84976974e-24     
   3.5938        7.7426e+18    1.0000e+16    4.84976974e-24     
   3.5938        1.2915e+19    1.0000e+14    4.46408861e-24     
   3.5938        1.2915e+19    1.6681e+14    4.46408861e-24     
   3.5938        1.2915e+19    2.7826e+14    4.46408861e-24     
   3.5938        1.2915e+19    4.6416e+14    4.46408861e-24     
   3.5938        1.2915e+19    7.7426e+14    4.46408861e-24     
   3.5938        1.2915e+19    1.2915e+15    4.46408861e-24     
   3.5938        1.2915e+19    2.1544e+15    4.46408861e-24     
   3.5938        1.2915e+19    3.5938e+15    4.46408861e-24     
   3.5938        1.2915e+19    5.9948e+15    4.46408861e-24     
   3.5938        1.2915e+19    1.0000e+16    4.46408861e-24     
   3.5938        2.1544e+19    1.0000e+14    3.77041956e-24     
   3.5938        2.1544e+19    1.6681e+14    3.77041956e-24     
   3.5938        2.1544e+19    2.7826e+14    3.77041956e-24     
   3.5938        2.1544e+19    4.6416e+14    3.77041956e-24     
   3.5938        2.1544e+19    7.7426e+14    3.77041956e-24     
   3.5938        2.1544e+19    1.2915e+15    3.77041956e-24     
   3.5938        2.1544e+19    2.1544e+15    3.77041956e-24     
   3.5938        2.1544e+19    3.5938e+15    3.77041956e-24     
   3.5938        2.1544e+19    5.9948e+15    3.77041956e-24     
   3.5938        2.1544e+19    1.0000e+16    3.77041956e-24     
   3.5938        3.5938e+19    1.0000e+14    2.93364800e-24     
   3.5938        3.5938e+19    1.6681e+14    2.93364800e-24     
   3.5938        3.5938e+19    2.7826e+14    2.93364800e-24     
   3.5938        3.5938e+19    4.6416e+14    2.93364800e-24     
   3.5938        3.5938e+19    7.7426e+14    2.93364800e-24     
   3.5938        3.5938e+19    1.2915e+15    2.93364800e-24     
   3.5938        3.5938e+19    2.1544e+15    2.93364800e-24     
   3.5938        3.5938e+19    3.5938e+15    2.93364800e-24     
   3.5938        3.5938e+19    5.9948e+15    2.93364800e-24     
   3.5938        3.5938e+19    1.0000e+16    2.93364800e-24     
   3.5938        5.9948e+19    1.0000e+14    2.12333914e-24     
   3.5938        5.9948e+19    1.6681e+14    2.12333914e-24     
   3.5938        5.9948e+19    2.7826e+14    2.12333914e-24     
   3.5938        5.9948e+19    4.6416e+14    2.12333914e-24     
   3.5938        5.9948e+19    7.7426e+14    2.12333914e-24     
   3.5938        5.9948e+19    1.2915e+15    2.12333914e-24     
   3.5938        5.9948e+19    2.1544e+15    2.12333914e-24     
   3.5938        5.9948e+19    3.5938e+15    2.12333914e-24     
   3.5938        5.9948e+19    5.9948e+15    2.12333914e-24     
   3.5938        5.9948e+19    1.0000e+16    2.12333914e-24     
   3.5938        1.0000e+20    1.0000e+14    1.45018660e-24     
   3.5938        1.0000e+20    1.6681e+14    1.45018660e-24     
   3.5938        1.0000e+20    2.7826e+14    1.45018660e-24     
   3.5938        1.0000e+20    4.6416e+14    1.45018660e-24     
   3.5938        1.0000e+20    7.7426e+14    1.45018660e-24     
   3.5938        1.0000e+20    1.2915e+15    1.45018660e-24     
   3.5938        1.0000e+20    2.1544e+15    1.45018660e-24     
   3.5938        1.0000e+20    3.5938e+15    1.45018660e-24     
   3.5938        1.0000e+20    5.9948e+15    1.45018660e-24     
   3.5938        1.0000e+20    1.0000e+16    1.45018660e-24     
   4.6416        1.0000e+18    1.0000e+14    3.34705399e-24     
   4.6416        1.0000e+18    1.6681e+14    3.34705399e-24     
   4.6416        1.0000e+18    2.7826e+14    3.34705399e-24     
   4.6416        1.0000e+18    4.6416e+14    3.34705399e-24     
   4.6416        1.0000e+18    7.7426e+14    3.34705399e-24     
   4.6416        1.0000e+18    1.2915e+15    3.34705399e-24     
   4.6416        1.0000e+18    2.1544e+15    3.34705399e-24     
   4.6416        1.0000e+18    3.5938e+15    3.34705399e-24     
   4.6416        1.0000e+18    5.9948e+15    3.34705399e-24     
   4.6416        1.0000e+18    1.0000e+16    3.34705399e-24     
   4.6416        1.6681e+18    1.0000e+14    4.15149718e-24     
   4.6416        1.6681e+18    1.6681e+14    4.15149718e-24     
   4.6416        1.6681e+18    2.7826e+14    4.15149718e-24     
   4.6416        1.6681e+18    4.6416e+14    4.15149718e-24     
   4.6416        1.6681e+18    7.7426e+14    4.15149718e-24     
   4.6416        1.6681e+18    1.2915e+15    4.15149718e-24     
   4.6416        1.6681e+18    2.1544e+15    4.15149718e-24     
   4.6416        1.6681e+18    3.5938e+15    4.15149718e-24     
   4.6416        1.6681e+18    5.9948e+15    4.15149718e-24     
   4.6416        1.6681e+18    1.0000e+16    4.15149718e-24     
   4.6416        2.7826e+18    1.0000e+14    4.82402495e-24     
   4.6416        2.7826e+18    1.6681e+14    4.82402495e-24     
   4.6416        2.7826e+18    2.7826e+14    4.82402495e-24     
   4.6416        2.7826e+18    4.6416e+14    4.82402495e-24     
   4.6416        2.7826e+18    7.7426e+14    4.82402495e-24     
   4.6416        2.7826e+18    1.2915e+15    4.82402495e-24     
   4.6416        2.7826e+18    2.1544e+15    4.82402495e-24     
   4.6416        2.7826e+18    3.5938e+15    4.82402495e-24     
   4.6416        2.7826e+18    5.9948e+15    4.82402495e-24     
   4.6416        2.7826e+18    1.0000e+16    4.82402495e-24     
   4.6416        4.6416e+18    1.0000e+14    5.19094978e-24     
   4.6416        4.6416e+18    1.6681e+14    5.19094978e-24     
   4.6416        4.6416e+18    2.7826e+14    5.19094978e-24     
   4.6416        4.6416e+18    4.6416e+14    5.19094978e-24     
   4.6416        4.6416e+18    7.7426e+14    5.19094978e-24     
   4.6416        4.6416e+18    1.2915e+15    5.19094978e-24     
   4.6416        4.6416e+18    2.1544e+15    5.19094978e-24     
   4.6416        4.6416e+18    3.5938e+15    5.19094978e-24     
   4.6416        4.6416e+18    5.9948e+15    5.19094978e-24     
   4.6416        4.6416e+18    1.0000e+16    5.19094978e-24     
   4.6416        7.7426e+18    1.0000e+14    5.13864280e-24     
   4.6416        7.7426e+18    1.6681e+14    5.13864280e-24     
   4.6416        7.7426e+18    2.7826e+14    5.13864280e-24     
   4.6416        7.7426e+18    4.6416e+14    5.13864280e-24     
   4.6416        7.7426e+18    7.7426e+14    5.13864280e-24     
   4.6416        7.7426e+18    1.2915e+15    5.13864280e-24     
   4.6416        7.7426e+18    2.1544e+15    5.13864280e-24     
   4.6416        7.7426e+18    3.5938e+15    5.13864280e-24     
   4.6416        7.7426e+18    5.9948e+15    5.13864280e-24     
   4.6416        7.7426e+18    1.0000e+16    5.13864280e-24     
   4.6416        1.2915e+19    1.0000e+14    4.66514148e-24     
   4.6416        1.2915e+19    1.6681e+14    4.66514148e-24     
   4.6416        1.2915e+19    2.7826e+14    4.66514148e-24     
   4.6416        1.2915e+19    4.6416e+14    4.66514148e-24     
   4.6416        1.2915e+19    7.7426e+14    4.66514148e-24     
   4.6416        1.2915e+19    1.2915e+15    4.66514148e-24     
   4.6416        1.2915e+19    2.1544e+15    4.66514148e-24     
   4.6416        1.2915e+19    3.5938e+15    4.66514148e-24     
   4.6416        1.2915e+19    5.9948e+15    4.66514148e-24     
   4.6416        1.2915e+19    1.0000e+16    4.66514148e-24     
   4.6416        2.1544e+19    1.0000e+14    3.88498591e-24     
   4.6416        2.1544e+19    1.6681e+14    3.88498591e-24     
   4.6416        2.1544e+19    2.7826e+14    3.88498591e-24     
   4.6416        2.1544e+19    4.6416e+14    3.88498591e-24     
   4.6416        2.1544e+19    7.7426e+14    3.88498591e-24     
   4.6416        2.1544e+19    1.2915e+15    3.88498591e-24     
   4.6416        2.1544e+19    2.1544e+15    3.88498591e-24     
   4.6416        2.1544e+19    3.5938e+15    3.88498591e-24     
   4.6416        2.1544e+19    5.9948e+15    3.88498591e-24     
   4.6416        2.1544e+19    1.0000e+16    3.88498591e-24     
   4.6416        3.5938e+19    1.0000e+14    2.98297937e-24     
   4.6416        3.5938e+19    1.6681e+14    2.98297937e-24     
   4.6416        3.5938e+19    2.7826e+14    2.98297937e-24     
   4.6416        3.5938e+19    4.6416e+14    2.98297937e-24     
   4.6416        3.5938e+19    7.7426e+14    2.98297937e-24     
   4.6416        3.5938e+19    1.2915e+15    2.98297937e-24     
   4.6416        3.5938e+19    2.1544e+15    2.98297937e-24     
   4.6416        3.5938e+19    3.5938e+15    2.98297937e-24     
   4.6416        3.5938e+19    5.9948e+15    2.98297937e-24     
   4.6416        3.5938e+19    1.0000e+16    2.98297937e-24     
   4.6416        5.9948e+19    1.0000e+14    2.13490788e-24     
   4.6416        5.9948e+19    1.6681e+14    2.13490788e-24     
   4.6416        5.9948e+19    2.7826e+14    2.13490788e-24     
   4.6416        5.9948e+19    4.6416e+14    2.13490788e-24     
   4.6416        5.9948e+19    7.7426e+14    2.13490788e-24     
   4.6416        5.9948e+19    1.2915e+15    2.13490788e-24     
   4.6416        5.9948e+19    2.1544e+15    2.13490788e-24     
   4.6416        5.9948e+19    3.5938e+15    2.13490788e-24     
   4.6416        5.9948e+19    5.9948e+15    2.13490788e-24     
   4.6416        5.9948e+19    1.0000e+16    2.13490788e-24     
   4.6416        1.0000e+20    1.0000e+14    1.44555962e-24     
   4.6416        1.0000e+20    1.6681e+14    1.44555962e-24     
   4.6416        1.0000e+20    2.7826e+14    1.44555962e-24     
   4.6416        1.0000e+20    4.6416e+14    1.44555962e-24     
   4.6416        1.0000e+20    7.7426e+14    1.44555962e-24     
   4.6416        1.0000e+20    1.2915e+15    1.44555962e-24     
   4.6416        1.0000e+20    2.1544e+15    1.44555962e-24     
   4.6416        1.0000e+20    3.5938e+15    1.44555962e-24     
   4.6416        1.0000e+20    5.9948e+15    1.44555962e-24     
   4.6416        1.0000e+20    1.0000e+16    1.44555962e-24     
   5.9948        1.0000e+18    1.0000e+14    3.62295349e-24     
   5.9948        1.0000e+18    1.6681e+14    3.62295349e-24     
   5.9948        1.0000e+18    2.7826e+14    3.62295349e-24     
   5.9948        1.0000e+18    4.6416e+14    3.62295349e-24     
   5.9948        1.0000e+18    7.7426e+14    3.62295349e-24     
   5.9948        1.0000e+18    1.2915e+15    3.62295349e-24     
   5.9948        1.0000e+18    2.1544e+15    3.62295349e-24     
   5.9948        1.0000e+18    3.5938e+15    3.62295349e-24     
   5.9948        1.0000e+18    5.9948e+15    3.62295349e-24     
   5.9948        1.0000e+18    1.0000e+16    3.62295349e-24     
   5.9948        1.6681e+18    1.0000e+14    4.47566517e-24     
   5.9948        1.6681e+18    1.6681e+14    4.47566517e-24     
   5.9948        1.6681e+18    2.7826e+14    4.47566517e-24     
   5.9948        1.6681e+18    4.6416e+14    4.47566517e-24     
   5.9948        1.6681e+18    7.7426e+14    4.47566517e-24     
   5.9948        1.6681e+18    1.2915e+15    4.47566517e-24     
   5.9948        1.6681e+18    2.1544e+15    4.47566517e-24     
   5.9948        1.6681e+18    3.5938e+15    4.47566517e-24     
   5.9948        1.6681e+18    5.9948e+15    4.47566517e-24     
   5.9948        1.6681e+18    1.0000e+16    4.47566517e-24     
   5.9948        2.7826e+18    1.0000e+14    5.16980014e-24     
   5.9948        2.7826e+18    1.6681e+14    5.16980014e-24     
   5.9948        2.7826e+18    2.7826e+14    5.16980014e-24     
   5.9948        2.7826e+18    4.6416e+14    5.16980014e-24     
   5.9948        2.7826e+18    7.7426e+14    5.16980014e-24     
   5.9948        2.7826e+18    1.2915e+15    5.16980014e-24     
   5.9948        2.7826e+18    2.1544e+15    5.16980014e-24     
   5.9948        2.7826e+18    3.5938e+15    5.16980014e-24     
   5.9948        2.7826e+18    5.9948e+15    5.16980014e-24     
   5.9948        2.7826e+18    1.0000e+16    5.16980014e-24     
   5.9948        4.6416e+18    1.0000e+14    5.52121177e-24     
   5.9948        4.6416e+18    1.6681e+14    5.52121177e-24     
   5.9948        4.6416e+18    2.7826e+14    5.52121177e-24     
   5.9948        4.6416e+18    4.6416e+14    5.52121177e-24     
   5.9948        4.6416e+18    7.7426e+14    5.52121177e-24     
   5.9948        4.6416e+18    1.2915e+15    5.52121177e-24     
   5.9948        4.6416e+18    2.1544e+15    5.52121177e-24     
   5.9948        4.6416e+18    3.5938e+15    5.52121177e-24     
   5.9948        4.6416e+18    5.9948e+15    5.52121177e-24     
   5.9948        4.6416e+18    1.0000e+16    5.52121177e-24     
   5.9948        7.7426e+18    1.0000e+14    5.41768698e-24     
   5.9948        7.7426e+18    1.6681e+14    5.41768698e-24     
   5.9948        7.7426e+18    2.7826e+14    5.41768698e-24     
   5.9948        7.7426e+18    4.6416e+14    5.41768698e-24     
   5.9948        7.7426e+18    7.7426e+14    5.41768698e-24     
   5.9948        7.7426e+18    1.2915e+15    5.41768698e-24     
   5.9948        7.7426e+18    2.1544e+15    5.41768698e-24     
   5.9948        7.7426e+18    3.5938e+15    5.41768698e-24     
   5.9948        7.7426e+18    5.9948e+15    5.41768698e-24     
   5.9948        7.7426e+18    1.0000e+16    5.41768698e-24     
   5.9948        1.2915e+19    1.0000e+14    4.87109569e-24     
   5.9948        1.2915e+19    1.6681e+14    4.87109569e-24     
   5.9948        1.2915e+19    2.7826e+14    4.87109569e-24     
   5.9948        1.2915e+19    4.6416e+14    4.87109569e-24     
   5.9948        1.2915e+19    7.7426e+14    4.87109569e-24     
   5.9948        1.2915e+19    1.2915e+15    4.87109569e-24     
   5.9948        1.2915e+19    2.1544e+15    4.87109569e-24     
   5.9948        1.2915e+19    3.5938e+15    4.87109569e-24     
   5.9948        1.2915e+19    5.9948e+15    4.87109569e-24     
   5.9948        1.2915e+19    1.0000e+16    4.87109569e-24     
   5.9948        2.1544e+19    1.0000e+14    4.01651775e-24     
   5.9948        2.1544e+19    1.6681e+14    4.01651775e-24     
   5.9948        2.1544e+19    2.7826e+14    4.01651775e-24     
   5.9948        2.1544e+19    4.6416e+14    4.01651775e-24     
   5.9948        2.1544e+19    7.7426e+14    4.01651775e-24     
   5.9948        2.1544e+19    1.2915e+15    4.01651775e-24     
   5.9948        2.1544e+19    2.1544e+15    4.01651775e-24     
   5.9948        2.1544e+19    3.5938e+15    4.01651775e-24     
   5.9948        2.1544e+19    5.9948e+15    4.01651775e-24     
   5.9948        2.1544e+19    1.0000e+16    4.01651775e-24     
   5.9948        3.5938e+19    1.0000e+14    3.05567863e-24     
   5.9948        3.5938e+19    1.6681e+14    3.05567863e-24     
   5.9948        3.5938e+19    2.7826e+14    3.05567863e-24     
   5.9948        3.5938e+19    4.6416e+14    3.05567863e-24     
   5.9948        3.5938e+19    7.7426e+14    3.05567863e-24     
   5.9948        3.5938e+19    1.2915e+15    3.05567863e-24     
   5.9948        3.5938e+19    2.1544e+15    3.05567863e-24     
   5.9948        3.5938e+19    3.5938e+15    3.05567863e-24     
   5.9948        3.5938e+19    5.9948e+15    3.05567863e-24     
   5.9948        3.5938e+19    1.0000e+16    3.05567863e-24     
   5.9948        5.9948e+19    1.0000e+14    2.17013834e-24     
   5.9948        5.9948e+19    1.6681e+14    2.17013834e-24     
   5.9948        5.9948e+19    2.7826e+14    2.17013834e-24     
   5.9948        5.9948e+19    4.6416e+14    2.17013834e-24     
   5.9948        5.9948e+19    7.7426e+14    2.17013834e-24     
   5.9948        5.9948e+19    1.2915e+15    2.17013834e-24     
   5.9948        5.9948e+19    2.1544e+15    2.17013834e-24     
   5.9948        5.9948e+19    3.5938e+15    2.17013834e-24     
   5.9948        5.9948e+19    5.9948e+15    2.17013834e-24     
   5.9948        5.9948e+19    1.0000e+16    2.17013834e-24     
   5.9948        1.0000e+20    1.0000e+14    1.46085997e-24     
   5.9948        1.0000e+20    1.6681e+14    1.46085997e-24     
   5.9948        1.0000e+20    2.7826e+14    1.46085997e-24     
   5.9948        1.0000e+20    4.6416e+14    1.46085997e-24     
   5.9948        1.0000e+20    7.7426e+14    1.46085997e-24     
   5.9948        1.0000e+20    1.2915e+15    1.46085997e-24     
   5.9948        1.0000e+20    2.1544e+15    1.46085997e-24     
   5.9948        1.0000e+20    3.5938e+15    1.46085997e-24     
   5.9948        1.0000e+20    5.9948e+15    1.46085997e-24     
   5.9948        1.0000e+20    1.0000e+16    1.46085997e-24     
   7.7426        1.0000e+18    1.0000e+14    3.85876589e-24     
   7.7426        1.0000e+18    1.6681e+14    3.85876589e-24     
   7.7426        1.0000e+18    2.7826e+14    3.85876589e-24     
   7.7426        1.0000e+18    4.6416e+14    3.85876589e-24     
   7.7426        1.0000e+18    7.7426e+14    3.85876589e-24     
   7.7426        1.0000e+18    1.2915e+15    3.85876589e-24     
   7.7426        1.0000e+18    2.1544e+15    3.85876589e-24     
   7.7426        1.0000e+18    3.5938e+15    3.85876589e-24     
   7.7426        1.0000e+18    5.9948e+15    3.85876589e-24     
   7.7426        1.0000e+18    1.0000e+16    3.85876589e-24     
   7.7426        1.6681e+18    1.0000e+14    4.75984796e-24     
   7.7426        1.6681e+18    1.6681e+14    4.75984796e-24     
   7.7426        1.6681e+18    2.7826e+14    4.75984796e-24     
   7.7426        1.6681e+18    4.6416e+14    4.75984796e-24     
   7.7426        1.6681e+18    7.7426e+14    4.75984796e-24     
   7.7426        1.6681e+18    1.2915e+15    4.75984796e-24     
   7.7426        1.6681e+18    2.1544e+15    4.75984796e-24     
   7.7426        1.6681e+18    3.5938e+15    4.75984796e-24     
   7.7426        1.6681e+18    5.9948e+15    4.75984796e-24     
   7.7426        1.6681e+18    1.0000e+16    4.75984796e-24     
   7.7426        2.7826e+18    1.0000e+14    5.48223929e-24     
   7.7426        2.7826e+18    1.6681e+14    5.48223929e-24     
   7.7426        2.7826e+18    2.7826e+14    5.48223929e-24     
   7.7426        2.7826e+18    4.6416e+14    5.48223929e-24     
   7.7426        2.7826e+18    7.7426e+14    5.48223929e-24     
   7.7426        2.7826e+18    1.2915e+15    5.48223929e-24     
   7.7426        2.7826e+18    2.1544e+15    5.48223929e-24     
   7.7426        2.7826e+18    3.5938e+15    5.48223929e-24     
   7.7426        2.7826e+18    5.9948e+15    5.48223929e-24     
   7.7426        2.7826e+18    1.0000e+16    5.48223929e-24     
   7.7426        4.6416e+18    1.0000e+14    5.83097525e-24     
   7.7426        4.6416e+18    1.6681e+14    5.83097525e-24     
   7.7426        4.6416e+18    2.7826e+14    5.83097525e-24     
   7.7426        4.6416e+18    4.6416e+14    5.83097525e-24     
   7.7426        4.6416e+18    7.7426e+14    5.83097525e-24     
   7.7426        4.6416e+18    1.2915e+15    5.83097525e-24     
   7.7426        4.6416e+18    2.1544e+15    5.83097525e-24     
   7.7426        4.6416e+18    3.5938e+15    5.83097525e-24     
   7.7426        4.6416e+18    5.9948e+15    5.83097525e-24     
   7.7426        4.6416e+18    1.0000e+16    5.83097525e-24     
   7.7426        7.7426e+18    1.0000e+14    5.69248715e-24     
   7.7426        7.7426e+18    1.6681e+14    5.69248715e-24     
   7.7426        7.7426e+18    2.7826e+14    5.69248715e-24     
   7.7426        7.7426e+18    4.6416e+14    5.69248715e-24     
   7.7426        7.7426e+18    7.7426e+14    5.69248715e-24     
   7.7426        7.7426e+18    1.2915e+15    5.69248715e-24     
   7.7426        7.7426e+18    2.1544e+15    5.69248715e-24     
   7.7426        7.7426e+18    3.5938e+15    5.69248715e-24     
   7.7426        7.7426e+18    5.9948e+15    5.69248715e-24     
   7.7426        7.7426e+18    1.0000e+16    5.69248715e-24     
   7.7426        1.2915e+19    1.0000e+14    5.08836562e-24     
   7.7426        1.2915e+19    1.6681e+14    5.08836562e-24     
   7.7426        1.2915e+19    2.7826e+14    5.08836562e-24     
   7.7426        1.2915e+19    4.6416e+14    5.08836562e-24     
   7.7426        1.2915e+19    7.7426e+14    5.08836562e-24     
   7.7426        1.2915e+19    1.2915e+15    5.08836562e-24     
   7.7426        1.2915e+19    2.1544e+15    5.08836562e-24     
   7.7426        1.2915e+19    3.5938e+15    5.08836562e-24     
   7.7426        1.2915e+19    5.9948e+15    5.08836562e-24     
   7.7426        1.2915e+19    1.0000e+16    5.08836562e-24     
   7.7426        2.1544e+19    1.0000e+14    4.17024026e-24     
   7.7426        2.1544e+19    1.6681e+14    4.17024026e-24     
   7.7426        2.1544e+19    2.7826e+14    4.17024026e-24     
   7.7426        2.1544e+19    4.6416e+14    4.17024026e-24     
   7.7426        2.1544e+19    7.7426e+14    4.17024026e-24     
   7.7426        2.1544e+19    1.2915e+15    4.17024026e-24     
   7.7426        2.1544e+19    2.1544e+15    4.17024026e-24     
   7.7426        2.1544e+19    3.5938e+15    4.17024026e-24     
   7.7426        2.1544e+19    5.9948e+15    4.17024026e-24     
   7.7426        2.1544e+19    1.0000e+16    4.17024026e-24     
   7.7426        3.5938e+19    1.0000e+14    3.15468106e-24     
   7.7426        3.5938e+19    1.6681e+14    3.15468106e-24     
   7.7426        3.5938e+19    2.7826e+14    3.15468106e-24     
   7.7426        3.5938e+19    4.6416e+14    3.15468106e-24     
   7.7426        3.5938e+19    7.7426e+14    3.15468106e-24     
   7.7426        3.5938e+19    1.2915e+15    3.15468106e-24     
   7.7426        3.5938e+19    2.1544e+15    3.15468106e-24     
   7.7426        3.5938e+19    3.5938e+15    3.15468106e-24     
   7.7426        3.5938e+19    5.9948e+15    3.15468106e-24     
   7.7426        3.5938e+19    1.0000e+16    3.15468106e-24     
   7.7426        5.9948e+19    1.0000e+14    2.22989382e-24     
   7.7426        5.9948e+19    1.6681e+14    2.22989382e-24     
   7.7426        5.9948e+19    2.7826e+14    2.22989382e-24     
   7.7426        5.9948e+19    4.6416e+14    2.22989382e-24     
   7.7426        5.9948e+19    7.7426e+14    2.22989382e-24     
   7.7426        5.9948e+19    1.2915e+15    2.22989382e-24     
   7.7426        5.9948e+19    2.1544e+15    2.22989382e-24     
   7.7426        5.9948e+19    3.5938e+15    2.22989382e-24     
   7.7426        5.9948e+19    5.9948e+15    2.22989382e-24     
   7.7426        5.9948e+19    1.0000e+16    2.22989382e-24     
   7.7426        1.0000e+20    1.0000e+14    1.49576919e-24     
   7.7426        1.0000e+20    1.6681e+14    1.49576919e-24     
   7.7426        1.0000e+20    2.7826e+14    1.49576919e-24     
   7.7426        1.0000e+20    4.6416e+14    1.49576919e-24     
   7.7426        1.0000e+20    7.7426e+14    1.49576919e-24     
   7.7426        1.0000e+20    1.2915e+15    1.49576919e-24     
   7.7426        1.0000e+20    2.1544e+15    1.49576919e-24     
   7.7426        1.0000e+20    3.5938e+15    1.49576919e-24     
   7.7426        1.0000e+20    5.9948e+15    1.49576919e-24     
   7.7426        1.0000e+20    1.0000e+16    1.49576919e-24     
   10.0000       1.0000e+18    1.0000e+14    4.05129068e-24     
   10.0000       1.0000e+18    1.6681e+14    4.05129068e-24     
   10.0000       1.0000e+18    2.7826e+14    4.05129068e-24     
   10.0000       1.0000e+18    4.6416e+14    4.05129068e-24     
   10.0000       1.0000e+18    7.7426e+14    4.05129068e-24     
   10.0000       1.0000e+18    1.2915e+15    4.05129068e-24     
   10.0000       1.0000e+18    2.1544e+15    4.05129068e-24     
   10.0000       1.0000e+18    3.5938e+15    4.05129068e-24     
   10.0000       1.0000e+18    5.9948e+15    4.05129068e-24     
   10.0000       1.0000e+18    1.0000e+16    4.05129068e-24     
   10.0000       1.6681e+18    1.0000e+14    5.00162163e-24     
   10.0000       1.6681e+18    1.6681e+14    5.00162163e-24     
   10.0000       1.6681e+18    2.7826e+14    5.00162163e-24     
   10.0000       1.6681e+18    4.6416e+14    5.00162163e-24     
   10.0000       1.6681e+18    7.7426e+14    5.00162163e-24     
   10.0000       1.6681e+18    1.2915e+15    5.00162163e-24     
   10.0000       1.6681e+18    2.1544e+15    5.00162163e-24     
   10.0000       1.6681e+18    3.5938e+15    5.00162163e-24     
   10.0000       1.6681e+18    5.9948e+15    5.00162163e-24     
   10.0000       1.6681e+18    1.0000e+16    5.00162163e-24     
   10.0000       2.7826e+18    1.0000e+14    5.76057637e-24     
   10.0000       2.7826e+18    1.6681e+14    5.76057637e-24     
   10.0000       2.7826e+18    2.7826e+14    5.76057637e-24     
   10.0000       2.7826e+18    4.6416e+14    5.76057637e-24     
   10.0000       2.7826e+18    7.7426e+14    5.76057637e-24     
   10.0000       2.7826e+18    1.2915e+15    5.76057637e-24     
   10.0000       2.7826e+18    2.1544e+15    5.76057637e-24     
   10.0000       2.7826e+18    3.5938e+15    5.76057637e-24     
   10.0000       2.7826e+18    5.9948e+15    5.76057637e-24     
   10.0000       2.7826e+18    1.0000e+16    5.76057637e-24     
   10.0000       4.6416e+18    1.0000e+14    6.12149186e-24     
   10.0000       4.6416e+18    1.6681e+14    6.12149186e-24     
   10.0000       4.6416e+18    2.7826e+14    6.12149186e-24     
   10.0000       4.6416e+18    4.6416e+14    6.12149186e-24     
   10.0000       4.6416e+18    7.7426e+14    6.12149186e-24     
   10.0000       4.6416e+18    1.2915e+15    6.12149186e-24     
   10.0000       4.6416e+18    2.1544e+15    6.12149186e-24     
   10.0000       4.6416e+18    3.5938e+15    6.12149186e-24     
   10.0000       4.6416e+18    5.9948e+15    6.12149186e-24     
   10.0000       4.6416e+18    1.0000e+16    6.12149186e-24     
   10.0000       7.7426e+18    1.0000e+14    5.96586944e-24     
   10.0000       7.7426e+18    1.6681e+14    5.96586944e-24     
   10.0000       7.7426e+18    2.7826e+14    5.96586944e-24     
   10.0000       7.7426e+18    4.6416e+14    5.96586944e-24     
   10.0000       7.7426e+18    7.7426e+14    5.96586944e-24     
   10.0000       7.7426e+18    1.2915e+15    5.96586944e-24     
   10.0000       7.7426e+18    2.1544e+15    5.96586944e-24     
   10.0000       7.7426e+18    3.5938e+15    5.96586944e-24     
   10.0000       7.7426e+18    5.9948e+15    5.96586944e-24     
   10.0000       7.7426e+18    1.0000e+16    5.96586944e-24     
   10.0000       1.2915e+19    1.0000e+14    5.32022228e-24     
   10.0000       1.2915e+19    1.6681e+14    5.32022228e-24     
   10.0000       1.2915e+19    2.7826e+14    5.32022228e-24     
   10.0000       1.2915e+19    4.6416e+14    5.32022228e-24     
   10.0000       1.2915e+19    7.7426e+14    5.32022228e-24     
   10.0000       1.2915e+19    1.2915e+15    5.32022228e-24     
   10.0000       1.2915e+19    2.1544e+15    5.32022228e-24     
   10.0000       1.2915e+19    3.5938e+15    5.32022228e-24     
   10.0000       1.2915e+19    5.9948e+15    5.32022228e-24     
   10.0000       1.2915e+19    1.0000e+16    5.32022228e-24     
   10.0000       2.1544e+19    1.0000e+14    4.34865601e-24     
   10.0000       2.1544e+19    1.6681e+14    4.34865601e-24     
   10.0000       2.1544e+19    2.7826e+14    4.34865601e-24     
   10.0000       2.1544e+19    4.6416e+14    4.34865601e-24     
   10.0000       2.1544e+19    7.7426e+14    4.34865601e-24     
   10.0000       2.1544e+19    1.2915e+15    4.34865601e-24     
   10.0000       2.1544e+19    2.1544e+15    4.34865601e-24     
   10.0000       2.1544e+19    3.5938e+15    4.34865601e-24     
   10.0000       2.1544e+19    5.9948e+15    4.34865601e-24     
   10.0000       2.1544e+19    1.0000e+16    4.34865601e-24     
   10.0000       3.5938e+19    1.0000e+14    3.28115535e-24     
   10.0000       3.5938e+19    1.6681e+14    3.28115535e-24     
   10.0000       3.5938e+19    2.7826e+14    3.28115535e-24     
   10.0000       3.5938e+19    4.6416e+14    3.28115535e-24     
   10.0000       3.5938e+19    7.7426e+14    3.28115535e-24     
   10.0000       3.5938e+19    1.2915e+15    3.28115535e-24     
   10.0000       3.5938e+19    2.1544e+15    3.28115535e-24     
   10.0000       3.5938e+19    3.5938e+15    3.28115535e-24     
   10.0000       3.5938e+19    5.9948e+15    3.28115535e-24     
   10.0000       3.5938e+19    1.0000e+16    3.28115535e-24     
   10.0000       5.9948e+19    1.0000e+14    2.31423790e-24     
   10.0000       5.9948e+19    1.6681e+14    2.31423790e-24     
   10.0000       5.9948e+19    2.7826e+14    2.31423790e-24     
   10.0000       5.9948e+19    4.6416e+14    2.31423790e-24     
   10.0000       5.9948e+19    7.7426e+14    2.31423790e-24     
   10.0000       5.9948e+19    1.2915e+15    2.31423790e-24     
   10.0000       5.9948e+19    2.1544e+15    2.31423790e-24     
   10.0000       5.9948e+19    3.5938e+15    2.31423790e-24     
   10.0000       5.9948e+19    5.9948e+15    2.31423790e-24     
   10.0000       5.9948e+19    1.0000e+16    2.31423790e-24     
   10.0000       1.0000e+20    1.0000e+14    1.54980108e-24     
   10.0000       1.0000e+20    1.6681e+14    1.54980108e-24     
   10.0000       1.0000e+20    2.7826e+14    1.54980108e-24     
   10.0000       1.0000e+20    4.6416e+14    1.54980108e-24     
   10.0000       1.0000e+20    7.7426e+14    1.54980108e-24     
   10.0000       1.0000e+20    1.2915e+15    1.54980108e-24     
   10.0000       1.0000e+20    2.1544e+15    1.54980108e-24     
   10.0000       1.0000e+20    3.5938e+15    1.54980108e-24     
   10.0000       1.0000e+20    5.9948e+15    1.54980108e-24     
   10.0000       1.0000e+20    1.0000e+16    1.54980108e-24     
