#
# Output file generated by Yacora 1.5.0
# =====================================
#   Filename: 'YacoraRun_PopCoeff_n=8.dat'
#   Date of creation: 10. May 2022
#   Time of creation: 17:42:20
#   Used input file: 'H_20_11_2019.txt'
#   Performed calculation: Population Coefficient for state 'H(8)' coupled to the particle 'H-'
#
#   Please cite D. Wünderlich, M. Giacomin, R. Ritz and U. Fantz, J. Quant. Spectrosc. Radiat. Transfer 240, 2020, 106695, if you use Yacora results.
#
# Description of the used Parameters:
# ===================================
#
#   Temperatures and Densities: 
#              T_e: 10 calculated values between 1.0000 and 10.0000
#              T_i1: Fixed value 8000.0000
#              T_i4: Fixed value 8000.0000
#              T_n1: Fixed value 8000.0000
#              n_e: 10 calculated values between 1.0000e+18 and 1.0000e+20
#              n_i1: Fixed value 0.0000
#              n_i4: Fixed value 1.0000e+15

#   Electron energy distribution function: 
#              Maxwellian
#
# Calculated Data:
# ================
#  T_e           n_e           POP_COEFF      
   1.0000        1.0000e+18    6.91405676e-25     
   1.0000        1.6681e+18    9.17702920e-25     
   1.0000        2.7826e+18    1.17367818e-24     
   1.0000        4.6416e+18    1.42128808e-24     
   1.0000        7.7426e+18    1.60848432e-24     
   1.0000        1.2915e+19    1.68853352e-24     
   1.0000        2.1544e+19    1.63791633e-24     
   1.0000        3.5938e+19    1.46469188e-24     
   1.0000        5.9948e+19    1.20705161e-24     
   1.0000        1.0000e+20    9.20518953e-25     
   1.2915        1.0000e+18    9.07686021e-25     
   1.2915        1.6681e+18    1.18333350e-24     
   1.2915        2.7826e+18    1.47769728e-24     
   1.2915        4.6416e+18    1.73855063e-24     
   1.2915        7.7426e+18    1.90510373e-24     
   1.2915        1.2915e+19    1.93198825e-24     
   1.2915        2.1544e+19    1.80685466e-24     
   1.2915        3.5938e+19    1.55571699e-24     
   1.2915        5.9948e+19    1.23518723e-24     
   1.2915        1.0000e+20    9.10830322e-25     
   1.6681        1.0000e+18    1.13397184e-24     
   1.6681        1.6681e+18    1.45512193e-24     
   1.6681        2.7826e+18    1.77897591e-24     
   1.6681        4.6416e+18    2.04024880e-24     
   1.6681        7.7426e+18    2.17281728e-24     
   1.6681        1.2915e+19    2.13674604e-24     
   1.6681        2.1544e+19    1.93439478e-24     
   1.6681        3.5938e+19    1.61119896e-24     
   1.6681        5.9948e+19    1.23956737e-24     
   1.6681        1.0000e+20    8.89529562e-25     
   2.1544        1.0000e+18    1.36263822e-24     
   2.1544        1.6681e+18    1.72480746e-24     
   2.1544        2.7826e+18    2.07029027e-24     
   2.1544        4.6416e+18    2.32253018e-24     
   2.1544        7.7426e+18    2.41312209e-24     
   2.1544        1.2915e+19    2.31055626e-24     
   2.1544        2.1544e+19    2.03386645e-24     
   2.1544        3.5938e+19    1.64730590e-24     
   2.1544        5.9948e+19    1.23523495e-24     
   2.1544        1.0000e+20    8.67731531e-25     
   2.7826        1.0000e+18    1.58709009e-24     
   2.7826        1.6681e+18    1.98616530e-24     
   2.7826        2.7826e+18    2.34762461e-24     
   2.7826        4.6416e+18    2.58547243e-24     
   2.7826        7.7426e+18    2.63123885e-24     
   2.7826        1.2915e+19    2.46354105e-24     
   2.7826        2.1544e+19    2.11849484e-24     
   2.7826        3.5938e+19    1.67725802e-24     
   2.7826        5.9948e+19    1.23252565e-24     
   2.7826        1.0000e+20    8.51877523e-25     
   3.5938        1.0000e+18    1.80154718e-24     
   3.5938        1.6681e+18    2.23441735e-24     
   3.5938        2.7826e+18    2.60892786e-24     
   3.5938        4.6416e+18    2.83109929e-24     
   3.5938        7.7426e+18    2.83356666e-24     
   3.5938        1.2915e+19    2.60548036e-24     
   3.5938        2.1544e+19    2.19921422e-24     
   3.5938        3.5938e+19    1.71048737e-24     
   3.5938        5.9948e+19    1.23775236e-24     
   3.5938        1.0000e+20    8.45246879e-25     
   4.6416        1.0000e+18    2.00089480e-24     
   4.6416        1.6681e+18    2.46569817e-24     
   4.6416        2.7826e+18    2.85305417e-24     
   4.6416        4.6416e+18    3.06187237e-24     
   4.6416        7.7426e+18    3.02600056e-24     
   4.6416        1.2915e+19    2.74438562e-24     
   4.6416        2.1544e+19    2.28403853e-24     
   4.6416        3.5938e+19    1.75309374e-24     
   4.6416        5.9948e+19    1.25441474e-24     
   4.6416        1.0000e+20    8.49271586e-25     
   5.9948        1.0000e+18    2.18070371e-24     
   5.9948        1.6681e+18    2.67674918e-24     
   5.9948        2.7826e+18    3.07908940e-24     
   5.9948        4.6416e+18    3.27979289e-24     
   5.9948        7.7426e+18    3.21308475e-24     
   5.9948        1.2915e+19    2.88605776e-24     
   5.9948        2.1544e+19    2.37830932e-24     
   5.9948        3.5938e+19    1.80872086e-24     
   5.9948        5.9948e+19    1.28428487e-24     
   5.9948        1.0000e+20    8.64436962e-25     
   7.7426        1.0000e+18    2.33738534e-24     
   7.7426        1.6681e+18    2.86484209e-24     
   7.7426        2.7826e+18    3.28604984e-24     
   7.7426        4.6416e+18    3.48601403e-24     
   7.7426        7.7426e+18    3.39775668e-24     
   7.7426        1.2915e+19    3.03418962e-24     
   7.7426        2.1544e+19    2.48524112e-24     
   7.7426        3.5938e+19    1.87936027e-24     
   7.7426        5.9948e+19    1.32815964e-24     
   7.7426        1.0000e+20    8.90805046e-25     
   10.0000       1.0000e+18    2.46838085e-24     
   10.0000       1.6681e+18    3.02784502e-24     
   10.0000       2.7826e+18    3.47284796e-24     
   10.0000       4.6416e+18    3.68080543e-24     
   10.0000       7.7426e+18    3.58144642e-24     
   10.0000       1.2915e+19    3.19070780e-24     
   10.0000       2.1544e+19    2.60648085e-24     
   10.0000       3.5938e+19    1.96595283e-24     
   10.0000       5.9948e+19    1.38632750e-24     
   10.0000       1.0000e+20    9.28295061e-25     
