#
# Output file generated by Yacora 1.5.0
# =====================================
#   Filename: 'YacoraRun_PopCoeff_n=3.dat'
#   Date of creation: 11. May 2022
#   Time of creation: 10:25:46
#   Used input file: 'H_20_11_2019.txt'
#   Performed calculation: Population Coefficient for state 'H(3)' coupled to the particle 'H-'
#
#   Please cite D. Wünderlich, M. Giacomin, R. Ritz and U. Fantz, J. Quant. Spectrosc. Radiat. Transfer 240, 2020, 106695, if you use Yacora results.
#
# Description of the used Parameters:
# ===================================
#
#   Temperatures and Densities: 
#              T_e: 10 calculated values between 1.0000 and 10.0000
#              T_i1: Fixed value 8000.0000
#              T_i4: Fixed value 8000.0000
#              T_n1: Fixed value 8000.0000
#              n_e: 10 calculated values between 1.0000e+18 and 1.0000e+20
#              n_i1: Fixed value 0.0000
#              n_i4: 10 calculated values between 1.0000e+14 and 1.0000e+16

#   Electron energy distribution function: 
#              Maxwellian
#
# Calculated Data:
# ================
#  T_e           n_e           n_i4          POP_COEFF      
   1.0000        1.0000e+18    1.0000e+14    4.52823676e-22     
   1.0000        1.0000e+18    1.6681e+14    4.52823676e-22     
   1.0000        1.0000e+18    2.7826e+14    4.52823676e-22     
   1.0000        1.0000e+18    4.6416e+14    4.52823676e-22     
   1.0000        1.0000e+18    7.7426e+14    4.52823676e-22     
   1.0000        1.0000e+18    1.2915e+15    4.52823676e-22     
   1.0000        1.0000e+18    2.1544e+15    4.52823676e-22     
   1.0000        1.0000e+18    3.5938e+15    4.52823676e-22     
   1.0000        1.0000e+18    5.9948e+15    4.52823676e-22     
   1.0000        1.0000e+18    1.0000e+16    4.52823676e-22     
   1.0000        1.6681e+18    1.0000e+14    4.47999948e-22     
   1.0000        1.6681e+18    1.6681e+14    4.47999948e-22     
   1.0000        1.6681e+18    2.7826e+14    4.47999948e-22     
   1.0000        1.6681e+18    4.6416e+14    4.47999948e-22     
   1.0000        1.6681e+18    7.7426e+14    4.47999948e-22     
   1.0000        1.6681e+18    1.2915e+15    4.47999948e-22     
   1.0000        1.6681e+18    2.1544e+15    4.47999948e-22     
   1.0000        1.6681e+18    3.5938e+15    4.47999948e-22     
   1.0000        1.6681e+18    5.9948e+15    4.47999948e-22     
   1.0000        1.6681e+18    1.0000e+16    4.47999948e-22     
   1.0000        2.7826e+18    1.0000e+14    4.40046572e-22     
   1.0000        2.7826e+18    1.6681e+14    4.40046572e-22     
   1.0000        2.7826e+18    2.7826e+14    4.40046572e-22     
   1.0000        2.7826e+18    4.6416e+14    4.40046572e-22     
   1.0000        2.7826e+18    7.7426e+14    4.40046572e-22     
   1.0000        2.7826e+18    1.2915e+15    4.40046572e-22     
   1.0000        2.7826e+18    2.1544e+15    4.40046572e-22     
   1.0000        2.7826e+18    3.5938e+15    4.40046572e-22     
   1.0000        2.7826e+18    5.9948e+15    4.40046572e-22     
   1.0000        2.7826e+18    1.0000e+16    4.40046572e-22     
   1.0000        4.6416e+18    1.0000e+14    4.27195767e-22     
   1.0000        4.6416e+18    1.6681e+14    4.27195767e-22     
   1.0000        4.6416e+18    2.7826e+14    4.27195767e-22     
   1.0000        4.6416e+18    4.6416e+14    4.27195767e-22     
   1.0000        4.6416e+18    7.7426e+14    4.27195767e-22     
   1.0000        4.6416e+18    1.2915e+15    4.27195767e-22     
   1.0000        4.6416e+18    2.1544e+15    4.27195767e-22     
   1.0000        4.6416e+18    3.5938e+15    4.27195767e-22     
   1.0000        4.6416e+18    5.9948e+15    4.27195767e-22     
   1.0000        4.6416e+18    1.0000e+16    4.27195767e-22     
   1.0000        7.7426e+18    1.0000e+14    4.07121905e-22     
   1.0000        7.7426e+18    1.6681e+14    4.07121905e-22     
   1.0000        7.7426e+18    2.7826e+14    4.07121905e-22     
   1.0000        7.7426e+18    4.6416e+14    4.07121905e-22     
   1.0000        7.7426e+18    7.7426e+14    4.07121905e-22     
   1.0000        7.7426e+18    1.2915e+15    4.07121905e-22     
   1.0000        7.7426e+18    2.1544e+15    4.07121905e-22     
   1.0000        7.7426e+18    3.5938e+15    4.07121905e-22     
   1.0000        7.7426e+18    5.9948e+15    4.07121905e-22     
   1.0000        7.7426e+18    1.0000e+16    4.07121905e-22     
   1.0000        1.2915e+19    1.0000e+14    3.77318113e-22     
   1.0000        1.2915e+19    1.6681e+14    3.77318113e-22     
   1.0000        1.2915e+19    2.7826e+14    3.77318113e-22     
   1.0000        1.2915e+19    4.6416e+14    3.77318113e-22     
   1.0000        1.2915e+19    7.7426e+14    3.77318113e-22     
   1.0000        1.2915e+19    1.2915e+15    3.77318113e-22     
   1.0000        1.2915e+19    2.1544e+15    3.77318113e-22     
   1.0000        1.2915e+19    3.5938e+15    3.77318113e-22     
   1.0000        1.2915e+19    5.9948e+15    3.77318113e-22     
   1.0000        1.2915e+19    1.0000e+16    3.77318113e-22     
   1.0000        2.1544e+19    1.0000e+14    3.36112776e-22     
   1.0000        2.1544e+19    1.6681e+14    3.36112776e-22     
   1.0000        2.1544e+19    2.7826e+14    3.36112776e-22     
   1.0000        2.1544e+19    4.6416e+14    3.36112776e-22     
   1.0000        2.1544e+19    7.7426e+14    3.36112776e-22     
   1.0000        2.1544e+19    1.2915e+15    3.36112776e-22     
   1.0000        2.1544e+19    2.1544e+15    3.36112776e-22     
   1.0000        2.1544e+19    3.5938e+15    3.36112776e-22     
   1.0000        2.1544e+19    5.9948e+15    3.36112776e-22     
   1.0000        2.1544e+19    1.0000e+16    3.36112776e-22     
   1.0000        3.5938e+19    1.0000e+14    2.84262473e-22     
   1.0000        3.5938e+19    1.6681e+14    2.84262473e-22     
   1.0000        3.5938e+19    2.7826e+14    2.84262473e-22     
   1.0000        3.5938e+19    4.6416e+14    2.84262473e-22     
   1.0000        3.5938e+19    7.7426e+14    2.84262473e-22     
   1.0000        3.5938e+19    1.2915e+15    2.84262473e-22     
   1.0000        3.5938e+19    2.1544e+15    2.84262473e-22     
   1.0000        3.5938e+19    3.5938e+15    2.84262473e-22     
   1.0000        3.5938e+19    5.9948e+15    2.84262473e-22     
   1.0000        3.5938e+19    1.0000e+16    2.84262473e-22     
   1.0000        5.9948e+19    1.0000e+14    2.26105268e-22     
   1.0000        5.9948e+19    1.6681e+14    2.26105268e-22     
   1.0000        5.9948e+19    2.7826e+14    2.26105268e-22     
   1.0000        5.9948e+19    4.6416e+14    2.26105268e-22     
   1.0000        5.9948e+19    7.7426e+14    2.26105268e-22     
   1.0000        5.9948e+19    1.2915e+15    2.26105268e-22     
   1.0000        5.9948e+19    2.1544e+15    2.26105268e-22     
   1.0000        5.9948e+19    3.5938e+15    2.26105268e-22     
   1.0000        5.9948e+19    5.9948e+15    2.26105268e-22     
   1.0000        5.9948e+19    1.0000e+16    2.26105268e-22     
   1.0000        1.0000e+20    1.0000e+14    1.68655651e-22     
   1.0000        1.0000e+20    1.6681e+14    1.68655651e-22     
   1.0000        1.0000e+20    2.7826e+14    1.68655651e-22     
   1.0000        1.0000e+20    4.6416e+14    1.68655651e-22     
   1.0000        1.0000e+20    7.7426e+14    1.68655651e-22     
   1.0000        1.0000e+20    1.2915e+15    1.68655651e-22     
   1.0000        1.0000e+20    2.1544e+15    1.68655651e-22     
   1.0000        1.0000e+20    3.5938e+15    1.68655651e-22     
   1.0000        1.0000e+20    5.9948e+15    1.68655651e-22     
   1.0000        1.0000e+20    1.0000e+16    1.68655651e-22     
   1.2915        1.0000e+18    1.0000e+14    4.50910849e-22     
   1.2915        1.0000e+18    1.6681e+14    4.50910849e-22     
   1.2915        1.0000e+18    2.7826e+14    4.50910849e-22     
   1.2915        1.0000e+18    4.6416e+14    4.50910849e-22     
   1.2915        1.0000e+18    7.7426e+14    4.50910849e-22     
   1.2915        1.0000e+18    1.2915e+15    4.50910849e-22     
   1.2915        1.0000e+18    2.1544e+15    4.50910849e-22     
   1.2915        1.0000e+18    3.5938e+15    4.50910849e-22     
   1.2915        1.0000e+18    5.9948e+15    4.50910849e-22     
   1.2915        1.0000e+18    1.0000e+16    4.50910849e-22     
   1.2915        1.6681e+18    1.0000e+14    4.44809582e-22     
   1.2915        1.6681e+18    1.6681e+14    4.44809582e-22     
   1.2915        1.6681e+18    2.7826e+14    4.44809582e-22     
   1.2915        1.6681e+18    4.6416e+14    4.44809582e-22     
   1.2915        1.6681e+18    7.7426e+14    4.44809582e-22     
   1.2915        1.6681e+18    1.2915e+15    4.44809582e-22     
   1.2915        1.6681e+18    2.1544e+15    4.44809582e-22     
   1.2915        1.6681e+18    3.5938e+15    4.44809582e-22     
   1.2915        1.6681e+18    5.9948e+15    4.44809582e-22     
   1.2915        1.6681e+18    1.0000e+16    4.44809582e-22     
   1.2915        2.7826e+18    1.0000e+14    4.34807716e-22     
   1.2915        2.7826e+18    1.6681e+14    4.34807716e-22     
   1.2915        2.7826e+18    2.7826e+14    4.34807716e-22     
   1.2915        2.7826e+18    4.6416e+14    4.34807716e-22     
   1.2915        2.7826e+18    7.7426e+14    4.34807716e-22     
   1.2915        2.7826e+18    1.2915e+15    4.34807716e-22     
   1.2915        2.7826e+18    2.1544e+15    4.34807716e-22     
   1.2915        2.7826e+18    3.5938e+15    4.34807716e-22     
   1.2915        2.7826e+18    5.9948e+15    4.34807716e-22     
   1.2915        2.7826e+18    1.0000e+16    4.34807716e-22     
   1.2915        4.6416e+18    1.0000e+14    4.18838222e-22     
   1.2915        4.6416e+18    1.6681e+14    4.18838222e-22     
   1.2915        4.6416e+18    2.7826e+14    4.18838222e-22     
   1.2915        4.6416e+18    4.6416e+14    4.18838222e-22     
   1.2915        4.6416e+18    7.7426e+14    4.18838222e-22     
   1.2915        4.6416e+18    1.2915e+15    4.18838222e-22     
   1.2915        4.6416e+18    2.1544e+15    4.18838222e-22     
   1.2915        4.6416e+18    3.5938e+15    4.18838222e-22     
   1.2915        4.6416e+18    5.9948e+15    4.18838222e-22     
   1.2915        4.6416e+18    1.0000e+16    4.18838222e-22     
   1.2915        7.7426e+18    1.0000e+14    3.94389351e-22     
   1.2915        7.7426e+18    1.6681e+14    3.94389351e-22     
   1.2915        7.7426e+18    2.7826e+14    3.94389351e-22     
   1.2915        7.7426e+18    4.6416e+14    3.94389351e-22     
   1.2915        7.7426e+18    7.7426e+14    3.94389351e-22     
   1.2915        7.7426e+18    1.2915e+15    3.94389351e-22     
   1.2915        7.7426e+18    2.1544e+15    3.94389351e-22     
   1.2915        7.7426e+18    3.5938e+15    3.94389351e-22     
   1.2915        7.7426e+18    5.9948e+15    3.94389351e-22     
   1.2915        7.7426e+18    1.0000e+16    3.94389351e-22     
   1.2915        1.2915e+19    1.0000e+14    3.59171431e-22     
   1.2915        1.2915e+19    1.6681e+14    3.59171431e-22     
   1.2915        1.2915e+19    2.7826e+14    3.59171431e-22     
   1.2915        1.2915e+19    4.6416e+14    3.59171431e-22     
   1.2915        1.2915e+19    7.7426e+14    3.59171431e-22     
   1.2915        1.2915e+19    1.2915e+15    3.59171431e-22     
   1.2915        1.2915e+19    2.1544e+15    3.59171431e-22     
   1.2915        1.2915e+19    3.5938e+15    3.59171431e-22     
   1.2915        1.2915e+19    5.9948e+15    3.59171431e-22     
   1.2915        1.2915e+19    1.0000e+16    3.59171431e-22     
   1.2915        2.1544e+19    1.0000e+14    3.12474529e-22     
   1.2915        2.1544e+19    1.6681e+14    3.12474529e-22     
   1.2915        2.1544e+19    2.7826e+14    3.12474529e-22     
   1.2915        2.1544e+19    4.6416e+14    3.12474529e-22     
   1.2915        2.1544e+19    7.7426e+14    3.12474529e-22     
   1.2915        2.1544e+19    1.2915e+15    3.12474529e-22     
   1.2915        2.1544e+19    2.1544e+15    3.12474529e-22     
   1.2915        2.1544e+19    3.5938e+15    3.12474529e-22     
   1.2915        2.1544e+19    5.9948e+15    3.12474529e-22     
   1.2915        2.1544e+19    1.0000e+16    3.12474529e-22     
   1.2915        3.5938e+19    1.0000e+14    2.56747177e-22     
   1.2915        3.5938e+19    1.6681e+14    2.56747177e-22     
   1.2915        3.5938e+19    2.7826e+14    2.56747177e-22     
   1.2915        3.5938e+19    4.6416e+14    2.56747177e-22     
   1.2915        3.5938e+19    7.7426e+14    2.56747177e-22     
   1.2915        3.5938e+19    1.2915e+15    2.56747177e-22     
   1.2915        3.5938e+19    2.1544e+15    2.56747177e-22     
   1.2915        3.5938e+19    3.5938e+15    2.56747177e-22     
   1.2915        3.5938e+19    5.9948e+15    2.56747177e-22     
   1.2915        3.5938e+19    1.0000e+16    2.56747177e-22     
   1.2915        5.9948e+19    1.0000e+14    1.97917012e-22     
   1.2915        5.9948e+19    1.6681e+14    1.97917012e-22     
   1.2915        5.9948e+19    2.7826e+14    1.97917012e-22     
   1.2915        5.9948e+19    4.6416e+14    1.97917012e-22     
   1.2915        5.9948e+19    7.7426e+14    1.97917012e-22     
   1.2915        5.9948e+19    1.2915e+15    1.97917012e-22     
   1.2915        5.9948e+19    2.1544e+15    1.97917012e-22     
   1.2915        5.9948e+19    3.5938e+15    1.97917012e-22     
   1.2915        5.9948e+19    5.9948e+15    1.97917012e-22     
   1.2915        5.9948e+19    1.0000e+16    1.97917012e-22     
   1.2915        1.0000e+20    1.0000e+14    1.43277082e-22     
   1.2915        1.0000e+20    1.6681e+14    1.43277082e-22     
   1.2915        1.0000e+20    2.7826e+14    1.43277082e-22     
   1.2915        1.0000e+20    4.6416e+14    1.43277082e-22     
   1.2915        1.0000e+20    7.7426e+14    1.43277082e-22     
   1.2915        1.0000e+20    1.2915e+15    1.43277082e-22     
   1.2915        1.0000e+20    2.1544e+15    1.43277082e-22     
   1.2915        1.0000e+20    3.5938e+15    1.43277082e-22     
   1.2915        1.0000e+20    5.9948e+15    1.43277082e-22     
   1.2915        1.0000e+20    1.0000e+16    1.43277082e-22     
   1.6681        1.0000e+18    1.0000e+14    4.48799834e-22     
   1.6681        1.0000e+18    1.6681e+14    4.48799834e-22     
   1.6681        1.0000e+18    2.7826e+14    4.48799834e-22     
   1.6681        1.0000e+18    4.6416e+14    4.48799834e-22     
   1.6681        1.0000e+18    7.7426e+14    4.48799834e-22     
   1.6681        1.0000e+18    1.2915e+15    4.48799834e-22     
   1.6681        1.0000e+18    2.1544e+15    4.48799834e-22     
   1.6681        1.0000e+18    3.5938e+15    4.48799834e-22     
   1.6681        1.0000e+18    5.9948e+15    4.48799834e-22     
   1.6681        1.0000e+18    1.0000e+16    4.48799834e-22     
   1.6681        1.6681e+18    1.0000e+14    4.41309214e-22     
   1.6681        1.6681e+18    1.6681e+14    4.41309214e-22     
   1.6681        1.6681e+18    2.7826e+14    4.41309214e-22     
   1.6681        1.6681e+18    4.6416e+14    4.41309214e-22     
   1.6681        1.6681e+18    7.7426e+14    4.41309214e-22     
   1.6681        1.6681e+18    1.2915e+15    4.41309214e-22     
   1.6681        1.6681e+18    2.1544e+15    4.41309214e-22     
   1.6681        1.6681e+18    3.5938e+15    4.41309214e-22     
   1.6681        1.6681e+18    5.9948e+15    4.41309214e-22     
   1.6681        1.6681e+18    1.0000e+16    4.41309214e-22     
   1.6681        2.7826e+18    1.0000e+14    4.29123283e-22     
   1.6681        2.7826e+18    1.6681e+14    4.29123283e-22     
   1.6681        2.7826e+18    2.7826e+14    4.29123283e-22     
   1.6681        2.7826e+18    4.6416e+14    4.29123283e-22     
   1.6681        2.7826e+18    7.7426e+14    4.29123283e-22     
   1.6681        2.7826e+18    1.2915e+15    4.29123283e-22     
   1.6681        2.7826e+18    2.1544e+15    4.29123283e-22     
   1.6681        2.7826e+18    3.5938e+15    4.29123283e-22     
   1.6681        2.7826e+18    5.9948e+15    4.29123283e-22     
   1.6681        2.7826e+18    1.0000e+16    4.29123283e-22     
   1.6681        4.6416e+18    1.0000e+14    4.09933934e-22     
   1.6681        4.6416e+18    1.6681e+14    4.09933934e-22     
   1.6681        4.6416e+18    2.7826e+14    4.09933934e-22     
   1.6681        4.6416e+18    4.6416e+14    4.09933934e-22     
   1.6681        4.6416e+18    7.7426e+14    4.09933934e-22     
   1.6681        4.6416e+18    1.2915e+15    4.09933934e-22     
   1.6681        4.6416e+18    2.1544e+15    4.09933934e-22     
   1.6681        4.6416e+18    3.5938e+15    4.09933934e-22     
   1.6681        4.6416e+18    5.9948e+15    4.09933934e-22     
   1.6681        4.6416e+18    1.0000e+16    4.09933934e-22     
   1.6681        7.7426e+18    1.0000e+14    3.81187440e-22     
   1.6681        7.7426e+18    1.6681e+14    3.81187440e-22     
   1.6681        7.7426e+18    2.7826e+14    3.81187440e-22     
   1.6681        7.7426e+18    4.6416e+14    3.81187440e-22     
   1.6681        7.7426e+18    7.7426e+14    3.81187440e-22     
   1.6681        7.7426e+18    1.2915e+15    3.81187440e-22     
   1.6681        7.7426e+18    2.1544e+15    3.81187440e-22     
   1.6681        7.7426e+18    3.5938e+15    3.81187440e-22     
   1.6681        7.7426e+18    5.9948e+15    3.81187440e-22     
   1.6681        7.7426e+18    1.0000e+16    3.81187440e-22     
   1.6681        1.2915e+19    1.0000e+14    3.41049933e-22     
   1.6681        1.2915e+19    1.6681e+14    3.41049933e-22     
   1.6681        1.2915e+19    2.7826e+14    3.41049933e-22     
   1.6681        1.2915e+19    4.6416e+14    3.41049933e-22     
   1.6681        1.2915e+19    7.7426e+14    3.41049933e-22     
   1.6681        1.2915e+19    1.2915e+15    3.41049933e-22     
   1.6681        1.2915e+19    2.1544e+15    3.41049933e-22     
   1.6681        1.2915e+19    3.5938e+15    3.41049933e-22     
   1.6681        1.2915e+19    5.9948e+15    3.41049933e-22     
   1.6681        1.2915e+19    1.0000e+16    3.41049933e-22     
   1.6681        2.1544e+19    1.0000e+14    2.89983399e-22     
   1.6681        2.1544e+19    1.6681e+14    2.89983399e-22     
   1.6681        2.1544e+19    2.7826e+14    2.89983399e-22     
   1.6681        2.1544e+19    4.6416e+14    2.89983399e-22     
   1.6681        2.1544e+19    7.7426e+14    2.89983399e-22     
   1.6681        2.1544e+19    1.2915e+15    2.89983399e-22     
   1.6681        2.1544e+19    2.1544e+15    2.89983399e-22     
   1.6681        2.1544e+19    3.5938e+15    2.89983399e-22     
   1.6681        2.1544e+19    5.9948e+15    2.89983399e-22     
   1.6681        2.1544e+19    1.0000e+16    2.89983399e-22     
   1.6681        3.5938e+19    1.0000e+14    2.32011095e-22     
   1.6681        3.5938e+19    1.6681e+14    2.32011095e-22     
   1.6681        3.5938e+19    2.7826e+14    2.32011095e-22     
   1.6681        3.5938e+19    4.6416e+14    2.32011095e-22     
   1.6681        3.5938e+19    7.7426e+14    2.32011095e-22     
   1.6681        3.5938e+19    1.2915e+15    2.32011095e-22     
   1.6681        3.5938e+19    2.1544e+15    2.32011095e-22     
   1.6681        3.5938e+19    3.5938e+15    2.32011095e-22     
   1.6681        3.5938e+19    5.9948e+15    2.32011095e-22     
   1.6681        3.5938e+19    1.0000e+16    2.32011095e-22     
   1.6681        5.9948e+19    1.0000e+14    1.74038285e-22     
   1.6681        5.9948e+19    1.6681e+14    1.74038285e-22     
   1.6681        5.9948e+19    2.7826e+14    1.74038285e-22     
   1.6681        5.9948e+19    4.6416e+14    1.74038285e-22     
   1.6681        5.9948e+19    7.7426e+14    1.74038285e-22     
   1.6681        5.9948e+19    1.2915e+15    1.74038285e-22     
   1.6681        5.9948e+19    2.1544e+15    1.74038285e-22     
   1.6681        5.9948e+19    3.5938e+15    1.74038285e-22     
   1.6681        5.9948e+19    5.9948e+15    1.74038285e-22     
   1.6681        5.9948e+19    1.0000e+16    1.74038285e-22     
   1.6681        1.0000e+20    1.0000e+14    1.22929806e-22     
   1.6681        1.0000e+20    1.6681e+14    1.22929806e-22     
   1.6681        1.0000e+20    2.7826e+14    1.22929806e-22     
   1.6681        1.0000e+20    4.6416e+14    1.22929806e-22     
   1.6681        1.0000e+20    7.7426e+14    1.22929806e-22     
   1.6681        1.0000e+20    1.2915e+15    1.22929806e-22     
   1.6681        1.0000e+20    2.1544e+15    1.22929806e-22     
   1.6681        1.0000e+20    3.5938e+15    1.22929806e-22     
   1.6681        1.0000e+20    5.9948e+15    1.22929806e-22     
   1.6681        1.0000e+20    1.0000e+16    1.22929806e-22     
   2.1544        1.0000e+18    1.0000e+14    4.46606670e-22     
   2.1544        1.0000e+18    1.6681e+14    4.46606670e-22     
   2.1544        1.0000e+18    2.7826e+14    4.46606670e-22     
   2.1544        1.0000e+18    4.6416e+14    4.46606670e-22     
   2.1544        1.0000e+18    7.7426e+14    4.46606670e-22     
   2.1544        1.0000e+18    1.2915e+15    4.46606670e-22     
   2.1544        1.0000e+18    2.1544e+15    4.46606670e-22     
   2.1544        1.0000e+18    3.5938e+15    4.46606670e-22     
   2.1544        1.0000e+18    5.9948e+15    4.46606670e-22     
   2.1544        1.0000e+18    1.0000e+16    4.46606670e-22     
   2.1544        1.6681e+18    1.0000e+14    4.37696953e-22     
   2.1544        1.6681e+18    1.6681e+14    4.37696953e-22     
   2.1544        1.6681e+18    2.7826e+14    4.37696953e-22     
   2.1544        1.6681e+18    4.6416e+14    4.37696953e-22     
   2.1544        1.6681e+18    7.7426e+14    4.37696953e-22     
   2.1544        1.6681e+18    1.2915e+15    4.37696953e-22     
   2.1544        1.6681e+18    2.1544e+15    4.37696953e-22     
   2.1544        1.6681e+18    3.5938e+15    4.37696953e-22     
   2.1544        1.6681e+18    5.9948e+15    4.37696953e-22     
   2.1544        1.6681e+18    1.0000e+16    4.37696953e-22     
   2.1544        2.7826e+18    1.0000e+14    4.23326383e-22     
   2.1544        2.7826e+18    1.6681e+14    4.23326383e-22     
   2.1544        2.7826e+18    2.7826e+14    4.23326383e-22     
   2.1544        2.7826e+18    4.6416e+14    4.23326383e-22     
   2.1544        2.7826e+18    7.7426e+14    4.23326383e-22     
   2.1544        2.7826e+18    1.2915e+15    4.23326383e-22     
   2.1544        2.7826e+18    2.1544e+15    4.23326383e-22     
   2.1544        2.7826e+18    3.5938e+15    4.23326383e-22     
   2.1544        2.7826e+18    5.9948e+15    4.23326383e-22     
   2.1544        2.7826e+18    1.0000e+16    4.23326383e-22     
   2.1544        4.6416e+18    1.0000e+14    4.01021465e-22     
   2.1544        4.6416e+18    1.6681e+14    4.01021465e-22     
   2.1544        4.6416e+18    2.7826e+14    4.01021465e-22     
   2.1544        4.6416e+18    4.6416e+14    4.01021465e-22     
   2.1544        4.6416e+18    7.7426e+14    4.01021465e-22     
   2.1544        4.6416e+18    1.2915e+15    4.01021465e-22     
   2.1544        4.6416e+18    2.1544e+15    4.01021465e-22     
   2.1544        4.6416e+18    3.5938e+15    4.01021465e-22     
   2.1544        4.6416e+18    5.9948e+15    4.01021465e-22     
   2.1544        4.6416e+18    1.0000e+16    4.01021465e-22     
   2.1544        7.7426e+18    1.0000e+14    3.68325066e-22     
   2.1544        7.7426e+18    1.6681e+14    3.68325066e-22     
   2.1544        7.7426e+18    2.7826e+14    3.68325066e-22     
   2.1544        7.7426e+18    4.6416e+14    3.68325066e-22     
   2.1544        7.7426e+18    7.7426e+14    3.68325066e-22     
   2.1544        7.7426e+18    1.2915e+15    3.68325066e-22     
   2.1544        7.7426e+18    2.1544e+15    3.68325066e-22     
   2.1544        7.7426e+18    3.5938e+15    3.68325066e-22     
   2.1544        7.7426e+18    5.9948e+15    3.68325066e-22     
   2.1544        7.7426e+18    1.0000e+16    3.68325066e-22     
   2.1544        1.2915e+19    1.0000e+14    3.24024386e-22     
   2.1544        1.2915e+19    1.6681e+14    3.24024386e-22     
   2.1544        1.2915e+19    2.7826e+14    3.24024386e-22     
   2.1544        1.2915e+19    4.6416e+14    3.24024386e-22     
   2.1544        1.2915e+19    7.7426e+14    3.24024386e-22     
   2.1544        1.2915e+19    1.2915e+15    3.24024386e-22     
   2.1544        1.2915e+19    2.1544e+15    3.24024386e-22     
   2.1544        1.2915e+19    3.5938e+15    3.24024386e-22     
   2.1544        1.2915e+19    5.9948e+15    3.24024386e-22     
   2.1544        1.2915e+19    1.0000e+16    3.24024386e-22     
   2.1544        2.1544e+19    1.0000e+14    2.69785595e-22     
   2.1544        2.1544e+19    1.6681e+14    2.69785595e-22     
   2.1544        2.1544e+19    2.7826e+14    2.69785595e-22     
   2.1544        2.1544e+19    4.6416e+14    2.69785595e-22     
   2.1544        2.1544e+19    7.7426e+14    2.69785595e-22     
   2.1544        2.1544e+19    1.2915e+15    2.69785595e-22     
   2.1544        2.1544e+19    2.1544e+15    2.69785595e-22     
   2.1544        2.1544e+19    3.5938e+15    2.69785595e-22     
   2.1544        2.1544e+19    5.9948e+15    2.69785595e-22     
   2.1544        2.1544e+19    1.0000e+16    2.69785595e-22     
   2.1544        3.5938e+19    1.0000e+14    2.10895283e-22     
   2.1544        3.5938e+19    1.6681e+14    2.10895283e-22     
   2.1544        3.5938e+19    2.7826e+14    2.10895283e-22     
   2.1544        3.5938e+19    4.6416e+14    2.10895283e-22     
   2.1544        3.5938e+19    7.7426e+14    2.10895283e-22     
   2.1544        3.5938e+19    1.2915e+15    2.10895283e-22     
   2.1544        3.5938e+19    2.1544e+15    2.10895283e-22     
   2.1544        3.5938e+19    3.5938e+15    2.10895283e-22     
   2.1544        3.5938e+19    5.9948e+15    2.10895283e-22     
   2.1544        3.5938e+19    1.0000e+16    2.10895283e-22     
   2.1544        5.9948e+19    1.0000e+14    1.54658089e-22     
   2.1544        5.9948e+19    1.6681e+14    1.54658089e-22     
   2.1544        5.9948e+19    2.7826e+14    1.54658089e-22     
   2.1544        5.9948e+19    4.6416e+14    1.54658089e-22     
   2.1544        5.9948e+19    7.7426e+14    1.54658089e-22     
   2.1544        5.9948e+19    1.2915e+15    1.54658089e-22     
   2.1544        5.9948e+19    2.1544e+15    1.54658089e-22     
   2.1544        5.9948e+19    3.5938e+15    1.54658089e-22     
   2.1544        5.9948e+19    5.9948e+15    1.54658089e-22     
   2.1544        5.9948e+19    1.0000e+16    1.54658089e-22     
   2.1544        1.0000e+20    1.0000e+14    1.07134168e-22     
   2.1544        1.0000e+20    1.6681e+14    1.07134168e-22     
   2.1544        1.0000e+20    2.7826e+14    1.07134168e-22     
   2.1544        1.0000e+20    4.6416e+14    1.07134168e-22     
   2.1544        1.0000e+20    7.7426e+14    1.07134168e-22     
   2.1544        1.0000e+20    1.2915e+15    1.07134168e-22     
   2.1544        1.0000e+20    2.1544e+15    1.07134168e-22     
   2.1544        1.0000e+20    3.5938e+15    1.07134168e-22     
   2.1544        1.0000e+20    5.9948e+15    1.07134168e-22     
   2.1544        1.0000e+20    1.0000e+16    1.07134168e-22     
   2.7826        1.0000e+18    1.0000e+14    4.44464785e-22     
   2.7826        1.0000e+18    1.6681e+14    4.44464785e-22     
   2.7826        1.0000e+18    2.7826e+14    4.44464785e-22     
   2.7826        1.0000e+18    4.6416e+14    4.44464785e-22     
   2.7826        1.0000e+18    7.7426e+14    4.44464785e-22     
   2.7826        1.0000e+18    1.2915e+15    4.44464785e-22     
   2.7826        1.0000e+18    2.1544e+15    4.44464785e-22     
   2.7826        1.0000e+18    3.5938e+15    4.44464785e-22     
   2.7826        1.0000e+18    5.9948e+15    4.44464785e-22     
   2.7826        1.0000e+18    1.0000e+16    4.44464785e-22     
   2.7826        1.6681e+18    1.0000e+14    4.34193606e-22     
   2.7826        1.6681e+18    1.6681e+14    4.34193606e-22     
   2.7826        1.6681e+18    2.7826e+14    4.34193606e-22     
   2.7826        1.6681e+18    4.6416e+14    4.34193606e-22     
   2.7826        1.6681e+18    7.7426e+14    4.34193606e-22     
   2.7826        1.6681e+18    1.2915e+15    4.34193606e-22     
   2.7826        1.6681e+18    2.1544e+15    4.34193606e-22     
   2.7826        1.6681e+18    3.5938e+15    4.34193606e-22     
   2.7826        1.6681e+18    5.9948e+15    4.34193606e-22     
   2.7826        1.6681e+18    1.0000e+16    4.34193606e-22     
   2.7826        2.7826e+18    1.0000e+14    4.17769908e-22     
   2.7826        2.7826e+18    1.6681e+14    4.17769908e-22     
   2.7826        2.7826e+18    2.7826e+14    4.17769908e-22     
   2.7826        2.7826e+18    4.6416e+14    4.17769908e-22     
   2.7826        2.7826e+18    7.7426e+14    4.17769908e-22     
   2.7826        2.7826e+18    1.2915e+15    4.17769908e-22     
   2.7826        2.7826e+18    2.1544e+15    4.17769908e-22     
   2.7826        2.7826e+18    3.5938e+15    4.17769908e-22     
   2.7826        2.7826e+18    5.9948e+15    4.17769908e-22     
   2.7826        2.7826e+18    1.0000e+16    4.17769908e-22     
   2.7826        4.6416e+18    1.0000e+14    3.92630329e-22     
   2.7826        4.6416e+18    1.6681e+14    3.92630329e-22     
   2.7826        4.6416e+18    2.7826e+14    3.92630329e-22     
   2.7826        4.6416e+18    4.6416e+14    3.92630329e-22     
   2.7826        4.6416e+18    7.7426e+14    3.92630329e-22     
   2.7826        4.6416e+18    1.2915e+15    3.92630329e-22     
   2.7826        4.6416e+18    2.1544e+15    3.92630329e-22     
   2.7826        4.6416e+18    3.5938e+15    3.92630329e-22     
   2.7826        4.6416e+18    5.9948e+15    3.92630329e-22     
   2.7826        4.6416e+18    1.0000e+16    3.92630329e-22     
   2.7826        7.7426e+18    1.0000e+14    3.56517781e-22     
   2.7826        7.7426e+18    1.6681e+14    3.56517781e-22     
   2.7826        7.7426e+18    2.7826e+14    3.56517781e-22     
   2.7826        7.7426e+18    4.6416e+14    3.56517781e-22     
   2.7826        7.7426e+18    7.7426e+14    3.56517781e-22     
   2.7826        7.7426e+18    1.2915e+15    3.56517781e-22     
   2.7826        7.7426e+18    2.1544e+15    3.56517781e-22     
   2.7826        7.7426e+18    3.5938e+15    3.56517781e-22     
   2.7826        7.7426e+18    5.9948e+15    3.56517781e-22     
   2.7826        7.7426e+18    1.0000e+16    3.56517781e-22     
   2.7826        1.2915e+19    1.0000e+14    3.08907033e-22     
   2.7826        1.2915e+19    1.6681e+14    3.08907033e-22     
   2.7826        1.2915e+19    2.7826e+14    3.08907033e-22     
   2.7826        1.2915e+19    4.6416e+14    3.08907033e-22     
   2.7826        1.2915e+19    7.7426e+14    3.08907033e-22     
   2.7826        1.2915e+19    1.2915e+15    3.08907033e-22     
   2.7826        1.2915e+19    2.1544e+15    3.08907033e-22     
   2.7826        1.2915e+19    3.5938e+15    3.08907033e-22     
   2.7826        1.2915e+19    5.9948e+15    3.08907033e-22     
   2.7826        1.2915e+19    1.0000e+16    3.08907033e-22     
   2.7826        2.1544e+19    1.0000e+14    2.52555708e-22     
   2.7826        2.1544e+19    1.6681e+14    2.52555708e-22     
   2.7826        2.1544e+19    2.7826e+14    2.52555708e-22     
   2.7826        2.1544e+19    4.6416e+14    2.52555708e-22     
   2.7826        2.1544e+19    7.7426e+14    2.52555708e-22     
   2.7826        2.1544e+19    1.2915e+15    2.52555708e-22     
   2.7826        2.1544e+19    2.1544e+15    2.52555708e-22     
   2.7826        2.1544e+19    3.5938e+15    2.52555708e-22     
   2.7826        2.1544e+19    5.9948e+15    2.52555708e-22     
   2.7826        2.1544e+19    1.0000e+16    2.52555708e-22     
   2.7826        3.5938e+19    1.0000e+14    1.93643554e-22     
   2.7826        3.5938e+19    1.6681e+14    1.93643554e-22     
   2.7826        3.5938e+19    2.7826e+14    1.93643554e-22     
   2.7826        3.5938e+19    4.6416e+14    1.93643554e-22     
   2.7826        3.5938e+19    7.7426e+14    1.93643554e-22     
   2.7826        3.5938e+19    1.2915e+15    1.93643554e-22     
   2.7826        3.5938e+19    2.1544e+15    1.93643554e-22     
   2.7826        3.5938e+19    3.5938e+15    1.93643554e-22     
   2.7826        3.5938e+19    5.9948e+15    1.93643554e-22     
   2.7826        3.5938e+19    1.0000e+16    1.93643554e-22     
   2.7826        5.9948e+19    1.0000e+14    1.39463044e-22     
   2.7826        5.9948e+19    1.6681e+14    1.39463044e-22     
   2.7826        5.9948e+19    2.7826e+14    1.39463044e-22     
   2.7826        5.9948e+19    4.6416e+14    1.39463044e-22     
   2.7826        5.9948e+19    7.7426e+14    1.39463044e-22     
   2.7826        5.9948e+19    1.2915e+15    1.39463044e-22     
   2.7826        5.9948e+19    2.1544e+15    1.39463044e-22     
   2.7826        5.9948e+19    3.5938e+15    1.39463044e-22     
   2.7826        5.9948e+19    5.9948e+15    1.39463044e-22     
   2.7826        5.9948e+19    1.0000e+16    1.39463044e-22     
   2.7826        1.0000e+20    1.0000e+14    9.51732221e-23     
   2.7826        1.0000e+20    1.6681e+14    9.51732221e-23     
   2.7826        1.0000e+20    2.7826e+14    9.51732221e-23     
   2.7826        1.0000e+20    4.6416e+14    9.51732221e-23     
   2.7826        1.0000e+20    7.7426e+14    9.51732221e-23     
   2.7826        1.0000e+20    1.2915e+15    9.51732221e-23     
   2.7826        1.0000e+20    2.1544e+15    9.51732221e-23     
   2.7826        1.0000e+20    3.5938e+15    9.51732221e-23     
   2.7826        1.0000e+20    5.9948e+15    9.51732221e-23     
   2.7826        1.0000e+20    1.0000e+16    9.51732221e-23     
   3.5938        1.0000e+18    1.0000e+14    4.42506082e-22     
   3.5938        1.0000e+18    1.6681e+14    4.42506082e-22     
   3.5938        1.0000e+18    2.7826e+14    4.42506082e-22     
   3.5938        1.0000e+18    4.6416e+14    4.42506082e-22     
   3.5938        1.0000e+18    7.7426e+14    4.42506082e-22     
   3.5938        1.0000e+18    1.2915e+15    4.42506082e-22     
   3.5938        1.0000e+18    2.1544e+15    4.42506082e-22     
   3.5938        1.0000e+18    3.5938e+15    4.42506082e-22     
   3.5938        1.0000e+18    5.9948e+15    4.42506082e-22     
   3.5938        1.0000e+18    1.0000e+16    4.42506082e-22     
   3.5938        1.6681e+18    1.0000e+14    4.31011134e-22     
   3.5938        1.6681e+18    1.6681e+14    4.31011134e-22     
   3.5938        1.6681e+18    2.7826e+14    4.31011134e-22     
   3.5938        1.6681e+18    4.6416e+14    4.31011134e-22     
   3.5938        1.6681e+18    7.7426e+14    4.31011134e-22     
   3.5938        1.6681e+18    1.2915e+15    4.31011134e-22     
   3.5938        1.6681e+18    2.1544e+15    4.31011134e-22     
   3.5938        1.6681e+18    3.5938e+15    4.31011134e-22     
   3.5938        1.6681e+18    5.9948e+15    4.31011134e-22     
   3.5938        1.6681e+18    1.0000e+16    4.31011134e-22     
   3.5938        2.7826e+18    1.0000e+14    4.12776757e-22     
   3.5938        2.7826e+18    1.6681e+14    4.12776757e-22     
   3.5938        2.7826e+18    2.7826e+14    4.12776757e-22     
   3.5938        2.7826e+18    4.6416e+14    4.12776757e-22     
   3.5938        2.7826e+18    7.7426e+14    4.12776757e-22     
   3.5938        2.7826e+18    1.2915e+15    4.12776757e-22     
   3.5938        2.7826e+18    2.1544e+15    4.12776757e-22     
   3.5938        2.7826e+18    3.5938e+15    4.12776757e-22     
   3.5938        2.7826e+18    5.9948e+15    4.12776757e-22     
   3.5938        2.7826e+18    1.0000e+16    4.12776757e-22     
   3.5938        4.6416e+18    1.0000e+14    3.85210826e-22     
   3.5938        4.6416e+18    1.6681e+14    3.85210826e-22     
   3.5938        4.6416e+18    2.7826e+14    3.85210826e-22     
   3.5938        4.6416e+18    4.6416e+14    3.85210826e-22     
   3.5938        4.6416e+18    7.7426e+14    3.85210826e-22     
   3.5938        4.6416e+18    1.2915e+15    3.85210826e-22     
   3.5938        4.6416e+18    2.1544e+15    3.85210826e-22     
   3.5938        4.6416e+18    3.5938e+15    3.85210826e-22     
   3.5938        4.6416e+18    5.9948e+15    3.85210826e-22     
   3.5938        4.6416e+18    1.0000e+16    3.85210826e-22     
   3.5938        7.7426e+18    1.0000e+14    3.46309472e-22     
   3.5938        7.7426e+18    1.6681e+14    3.46309472e-22     
   3.5938        7.7426e+18    2.7826e+14    3.46309472e-22     
   3.5938        7.7426e+18    4.6416e+14    3.46309472e-22     
   3.5938        7.7426e+18    7.7426e+14    3.46309472e-22     
   3.5938        7.7426e+18    1.2915e+15    3.46309472e-22     
   3.5938        7.7426e+18    2.1544e+15    3.46309472e-22     
   3.5938        7.7426e+18    3.5938e+15    3.46309472e-22     
   3.5938        7.7426e+18    5.9948e+15    3.46309472e-22     
   3.5938        7.7426e+18    1.0000e+16    3.46309472e-22     
   3.5938        1.2915e+19    1.0000e+14    2.96209221e-22     
   3.5938        1.2915e+19    1.6681e+14    2.96209221e-22     
   3.5938        1.2915e+19    2.7826e+14    2.96209221e-22     
   3.5938        1.2915e+19    4.6416e+14    2.96209221e-22     
   3.5938        1.2915e+19    7.7426e+14    2.96209221e-22     
   3.5938        1.2915e+19    1.2915e+15    2.96209221e-22     
   3.5938        1.2915e+19    2.1544e+15    2.96209221e-22     
   3.5938        1.2915e+19    3.5938e+15    2.96209221e-22     
   3.5938        1.2915e+19    5.9948e+15    2.96209221e-22     
   3.5938        1.2915e+19    1.0000e+16    2.96209221e-22     
   3.5938        2.1544e+19    1.0000e+14    2.38564376e-22     
   3.5938        2.1544e+19    1.6681e+14    2.38564376e-22     
   3.5938        2.1544e+19    2.7826e+14    2.38564376e-22     
   3.5938        2.1544e+19    4.6416e+14    2.38564376e-22     
   3.5938        2.1544e+19    7.7426e+14    2.38564376e-22     
   3.5938        2.1544e+19    1.2915e+15    2.38564376e-22     
   3.5938        2.1544e+19    2.1544e+15    2.38564376e-22     
   3.5938        2.1544e+19    3.5938e+15    2.38564376e-22     
   3.5938        2.1544e+19    5.9948e+15    2.38564376e-22     
   3.5938        2.1544e+19    1.0000e+16    2.38564376e-22     
   3.5938        3.5938e+19    1.0000e+14    1.80118866e-22     
   3.5938        3.5938e+19    1.6681e+14    1.80118866e-22     
   3.5938        3.5938e+19    2.7826e+14    1.80118866e-22     
   3.5938        3.5938e+19    4.6416e+14    1.80118866e-22     
   3.5938        3.5938e+19    7.7426e+14    1.80118866e-22     
   3.5938        3.5938e+19    1.2915e+15    1.80118866e-22     
   3.5938        3.5938e+19    2.1544e+15    1.80118866e-22     
   3.5938        3.5938e+19    3.5938e+15    1.80118866e-22     
   3.5938        3.5938e+19    5.9948e+15    1.80118866e-22     
   3.5938        3.5938e+19    1.0000e+16    1.80118866e-22     
   3.5938        5.9948e+19    1.0000e+14    1.27930113e-22     
   3.5938        5.9948e+19    1.6681e+14    1.27930113e-22     
   3.5938        5.9948e+19    2.7826e+14    1.27930113e-22     
   3.5938        5.9948e+19    4.6416e+14    1.27930113e-22     
   3.5938        5.9948e+19    7.7426e+14    1.27930113e-22     
   3.5938        5.9948e+19    1.2915e+15    1.27930113e-22     
   3.5938        5.9948e+19    2.1544e+15    1.27930113e-22     
   3.5938        5.9948e+19    3.5938e+15    1.27930113e-22     
   3.5938        5.9948e+19    5.9948e+15    1.27930113e-22     
   3.5938        5.9948e+19    1.0000e+16    1.27930113e-22     
   3.5938        1.0000e+20    1.0000e+14    8.63322502e-23     
   3.5938        1.0000e+20    1.6681e+14    8.63322502e-23     
   3.5938        1.0000e+20    2.7826e+14    8.63322502e-23     
   3.5938        1.0000e+20    4.6416e+14    8.63322502e-23     
   3.5938        1.0000e+20    7.7426e+14    8.63322502e-23     
   3.5938        1.0000e+20    1.2915e+15    8.63322502e-23     
   3.5938        1.0000e+20    2.1544e+15    8.63322502e-23     
   3.5938        1.0000e+20    3.5938e+15    8.63322502e-23     
   3.5938        1.0000e+20    5.9948e+15    8.63322502e-23     
   3.5938        1.0000e+20    1.0000e+16    8.63322502e-23     
   4.6416        1.0000e+18    1.0000e+14    4.40842931e-22     
   4.6416        1.0000e+18    1.6681e+14    4.40842931e-22     
   4.6416        1.0000e+18    2.7826e+14    4.40842931e-22     
   4.6416        1.0000e+18    4.6416e+14    4.40842931e-22     
   4.6416        1.0000e+18    7.7426e+14    4.40842931e-22     
   4.6416        1.0000e+18    1.2915e+15    4.40842931e-22     
   4.6416        1.0000e+18    2.1544e+15    4.40842931e-22     
   4.6416        1.0000e+18    3.5938e+15    4.40842931e-22     
   4.6416        1.0000e+18    5.9948e+15    4.40842931e-22     
   4.6416        1.0000e+18    1.0000e+16    4.40842931e-22     
   4.6416        1.6681e+18    1.0000e+14    4.28324805e-22     
   4.6416        1.6681e+18    1.6681e+14    4.28324805e-22     
   4.6416        1.6681e+18    2.7826e+14    4.28324805e-22     
   4.6416        1.6681e+18    4.6416e+14    4.28324805e-22     
   4.6416        1.6681e+18    7.7426e+14    4.28324805e-22     
   4.6416        1.6681e+18    1.2915e+15    4.28324805e-22     
   4.6416        1.6681e+18    2.1544e+15    4.28324805e-22     
   4.6416        1.6681e+18    3.5938e+15    4.28324805e-22     
   4.6416        1.6681e+18    5.9948e+15    4.28324805e-22     
   4.6416        1.6681e+18    1.0000e+16    4.28324805e-22     
   4.6416        2.7826e+18    1.0000e+14    4.08601061e-22     
   4.6416        2.7826e+18    1.6681e+14    4.08601061e-22     
   4.6416        2.7826e+18    2.7826e+14    4.08601061e-22     
   4.6416        2.7826e+18    4.6416e+14    4.08601061e-22     
   4.6416        2.7826e+18    7.7426e+14    4.08601061e-22     
   4.6416        2.7826e+18    1.2915e+15    4.08601061e-22     
   4.6416        2.7826e+18    2.1544e+15    4.08601061e-22     
   4.6416        2.7826e+18    3.5938e+15    4.08601061e-22     
   4.6416        2.7826e+18    5.9948e+15    4.08601061e-22     
   4.6416        2.7826e+18    1.0000e+16    4.08601061e-22     
   4.6416        4.6416e+18    1.0000e+14    3.79090042e-22     
   4.6416        4.6416e+18    1.6681e+14    3.79090042e-22     
   4.6416        4.6416e+18    2.7826e+14    3.79090042e-22     
   4.6416        4.6416e+18    4.6416e+14    3.79090042e-22     
   4.6416        4.6416e+18    7.7426e+14    3.79090042e-22     
   4.6416        4.6416e+18    1.2915e+15    3.79090042e-22     
   4.6416        4.6416e+18    2.1544e+15    3.79090042e-22     
   4.6416        4.6416e+18    3.5938e+15    3.79090042e-22     
   4.6416        4.6416e+18    5.9948e+15    3.79090042e-22     
   4.6416        4.6416e+18    1.0000e+16    3.79090042e-22     
   4.6416        7.7426e+18    1.0000e+14    3.38044001e-22     
   4.6416        7.7426e+18    1.6681e+14    3.38044001e-22     
   4.6416        7.7426e+18    2.7826e+14    3.38044001e-22     
   4.6416        7.7426e+18    4.6416e+14    3.38044001e-22     
   4.6416        7.7426e+18    7.7426e+14    3.38044001e-22     
   4.6416        7.7426e+18    1.2915e+15    3.38044001e-22     
   4.6416        7.7426e+18    2.1544e+15    3.38044001e-22     
   4.6416        7.7426e+18    3.5938e+15    3.38044001e-22     
   4.6416        7.7426e+18    5.9948e+15    3.38044001e-22     
   4.6416        7.7426e+18    1.0000e+16    3.38044001e-22     
   4.6416        1.2915e+19    1.0000e+14    2.86168470e-22     
   4.6416        1.2915e+19    1.6681e+14    2.86168470e-22     
   4.6416        1.2915e+19    2.7826e+14    2.86168470e-22     
   4.6416        1.2915e+19    4.6416e+14    2.86168470e-22     
   4.6416        1.2915e+19    7.7426e+14    2.86168470e-22     
   4.6416        1.2915e+19    1.2915e+15    2.86168470e-22     
   4.6416        1.2915e+19    2.1544e+15    2.86168470e-22     
   4.6416        1.2915e+19    3.5938e+15    2.86168470e-22     
   4.6416        1.2915e+19    5.9948e+15    2.86168470e-22     
   4.6416        1.2915e+19    1.0000e+16    2.86168470e-22     
   4.6416        2.1544e+19    1.0000e+14    2.27795865e-22     
   4.6416        2.1544e+19    1.6681e+14    2.27795865e-22     
   4.6416        2.1544e+19    2.7826e+14    2.27795865e-22     
   4.6416        2.1544e+19    4.6416e+14    2.27795865e-22     
   4.6416        2.1544e+19    7.7426e+14    2.27795865e-22     
   4.6416        2.1544e+19    1.2915e+15    2.27795865e-22     
   4.6416        2.1544e+19    2.1544e+15    2.27795865e-22     
   4.6416        2.1544e+19    3.5938e+15    2.27795865e-22     
   4.6416        2.1544e+19    5.9948e+15    2.27795865e-22     
   4.6416        2.1544e+19    1.0000e+16    2.27795865e-22     
   4.6416        3.5938e+19    1.0000e+14    1.69990693e-22     
   4.6416        3.5938e+19    1.6681e+14    1.69990693e-22     
   4.6416        3.5938e+19    2.7826e+14    1.69990693e-22     
   4.6416        3.5938e+19    4.6416e+14    1.69990693e-22     
   4.6416        3.5938e+19    7.7426e+14    1.69990693e-22     
   4.6416        3.5938e+19    1.2915e+15    1.69990693e-22     
   4.6416        3.5938e+19    2.1544e+15    1.69990693e-22     
   4.6416        3.5938e+19    3.5938e+15    1.69990693e-22     
   4.6416        3.5938e+19    5.9948e+15    1.69990693e-22     
   4.6416        3.5938e+19    1.0000e+16    1.69990693e-22     
   4.6416        5.9948e+19    1.0000e+14    1.19502529e-22     
   4.6416        5.9948e+19    1.6681e+14    1.19502529e-22     
   4.6416        5.9948e+19    2.7826e+14    1.19502529e-22     
   4.6416        5.9948e+19    4.6416e+14    1.19502529e-22     
   4.6416        5.9948e+19    7.7426e+14    1.19502529e-22     
   4.6416        5.9948e+19    1.2915e+15    1.19502529e-22     
   4.6416        5.9948e+19    2.1544e+15    1.19502529e-22     
   4.6416        5.9948e+19    3.5938e+15    1.19502529e-22     
   4.6416        5.9948e+19    5.9948e+15    1.19502529e-22     
   4.6416        5.9948e+19    1.0000e+16    1.19502529e-22     
   4.6416        1.0000e+20    1.0000e+14    7.99969809e-23     
   4.6416        1.0000e+20    1.6681e+14    7.99969809e-23     
   4.6416        1.0000e+20    2.7826e+14    7.99969809e-23     
   4.6416        1.0000e+20    4.6416e+14    7.99969809e-23     
   4.6416        1.0000e+20    7.7426e+14    7.99969809e-23     
   4.6416        1.0000e+20    1.2915e+15    7.99969809e-23     
   4.6416        1.0000e+20    2.1544e+15    7.99969809e-23     
   4.6416        1.0000e+20    3.5938e+15    7.99969809e-23     
   4.6416        1.0000e+20    5.9948e+15    7.99969809e-23     
   4.6416        1.0000e+20    1.0000e+16    7.99969809e-23     
   5.9948        1.0000e+18    1.0000e+14    4.39555305e-22     
   5.9948        1.0000e+18    1.6681e+14    4.39555305e-22     
   5.9948        1.0000e+18    2.7826e+14    4.39555305e-22     
   5.9948        1.0000e+18    4.6416e+14    4.39555305e-22     
   5.9948        1.0000e+18    7.7426e+14    4.39555305e-22     
   5.9948        1.0000e+18    1.2915e+15    4.39555305e-22     
   5.9948        1.0000e+18    2.1544e+15    4.39555305e-22     
   5.9948        1.0000e+18    3.5938e+15    4.39555305e-22     
   5.9948        1.0000e+18    5.9948e+15    4.39555305e-22     
   5.9948        1.0000e+18    1.0000e+16    4.39555305e-22     
   5.9948        1.6681e+18    1.0000e+14    4.26255128e-22     
   5.9948        1.6681e+18    1.6681e+14    4.26255128e-22     
   5.9948        1.6681e+18    2.7826e+14    4.26255128e-22     
   5.9948        1.6681e+18    4.6416e+14    4.26255128e-22     
   5.9948        1.6681e+18    7.7426e+14    4.26255128e-22     
   5.9948        1.6681e+18    1.2915e+15    4.26255128e-22     
   5.9948        1.6681e+18    2.1544e+15    4.26255128e-22     
   5.9948        1.6681e+18    3.5938e+15    4.26255128e-22     
   5.9948        1.6681e+18    5.9948e+15    4.26255128e-22     
   5.9948        1.6681e+18    1.0000e+16    4.26255128e-22     
   5.9948        2.7826e+18    1.0000e+14    4.05407318e-22     
   5.9948        2.7826e+18    1.6681e+14    4.05407318e-22     
   5.9948        2.7826e+18    2.7826e+14    4.05407318e-22     
   5.9948        2.7826e+18    4.6416e+14    4.05407318e-22     
   5.9948        2.7826e+18    7.7426e+14    4.05407318e-22     
   5.9948        2.7826e+18    1.2915e+15    4.05407318e-22     
   5.9948        2.7826e+18    2.1544e+15    4.05407318e-22     
   5.9948        2.7826e+18    3.5938e+15    4.05407318e-22     
   5.9948        2.7826e+18    5.9948e+15    4.05407318e-22     
   5.9948        2.7826e+18    1.0000e+16    4.05407318e-22     
   5.9948        4.6416e+18    1.0000e+14    3.74457626e-22     
   5.9948        4.6416e+18    1.6681e+14    3.74457626e-22     
   5.9948        4.6416e+18    2.7826e+14    3.74457626e-22     
   5.9948        4.6416e+18    4.6416e+14    3.74457626e-22     
   5.9948        4.6416e+18    7.7426e+14    3.74457626e-22     
   5.9948        4.6416e+18    1.2915e+15    3.74457626e-22     
   5.9948        4.6416e+18    2.1544e+15    3.74457626e-22     
   5.9948        4.6416e+18    3.5938e+15    3.74457626e-22     
   5.9948        4.6416e+18    5.9948e+15    3.74457626e-22     
   5.9948        4.6416e+18    1.0000e+16    3.74457626e-22     
   5.9948        7.7426e+18    1.0000e+14    3.31877436e-22     
   5.9948        7.7426e+18    1.6681e+14    3.31877436e-22     
   5.9948        7.7426e+18    2.7826e+14    3.31877436e-22     
   5.9948        7.7426e+18    4.6416e+14    3.31877436e-22     
   5.9948        7.7426e+18    7.7426e+14    3.31877436e-22     
   5.9948        7.7426e+18    1.2915e+15    3.31877436e-22     
   5.9948        7.7426e+18    2.1544e+15    3.31877436e-22     
   5.9948        7.7426e+18    3.5938e+15    3.31877436e-22     
   5.9948        7.7426e+18    5.9948e+15    3.31877436e-22     
   5.9948        7.7426e+18    1.0000e+16    3.31877436e-22     
   5.9948        1.2915e+19    1.0000e+14    2.78810940e-22     
   5.9948        1.2915e+19    1.6681e+14    2.78810940e-22     
   5.9948        1.2915e+19    2.7826e+14    2.78810940e-22     
   5.9948        1.2915e+19    4.6416e+14    2.78810940e-22     
   5.9948        1.2915e+19    7.7426e+14    2.78810940e-22     
   5.9948        1.2915e+19    1.2915e+15    2.78810940e-22     
   5.9948        1.2915e+19    2.1544e+15    2.78810940e-22     
   5.9948        1.2915e+19    3.5938e+15    2.78810940e-22     
   5.9948        1.2915e+19    5.9948e+15    2.78810940e-22     
   5.9948        1.2915e+19    1.0000e+16    2.78810940e-22     
   5.9948        2.1544e+19    1.0000e+14    2.20063193e-22     
   5.9948        2.1544e+19    1.6681e+14    2.20063193e-22     
   5.9948        2.1544e+19    2.7826e+14    2.20063193e-22     
   5.9948        2.1544e+19    4.6416e+14    2.20063193e-22     
   5.9948        2.1544e+19    7.7426e+14    2.20063193e-22     
   5.9948        2.1544e+19    1.2915e+15    2.20063193e-22     
   5.9948        2.1544e+19    2.1544e+15    2.20063193e-22     
   5.9948        2.1544e+19    3.5938e+15    2.20063193e-22     
   5.9948        2.1544e+19    5.9948e+15    2.20063193e-22     
   5.9948        2.1544e+19    1.0000e+16    2.20063193e-22     
   5.9948        3.5938e+19    1.0000e+14    1.62862783e-22     
   5.9948        3.5938e+19    1.6681e+14    1.62862783e-22     
   5.9948        3.5938e+19    2.7826e+14    1.62862783e-22     
   5.9948        3.5938e+19    4.6416e+14    1.62862783e-22     
   5.9948        3.5938e+19    7.7426e+14    1.62862783e-22     
   5.9948        3.5938e+19    1.2915e+15    1.62862783e-22     
   5.9948        3.5938e+19    2.1544e+15    1.62862783e-22     
   5.9948        3.5938e+19    3.5938e+15    1.62862783e-22     
   5.9948        3.5938e+19    5.9948e+15    1.62862783e-22     
   5.9948        3.5938e+19    1.0000e+16    1.62862783e-22     
   5.9948        5.9948e+19    1.0000e+14    1.13675404e-22     
   5.9948        5.9948e+19    1.6681e+14    1.13675404e-22     
   5.9948        5.9948e+19    2.7826e+14    1.13675404e-22     
   5.9948        5.9948e+19    4.6416e+14    1.13675404e-22     
   5.9948        5.9948e+19    7.7426e+14    1.13675404e-22     
   5.9948        5.9948e+19    1.2915e+15    1.13675404e-22     
   5.9948        5.9948e+19    2.1544e+15    1.13675404e-22     
   5.9948        5.9948e+19    3.5938e+15    1.13675404e-22     
   5.9948        5.9948e+19    5.9948e+15    1.13675404e-22     
   5.9948        5.9948e+19    1.0000e+16    1.13675404e-22     
   5.9948        1.0000e+20    1.0000e+14    7.56770370e-23     
   5.9948        1.0000e+20    1.6681e+14    7.56770370e-23     
   5.9948        1.0000e+20    2.7826e+14    7.56770370e-23     
   5.9948        1.0000e+20    4.6416e+14    7.56770370e-23     
   5.9948        1.0000e+20    7.7426e+14    7.56770370e-23     
   5.9948        1.0000e+20    1.2915e+15    7.56770370e-23     
   5.9948        1.0000e+20    2.1544e+15    7.56770370e-23     
   5.9948        1.0000e+20    3.5938e+15    7.56770370e-23     
   5.9948        1.0000e+20    5.9948e+15    7.56770370e-23     
   5.9948        1.0000e+20    1.0000e+16    7.56770370e-23     
   7.7426        1.0000e+18    1.0000e+14    4.38684588e-22     
   7.7426        1.0000e+18    1.6681e+14    4.38684588e-22     
   7.7426        1.0000e+18    2.7826e+14    4.38684588e-22     
   7.7426        1.0000e+18    4.6416e+14    4.38684588e-22     
   7.7426        1.0000e+18    7.7426e+14    4.38684588e-22     
   7.7426        1.0000e+18    1.2915e+15    4.38684588e-22     
   7.7426        1.0000e+18    2.1544e+15    4.38684588e-22     
   7.7426        1.0000e+18    3.5938e+15    4.38684588e-22     
   7.7426        1.0000e+18    5.9948e+15    4.38684588e-22     
   7.7426        1.0000e+18    1.0000e+16    4.38684588e-22     
   7.7426        1.6681e+18    1.0000e+14    4.24860750e-22     
   7.7426        1.6681e+18    1.6681e+14    4.24860750e-22     
   7.7426        1.6681e+18    2.7826e+14    4.24860750e-22     
   7.7426        1.6681e+18    4.6416e+14    4.24860750e-22     
   7.7426        1.6681e+18    7.7426e+14    4.24860750e-22     
   7.7426        1.6681e+18    1.2915e+15    4.24860750e-22     
   7.7426        1.6681e+18    2.1544e+15    4.24860750e-22     
   7.7426        1.6681e+18    3.5938e+15    4.24860750e-22     
   7.7426        1.6681e+18    5.9948e+15    4.24860750e-22     
   7.7426        1.6681e+18    1.0000e+16    4.24860750e-22     
   7.7426        2.7826e+18    1.0000e+14    4.03266256e-22     
   7.7426        2.7826e+18    1.6681e+14    4.03266256e-22     
   7.7426        2.7826e+18    2.7826e+14    4.03266256e-22     
   7.7426        2.7826e+18    4.6416e+14    4.03266256e-22     
   7.7426        2.7826e+18    7.7426e+14    4.03266256e-22     
   7.7426        2.7826e+18    1.2915e+15    4.03266256e-22     
   7.7426        2.7826e+18    2.1544e+15    4.03266256e-22     
   7.7426        2.7826e+18    3.5938e+15    4.03266256e-22     
   7.7426        2.7826e+18    5.9948e+15    4.03266256e-22     
   7.7426        2.7826e+18    1.0000e+16    4.03266256e-22     
   7.7426        4.6416e+18    1.0000e+14    3.71373475e-22     
   7.7426        4.6416e+18    1.6681e+14    3.71373475e-22     
   7.7426        4.6416e+18    2.7826e+14    3.71373475e-22     
   7.7426        4.6416e+18    4.6416e+14    3.71373475e-22     
   7.7426        4.6416e+18    7.7426e+14    3.71373475e-22     
   7.7426        4.6416e+18    1.2915e+15    3.71373475e-22     
   7.7426        4.6416e+18    2.1544e+15    3.71373475e-22     
   7.7426        4.6416e+18    3.5938e+15    3.71373475e-22     
   7.7426        4.6416e+18    5.9948e+15    3.71373475e-22     
   7.7426        4.6416e+18    1.0000e+16    3.71373475e-22     
   7.7426        7.7426e+18    1.0000e+14    3.27810686e-22     
   7.7426        7.7426e+18    1.6681e+14    3.27810686e-22     
   7.7426        7.7426e+18    2.7826e+14    3.27810686e-22     
   7.7426        7.7426e+18    4.6416e+14    3.27810686e-22     
   7.7426        7.7426e+18    7.7426e+14    3.27810686e-22     
   7.7426        7.7426e+18    1.2915e+15    3.27810686e-22     
   7.7426        7.7426e+18    2.1544e+15    3.27810686e-22     
   7.7426        7.7426e+18    3.5938e+15    3.27810686e-22     
   7.7426        7.7426e+18    5.9948e+15    3.27810686e-22     
   7.7426        7.7426e+18    1.0000e+16    3.27810686e-22     
   7.7426        1.2915e+19    1.0000e+14    2.74016942e-22     
   7.7426        1.2915e+19    1.6681e+14    2.74016942e-22     
   7.7426        1.2915e+19    2.7826e+14    2.74016942e-22     
   7.7426        1.2915e+19    4.6416e+14    2.74016942e-22     
   7.7426        1.2915e+19    7.7426e+14    2.74016942e-22     
   7.7426        1.2915e+19    1.2915e+15    2.74016942e-22     
   7.7426        1.2915e+19    2.1544e+15    2.74016942e-22     
   7.7426        1.2915e+19    3.5938e+15    2.74016942e-22     
   7.7426        1.2915e+19    5.9948e+15    2.74016942e-22     
   7.7426        1.2915e+19    1.0000e+16    2.74016942e-22     
   7.7426        2.1544e+19    1.0000e+14    2.15093008e-22     
   7.7426        2.1544e+19    1.6681e+14    2.15093008e-22     
   7.7426        2.1544e+19    2.7826e+14    2.15093008e-22     
   7.7426        2.1544e+19    4.6416e+14    2.15093008e-22     
   7.7426        2.1544e+19    7.7426e+14    2.15093008e-22     
   7.7426        2.1544e+19    1.2915e+15    2.15093008e-22     
   7.7426        2.1544e+19    2.1544e+15    2.15093008e-22     
   7.7426        2.1544e+19    3.5938e+15    2.15093008e-22     
   7.7426        2.1544e+19    5.9948e+15    2.15093008e-22     
   7.7426        2.1544e+19    1.0000e+16    2.15093008e-22     
   7.7426        3.5938e+19    1.0000e+14    1.58342908e-22     
   7.7426        3.5938e+19    1.6681e+14    1.58342908e-22     
   7.7426        3.5938e+19    2.7826e+14    1.58342908e-22     
   7.7426        3.5938e+19    4.6416e+14    1.58342908e-22     
   7.7426        3.5938e+19    7.7426e+14    1.58342908e-22     
   7.7426        3.5938e+19    1.2915e+15    1.58342908e-22     
   7.7426        3.5938e+19    2.1544e+15    1.58342908e-22     
   7.7426        3.5938e+19    3.5938e+15    1.58342908e-22     
   7.7426        3.5938e+19    5.9948e+15    1.58342908e-22     
   7.7426        3.5938e+19    1.0000e+16    1.58342908e-22     
   7.7426        5.9948e+19    1.0000e+14    1.10023914e-22     
   7.7426        5.9948e+19    1.6681e+14    1.10023914e-22     
   7.7426        5.9948e+19    2.7826e+14    1.10023914e-22     
   7.7426        5.9948e+19    4.6416e+14    1.10023914e-22     
   7.7426        5.9948e+19    7.7426e+14    1.10023914e-22     
   7.7426        5.9948e+19    1.2915e+15    1.10023914e-22     
   7.7426        5.9948e+19    2.1544e+15    1.10023914e-22     
   7.7426        5.9948e+19    3.5938e+15    1.10023914e-22     
   7.7426        5.9948e+19    5.9948e+15    1.10023914e-22     
   7.7426        5.9948e+19    1.0000e+16    1.10023914e-22     
   7.7426        1.0000e+20    1.0000e+14    7.29950792e-23     
   7.7426        1.0000e+20    1.6681e+14    7.29950792e-23     
   7.7426        1.0000e+20    2.7826e+14    7.29950792e-23     
   7.7426        1.0000e+20    4.6416e+14    7.29950792e-23     
   7.7426        1.0000e+20    7.7426e+14    7.29950792e-23     
   7.7426        1.0000e+20    1.2915e+15    7.29950792e-23     
   7.7426        1.0000e+20    2.1544e+15    7.29950792e-23     
   7.7426        1.0000e+20    3.5938e+15    7.29950792e-23     
   7.7426        1.0000e+20    5.9948e+15    7.29950792e-23     
   7.7426        1.0000e+20    1.0000e+16    7.29950792e-23     
   10.0000       1.0000e+18    1.0000e+14    4.38234425e-22     
   10.0000       1.0000e+18    1.6681e+14    4.38234425e-22     
   10.0000       1.0000e+18    2.7826e+14    4.38234425e-22     
   10.0000       1.0000e+18    4.6416e+14    4.38234425e-22     
   10.0000       1.0000e+18    7.7426e+14    4.38234425e-22     
   10.0000       1.0000e+18    1.2915e+15    4.38234425e-22     
   10.0000       1.0000e+18    2.1544e+15    4.38234425e-22     
   10.0000       1.0000e+18    3.5938e+15    4.38234425e-22     
   10.0000       1.0000e+18    5.9948e+15    4.38234425e-22     
   10.0000       1.0000e+18    1.0000e+16    4.38234425e-22     
   10.0000       1.6681e+18    1.0000e+14    4.24141900e-22     
   10.0000       1.6681e+18    1.6681e+14    4.24141900e-22     
   10.0000       1.6681e+18    2.7826e+14    4.24141900e-22     
   10.0000       1.6681e+18    4.6416e+14    4.24141900e-22     
   10.0000       1.6681e+18    7.7426e+14    4.24141900e-22     
   10.0000       1.6681e+18    1.2915e+15    4.24141900e-22     
   10.0000       1.6681e+18    2.1544e+15    4.24141900e-22     
   10.0000       1.6681e+18    3.5938e+15    4.24141900e-22     
   10.0000       1.6681e+18    5.9948e+15    4.24141900e-22     
   10.0000       1.6681e+18    1.0000e+16    4.24141900e-22     
   10.0000       2.7826e+18    1.0000e+14    4.02164626e-22     
   10.0000       2.7826e+18    1.6681e+14    4.02164626e-22     
   10.0000       2.7826e+18    2.7826e+14    4.02164626e-22     
   10.0000       2.7826e+18    4.6416e+14    4.02164626e-22     
   10.0000       2.7826e+18    7.7426e+14    4.02164626e-22     
   10.0000       2.7826e+18    1.2915e+15    4.02164626e-22     
   10.0000       2.7826e+18    2.1544e+15    4.02164626e-22     
   10.0000       2.7826e+18    3.5938e+15    4.02164626e-22     
   10.0000       2.7826e+18    5.9948e+15    4.02164626e-22     
   10.0000       2.7826e+18    1.0000e+16    4.02164626e-22     
   10.0000       4.6416e+18    1.0000e+14    3.69789907e-22     
   10.0000       4.6416e+18    1.6681e+14    3.69789907e-22     
   10.0000       4.6416e+18    2.7826e+14    3.69789907e-22     
   10.0000       4.6416e+18    4.6416e+14    3.69789907e-22     
   10.0000       4.6416e+18    7.7426e+14    3.69789907e-22     
   10.0000       4.6416e+18    1.2915e+15    3.69789907e-22     
   10.0000       4.6416e+18    2.1544e+15    3.69789907e-22     
   10.0000       4.6416e+18    3.5938e+15    3.69789907e-22     
   10.0000       4.6416e+18    5.9948e+15    3.69789907e-22     
   10.0000       4.6416e+18    1.0000e+16    3.69789907e-22     
   10.0000       7.7426e+18    1.0000e+14    3.25729680e-22     
   10.0000       7.7426e+18    1.6681e+14    3.25729680e-22     
   10.0000       7.7426e+18    2.7826e+14    3.25729680e-22     
   10.0000       7.7426e+18    4.6416e+14    3.25729680e-22     
   10.0000       7.7426e+18    7.7426e+14    3.25729680e-22     
   10.0000       7.7426e+18    1.2915e+15    3.25729680e-22     
   10.0000       7.7426e+18    2.1544e+15    3.25729680e-22     
   10.0000       7.7426e+18    3.5938e+15    3.25729680e-22     
   10.0000       7.7426e+18    5.9948e+15    3.25729680e-22     
   10.0000       7.7426e+18    1.0000e+16    3.25729680e-22     
   10.0000       1.2915e+19    1.0000e+14    2.71576720e-22     
   10.0000       1.2915e+19    1.6681e+14    2.71576720e-22     
   10.0000       1.2915e+19    2.7826e+14    2.71576720e-22     
   10.0000       1.2915e+19    4.6416e+14    2.71576720e-22     
   10.0000       1.2915e+19    7.7426e+14    2.71576720e-22     
   10.0000       1.2915e+19    1.2915e+15    2.71576720e-22     
   10.0000       1.2915e+19    2.1544e+15    2.71576720e-22     
   10.0000       1.2915e+19    3.5938e+15    2.71576720e-22     
   10.0000       1.2915e+19    5.9948e+15    2.71576720e-22     
   10.0000       1.2915e+19    1.0000e+16    2.71576720e-22     
   10.0000       2.1544e+19    1.0000e+14    2.12580265e-22     
   10.0000       2.1544e+19    1.6681e+14    2.12580265e-22     
   10.0000       2.1544e+19    2.7826e+14    2.12580265e-22     
   10.0000       2.1544e+19    4.6416e+14    2.12580265e-22     
   10.0000       2.1544e+19    7.7426e+14    2.12580265e-22     
   10.0000       2.1544e+19    1.2915e+15    2.12580265e-22     
   10.0000       2.1544e+19    2.1544e+15    2.12580265e-22     
   10.0000       2.1544e+19    3.5938e+15    2.12580265e-22     
   10.0000       2.1544e+19    5.9948e+15    2.12580265e-22     
   10.0000       2.1544e+19    1.0000e+16    2.12580265e-22     
   10.0000       3.5938e+19    1.0000e+14    1.56074543e-22     
   10.0000       3.5938e+19    1.6681e+14    1.56074543e-22     
   10.0000       3.5938e+19    2.7826e+14    1.56074543e-22     
   10.0000       3.5938e+19    4.6416e+14    1.56074543e-22     
   10.0000       3.5938e+19    7.7426e+14    1.56074543e-22     
   10.0000       3.5938e+19    1.2915e+15    1.56074543e-22     
   10.0000       3.5938e+19    2.1544e+15    1.56074543e-22     
   10.0000       3.5938e+19    3.5938e+15    1.56074543e-22     
   10.0000       3.5938e+19    5.9948e+15    1.56074543e-22     
   10.0000       3.5938e+19    1.0000e+16    1.56074543e-22     
   10.0000       5.9948e+19    1.0000e+14    1.08203903e-22     
   10.0000       5.9948e+19    1.6681e+14    1.08203903e-22     
   10.0000       5.9948e+19    2.7826e+14    1.08203903e-22     
   10.0000       5.9948e+19    4.6416e+14    1.08203903e-22     
   10.0000       5.9948e+19    7.7426e+14    1.08203903e-22     
   10.0000       5.9948e+19    1.2915e+15    1.08203903e-22     
   10.0000       5.9948e+19    2.1544e+15    1.08203903e-22     
   10.0000       5.9948e+19    3.5938e+15    1.08203903e-22     
   10.0000       5.9948e+19    5.9948e+15    1.08203903e-22     
   10.0000       5.9948e+19    1.0000e+16    1.08203903e-22     
   10.0000       1.0000e+20    1.0000e+14    7.16659357e-23     
   10.0000       1.0000e+20    1.6681e+14    7.16659357e-23     
   10.0000       1.0000e+20    2.7826e+14    7.16659357e-23     
   10.0000       1.0000e+20    4.6416e+14    7.16659357e-23     
   10.0000       1.0000e+20    7.7426e+14    7.16659357e-23     
   10.0000       1.0000e+20    1.2915e+15    7.16659357e-23     
   10.0000       1.0000e+20    2.1544e+15    7.16659357e-23     
   10.0000       1.0000e+20    3.5938e+15    7.16659357e-23     
   10.0000       1.0000e+20    5.9948e+15    7.16659357e-23     
   10.0000       1.0000e+20    1.0000e+16    7.16659357e-23     
