#
# Output file generated by Yacora 1.5.0
# =====================================
#   Filename: 'YacoraRun_PopCoeff_n=2.dat'
#   Date of creation: 11. May 2022
#   Time of creation: 10:25:46
#   Used input file: 'H_20_11_2019.txt'
#   Performed calculation: Population Coefficient for state 'H(2)' coupled to the particle 'H-'
#
#   Please cite D. Wünderlich, M. Giacomin, R. Ritz and U. Fantz, J. Quant. Spectrosc. Radiat. Transfer 240, 2020, 106695, if you use Yacora results.
#
# Description of the used Parameters:
# ===================================
#
#   Temperatures and Densities: 
#              T_e: 10 calculated values between 1.0000 and 10.0000
#              T_i1: Fixed value 8000.0000
#              T_i4: Fixed value 8000.0000
#              T_n1: Fixed value 8000.0000
#              n_e: 10 calculated values between 1.0000e+18 and 1.0000e+20
#              n_i1: Fixed value 0.0000
#              n_i4: 10 calculated values between 1.0000e+14 and 1.0000e+16

#   Electron energy distribution function: 
#              Maxwellian
#
# Calculated Data:
# ================
#  T_e           n_e           n_i4          POP_COEFF      
   1.0000        1.0000e+18    1.0000e+14    4.54296677e-23     
   1.0000        1.0000e+18    1.6681e+14    4.54296677e-23     
   1.0000        1.0000e+18    2.7826e+14    4.54296677e-23     
   1.0000        1.0000e+18    4.6416e+14    4.54296677e-23     
   1.0000        1.0000e+18    7.7426e+14    4.54296677e-23     
   1.0000        1.0000e+18    1.2915e+15    4.54296677e-23     
   1.0000        1.0000e+18    2.1544e+15    4.54296677e-23     
   1.0000        1.0000e+18    3.5938e+15    4.54296677e-23     
   1.0000        1.0000e+18    5.9948e+15    4.54296677e-23     
   1.0000        1.0000e+18    1.0000e+16    4.54296677e-23     
   1.0000        1.6681e+18    1.0000e+14    4.52846119e-23     
   1.0000        1.6681e+18    1.6681e+14    4.52846119e-23     
   1.0000        1.6681e+18    2.7826e+14    4.52846119e-23     
   1.0000        1.6681e+18    4.6416e+14    4.52846119e-23     
   1.0000        1.6681e+18    7.7426e+14    4.52846119e-23     
   1.0000        1.6681e+18    1.2915e+15    4.52846119e-23     
   1.0000        1.6681e+18    2.1544e+15    4.52846119e-23     
   1.0000        1.6681e+18    3.5938e+15    4.52846119e-23     
   1.0000        1.6681e+18    5.9948e+15    4.52846119e-23     
   1.0000        1.6681e+18    1.0000e+16    4.52846119e-23     
   1.0000        2.7826e+18    1.0000e+14    4.49741660e-23     
   1.0000        2.7826e+18    1.6681e+14    4.49741660e-23     
   1.0000        2.7826e+18    2.7826e+14    4.49741660e-23     
   1.0000        2.7826e+18    4.6416e+14    4.49741660e-23     
   1.0000        2.7826e+18    7.7426e+14    4.49741660e-23     
   1.0000        2.7826e+18    1.2915e+15    4.49741660e-23     
   1.0000        2.7826e+18    2.1544e+15    4.49741660e-23     
   1.0000        2.7826e+18    3.5938e+15    4.49741660e-23     
   1.0000        2.7826e+18    5.9948e+15    4.49741660e-23     
   1.0000        2.7826e+18    1.0000e+16    4.49741660e-23     
   1.0000        4.6416e+18    1.0000e+14    4.43651769e-23     
   1.0000        4.6416e+18    1.6681e+14    4.43651769e-23     
   1.0000        4.6416e+18    2.7826e+14    4.43651769e-23     
   1.0000        4.6416e+18    4.6416e+14    4.43651769e-23     
   1.0000        4.6416e+18    7.7426e+14    4.43651769e-23     
   1.0000        4.6416e+18    1.2915e+15    4.43651769e-23     
   1.0000        4.6416e+18    2.1544e+15    4.43651769e-23     
   1.0000        4.6416e+18    3.5938e+15    4.43651769e-23     
   1.0000        4.6416e+18    5.9948e+15    4.43651769e-23     
   1.0000        4.6416e+18    1.0000e+16    4.43651769e-23     
   1.0000        7.7426e+18    1.0000e+14    4.32806084e-23     
   1.0000        7.7426e+18    1.6681e+14    4.32806084e-23     
   1.0000        7.7426e+18    2.7826e+14    4.32806084e-23     
   1.0000        7.7426e+18    4.6416e+14    4.32806084e-23     
   1.0000        7.7426e+18    7.7426e+14    4.32806084e-23     
   1.0000        7.7426e+18    1.2915e+15    4.32806084e-23     
   1.0000        7.7426e+18    2.1544e+15    4.32806084e-23     
   1.0000        7.7426e+18    3.5938e+15    4.32806084e-23     
   1.0000        7.7426e+18    5.9948e+15    4.32806084e-23     
   1.0000        7.7426e+18    1.0000e+16    4.32806084e-23     
   1.0000        1.2915e+19    1.0000e+14    4.15349719e-23     
   1.0000        1.2915e+19    1.6681e+14    4.15349719e-23     
   1.0000        1.2915e+19    2.7826e+14    4.15349719e-23     
   1.0000        1.2915e+19    4.6416e+14    4.15349719e-23     
   1.0000        1.2915e+19    7.7426e+14    4.15349719e-23     
   1.0000        1.2915e+19    1.2915e+15    4.15349719e-23     
   1.0000        1.2915e+19    2.1544e+15    4.15349719e-23     
   1.0000        1.2915e+19    3.5938e+15    4.15349719e-23     
   1.0000        1.2915e+19    5.9948e+15    4.15349719e-23     
   1.0000        1.2915e+19    1.0000e+16    4.15349719e-23     
   1.0000        2.1544e+19    1.0000e+14    3.90064988e-23     
   1.0000        2.1544e+19    1.6681e+14    3.90064988e-23     
   1.0000        2.1544e+19    2.7826e+14    3.90064988e-23     
   1.0000        2.1544e+19    4.6416e+14    3.90064988e-23     
   1.0000        2.1544e+19    7.7426e+14    3.90064988e-23     
   1.0000        2.1544e+19    1.2915e+15    3.90064988e-23     
   1.0000        2.1544e+19    2.1544e+15    3.90064988e-23     
   1.0000        2.1544e+19    3.5938e+15    3.90064988e-23     
   1.0000        2.1544e+19    5.9948e+15    3.90064988e-23     
   1.0000        2.1544e+19    1.0000e+16    3.90064988e-23     
   1.0000        3.5938e+19    1.0000e+14    3.57365400e-23     
   1.0000        3.5938e+19    1.6681e+14    3.57365400e-23     
   1.0000        3.5938e+19    2.7826e+14    3.57365400e-23     
   1.0000        3.5938e+19    4.6416e+14    3.57365400e-23     
   1.0000        3.5938e+19    7.7426e+14    3.57365400e-23     
   1.0000        3.5938e+19    1.2915e+15    3.57365400e-23     
   1.0000        3.5938e+19    2.1544e+15    3.57365400e-23     
   1.0000        3.5938e+19    3.5938e+15    3.57365400e-23     
   1.0000        3.5938e+19    5.9948e+15    3.57365400e-23     
   1.0000        3.5938e+19    1.0000e+16    3.57365400e-23     
   1.0000        5.9948e+19    1.0000e+14    3.19951842e-23     
   1.0000        5.9948e+19    1.6681e+14    3.19951842e-23     
   1.0000        5.9948e+19    2.7826e+14    3.19951842e-23     
   1.0000        5.9948e+19    4.6416e+14    3.19951842e-23     
   1.0000        5.9948e+19    7.7426e+14    3.19951842e-23     
   1.0000        5.9948e+19    1.2915e+15    3.19951842e-23     
   1.0000        5.9948e+19    2.1544e+15    3.19951842e-23     
   1.0000        5.9948e+19    3.5938e+15    3.19951842e-23     
   1.0000        5.9948e+19    5.9948e+15    3.19951842e-23     
   1.0000        5.9948e+19    1.0000e+16    3.19951842e-23     
   1.0000        1.0000e+20    1.0000e+14    2.82152092e-23     
   1.0000        1.0000e+20    1.6681e+14    2.82152092e-23     
   1.0000        1.0000e+20    2.7826e+14    2.82152092e-23     
   1.0000        1.0000e+20    4.6416e+14    2.82152092e-23     
   1.0000        1.0000e+20    7.7426e+14    2.82152092e-23     
   1.0000        1.0000e+20    1.2915e+15    2.82152092e-23     
   1.0000        1.0000e+20    2.1544e+15    2.82152092e-23     
   1.0000        1.0000e+20    3.5938e+15    2.82152092e-23     
   1.0000        1.0000e+20    5.9948e+15    2.82152092e-23     
   1.0000        1.0000e+20    1.0000e+16    2.82152092e-23     
   1.2915        1.0000e+18    1.0000e+14    4.53058389e-23     
   1.2915        1.0000e+18    1.6681e+14    4.53058389e-23     
   1.2915        1.0000e+18    2.7826e+14    4.53058389e-23     
   1.2915        1.0000e+18    4.6416e+14    4.53058389e-23     
   1.2915        1.0000e+18    7.7426e+14    4.53058389e-23     
   1.2915        1.0000e+18    1.2915e+15    4.53058389e-23     
   1.2915        1.0000e+18    2.1544e+15    4.53058389e-23     
   1.2915        1.0000e+18    3.5938e+15    4.53058389e-23     
   1.2915        1.0000e+18    5.9948e+15    4.53058389e-23     
   1.2915        1.0000e+18    1.0000e+16    4.53058389e-23     
   1.2915        1.6681e+18    1.0000e+14    4.50495373e-23     
   1.2915        1.6681e+18    1.6681e+14    4.50495373e-23     
   1.2915        1.6681e+18    2.7826e+14    4.50495373e-23     
   1.2915        1.6681e+18    4.6416e+14    4.50495373e-23     
   1.2915        1.6681e+18    7.7426e+14    4.50495373e-23     
   1.2915        1.6681e+18    1.2915e+15    4.50495373e-23     
   1.2915        1.6681e+18    2.1544e+15    4.50495373e-23     
   1.2915        1.6681e+18    3.5938e+15    4.50495373e-23     
   1.2915        1.6681e+18    5.9948e+15    4.50495373e-23     
   1.2915        1.6681e+18    1.0000e+16    4.50495373e-23     
   1.2915        2.7826e+18    1.0000e+14    4.45400452e-23     
   1.2915        2.7826e+18    1.6681e+14    4.45400452e-23     
   1.2915        2.7826e+18    2.7826e+14    4.45400452e-23     
   1.2915        2.7826e+18    4.6416e+14    4.45400452e-23     
   1.2915        2.7826e+18    7.7426e+14    4.45400452e-23     
   1.2915        2.7826e+18    1.2915e+15    4.45400452e-23     
   1.2915        2.7826e+18    2.1544e+15    4.45400452e-23     
   1.2915        2.7826e+18    3.5938e+15    4.45400452e-23     
   1.2915        2.7826e+18    5.9948e+15    4.45400452e-23     
   1.2915        2.7826e+18    1.0000e+16    4.45400452e-23     
   1.2915        4.6416e+18    1.0000e+14    4.36015685e-23     
   1.2915        4.6416e+18    1.6681e+14    4.36015685e-23     
   1.2915        4.6416e+18    2.7826e+14    4.36015685e-23     
   1.2915        4.6416e+18    4.6416e+14    4.36015685e-23     
   1.2915        4.6416e+18    7.7426e+14    4.36015685e-23     
   1.2915        4.6416e+18    1.2915e+15    4.36015685e-23     
   1.2915        4.6416e+18    2.1544e+15    4.36015685e-23     
   1.2915        4.6416e+18    3.5938e+15    4.36015685e-23     
   1.2915        4.6416e+18    5.9948e+15    4.36015685e-23     
   1.2915        4.6416e+18    1.0000e+16    4.36015685e-23     
   1.2915        7.7426e+18    1.0000e+14    4.20214960e-23     
   1.2915        7.7426e+18    1.6681e+14    4.20214960e-23     
   1.2915        7.7426e+18    2.7826e+14    4.20214960e-23     
   1.2915        7.7426e+18    4.6416e+14    4.20214960e-23     
   1.2915        7.7426e+18    7.7426e+14    4.20214960e-23     
   1.2915        7.7426e+18    1.2915e+15    4.20214960e-23     
   1.2915        7.7426e+18    2.1544e+15    4.20214960e-23     
   1.2915        7.7426e+18    3.5938e+15    4.20214960e-23     
   1.2915        7.7426e+18    5.9948e+15    4.20214960e-23     
   1.2915        7.7426e+18    1.0000e+16    4.20214960e-23     
   1.2915        1.2915e+19    1.0000e+14    3.96105207e-23     
   1.2915        1.2915e+19    1.6681e+14    3.96105207e-23     
   1.2915        1.2915e+19    2.7826e+14    3.96105207e-23     
   1.2915        1.2915e+19    4.6416e+14    3.96105207e-23     
   1.2915        1.2915e+19    7.7426e+14    3.96105207e-23     
   1.2915        1.2915e+19    1.2915e+15    3.96105207e-23     
   1.2915        1.2915e+19    2.1544e+15    3.96105207e-23     
   1.2915        1.2915e+19    3.5938e+15    3.96105207e-23     
   1.2915        1.2915e+19    5.9948e+15    3.96105207e-23     
   1.2915        1.2915e+19    1.0000e+16    3.96105207e-23     
   1.2915        2.1544e+19    1.0000e+14    3.63052894e-23     
   1.2915        2.1544e+19    1.6681e+14    3.63052894e-23     
   1.2915        2.1544e+19    2.7826e+14    3.63052894e-23     
   1.2915        2.1544e+19    4.6416e+14    3.63052894e-23     
   1.2915        2.1544e+19    7.7426e+14    3.63052894e-23     
   1.2915        2.1544e+19    1.2915e+15    3.63052894e-23     
   1.2915        2.1544e+19    2.1544e+15    3.63052894e-23     
   1.2915        2.1544e+19    3.5938e+15    3.63052894e-23     
   1.2915        2.1544e+19    5.9948e+15    3.63052894e-23     
   1.2915        2.1544e+19    1.0000e+16    3.63052894e-23     
   1.2915        3.5938e+19    1.0000e+14    3.22777267e-23     
   1.2915        3.5938e+19    1.6681e+14    3.22777267e-23     
   1.2915        3.5938e+19    2.7826e+14    3.22777267e-23     
   1.2915        3.5938e+19    4.6416e+14    3.22777267e-23     
   1.2915        3.5938e+19    7.7426e+14    3.22777267e-23     
   1.2915        3.5938e+19    1.2915e+15    3.22777267e-23     
   1.2915        3.5938e+19    2.1544e+15    3.22777267e-23     
   1.2915        3.5938e+19    3.5938e+15    3.22777267e-23     
   1.2915        3.5938e+19    5.9948e+15    3.22777267e-23     
   1.2915        3.5938e+19    1.0000e+16    3.22777267e-23     
   1.2915        5.9948e+19    1.0000e+14    2.79495119e-23     
   1.2915        5.9948e+19    1.6681e+14    2.79495119e-23     
   1.2915        5.9948e+19    2.7826e+14    2.79495119e-23     
   1.2915        5.9948e+19    4.6416e+14    2.79495119e-23     
   1.2915        5.9948e+19    7.7426e+14    2.79495119e-23     
   1.2915        5.9948e+19    1.2915e+15    2.79495119e-23     
   1.2915        5.9948e+19    2.1544e+15    2.79495119e-23     
   1.2915        5.9948e+19    3.5938e+15    2.79495119e-23     
   1.2915        5.9948e+19    5.9948e+15    2.79495119e-23     
   1.2915        5.9948e+19    1.0000e+16    2.79495119e-23     
   1.2915        1.0000e+20    1.0000e+14    2.38309534e-23     
   1.2915        1.0000e+20    1.6681e+14    2.38309534e-23     
   1.2915        1.0000e+20    2.7826e+14    2.38309534e-23     
   1.2915        1.0000e+20    4.6416e+14    2.38309534e-23     
   1.2915        1.0000e+20    7.7426e+14    2.38309534e-23     
   1.2915        1.0000e+20    1.2915e+15    2.38309534e-23     
   1.2915        1.0000e+20    2.1544e+15    2.38309534e-23     
   1.2915        1.0000e+20    3.5938e+15    2.38309534e-23     
   1.2915        1.0000e+20    5.9948e+15    2.38309534e-23     
   1.2915        1.0000e+20    1.0000e+16    2.38309534e-23     
   1.6681        1.0000e+18    1.0000e+14    4.51645422e-23     
   1.6681        1.0000e+18    1.6681e+14    4.51645422e-23     
   1.6681        1.0000e+18    2.7826e+14    4.51645422e-23     
   1.6681        1.0000e+18    4.6416e+14    4.51645422e-23     
   1.6681        1.0000e+18    7.7426e+14    4.51645422e-23     
   1.6681        1.0000e+18    1.2915e+15    4.51645422e-23     
   1.6681        1.0000e+18    2.1544e+15    4.51645422e-23     
   1.6681        1.0000e+18    3.5938e+15    4.51645422e-23     
   1.6681        1.0000e+18    5.9948e+15    4.51645422e-23     
   1.6681        1.0000e+18    1.0000e+16    4.51645422e-23     
   1.6681        1.6681e+18    1.0000e+14    4.47843401e-23     
   1.6681        1.6681e+18    1.6681e+14    4.47843401e-23     
   1.6681        1.6681e+18    2.7826e+14    4.47843401e-23     
   1.6681        1.6681e+18    4.6416e+14    4.47843401e-23     
   1.6681        1.6681e+18    7.7426e+14    4.47843401e-23     
   1.6681        1.6681e+18    1.2915e+15    4.47843401e-23     
   1.6681        1.6681e+18    2.1544e+15    4.47843401e-23     
   1.6681        1.6681e+18    3.5938e+15    4.47843401e-23     
   1.6681        1.6681e+18    5.9948e+15    4.47843401e-23     
   1.6681        1.6681e+18    1.0000e+16    4.47843401e-23     
   1.6681        2.7826e+18    1.0000e+14    4.40601239e-23     
   1.6681        2.7826e+18    1.6681e+14    4.40601239e-23     
   1.6681        2.7826e+18    2.7826e+14    4.40601239e-23     
   1.6681        2.7826e+18    4.6416e+14    4.40601239e-23     
   1.6681        2.7826e+18    7.7426e+14    4.40601239e-23     
   1.6681        2.7826e+18    1.2915e+15    4.40601239e-23     
   1.6681        2.7826e+18    2.1544e+15    4.40601239e-23     
   1.6681        2.7826e+18    3.5938e+15    4.40601239e-23     
   1.6681        2.7826e+18    5.9948e+15    4.40601239e-23     
   1.6681        2.7826e+18    1.0000e+16    4.40601239e-23     
   1.6681        4.6416e+18    1.0000e+14    4.27812194e-23     
   1.6681        4.6416e+18    1.6681e+14    4.27812194e-23     
   1.6681        4.6416e+18    2.7826e+14    4.27812194e-23     
   1.6681        4.6416e+18    4.6416e+14    4.27812194e-23     
   1.6681        4.6416e+18    7.7426e+14    4.27812194e-23     
   1.6681        4.6416e+18    1.2915e+15    4.27812194e-23     
   1.6681        4.6416e+18    2.1544e+15    4.27812194e-23     
   1.6681        4.6416e+18    3.5938e+15    4.27812194e-23     
   1.6681        4.6416e+18    5.9948e+15    4.27812194e-23     
   1.6681        4.6416e+18    1.0000e+16    4.27812194e-23     
   1.6681        7.7426e+18    1.0000e+14    4.07171139e-23     
   1.6681        7.7426e+18    1.6681e+14    4.07171139e-23     
   1.6681        7.7426e+18    2.7826e+14    4.07171139e-23     
   1.6681        7.7426e+18    4.6416e+14    4.07171139e-23     
   1.6681        7.7426e+18    7.7426e+14    4.07171139e-23     
   1.6681        7.7426e+18    1.2915e+15    4.07171139e-23     
   1.6681        7.7426e+18    2.1544e+15    4.07171139e-23     
   1.6681        7.7426e+18    3.5938e+15    4.07171139e-23     
   1.6681        7.7426e+18    5.9948e+15    4.07171139e-23     
   1.6681        7.7426e+18    1.0000e+16    4.07171139e-23     
   1.6681        1.2915e+19    1.0000e+14    3.77038253e-23     
   1.6681        1.2915e+19    1.6681e+14    3.77038253e-23     
   1.6681        1.2915e+19    2.7826e+14    3.77038253e-23     
   1.6681        1.2915e+19    4.6416e+14    3.77038253e-23     
   1.6681        1.2915e+19    7.7426e+14    3.77038253e-23     
   1.6681        1.2915e+19    1.2915e+15    3.77038253e-23     
   1.6681        1.2915e+19    2.1544e+15    3.77038253e-23     
   1.6681        1.2915e+19    3.5938e+15    3.77038253e-23     
   1.6681        1.2915e+19    5.9948e+15    3.77038253e-23     
   1.6681        1.2915e+19    1.0000e+16    3.77038253e-23     
   1.6681        2.1544e+19    1.0000e+14    3.37683440e-23     
   1.6681        2.1544e+19    1.6681e+14    3.37683440e-23     
   1.6681        2.1544e+19    2.7826e+14    3.37683440e-23     
   1.6681        2.1544e+19    4.6416e+14    3.37683440e-23     
   1.6681        2.1544e+19    7.7426e+14    3.37683440e-23     
   1.6681        2.1544e+19    1.2915e+15    3.37683440e-23     
   1.6681        2.1544e+19    2.1544e+15    3.37683440e-23     
   1.6681        2.1544e+19    3.5938e+15    3.37683440e-23     
   1.6681        2.1544e+19    5.9948e+15    3.37683440e-23     
   1.6681        2.1544e+19    1.0000e+16    3.37683440e-23     
   1.6681        3.5938e+19    1.0000e+14    2.92205455e-23     
   1.6681        3.5938e+19    1.6681e+14    2.92205455e-23     
   1.6681        3.5938e+19    2.7826e+14    2.92205455e-23     
   1.6681        3.5938e+19    4.6416e+14    2.92205455e-23     
   1.6681        3.5938e+19    7.7426e+14    2.92205455e-23     
   1.6681        3.5938e+19    1.2915e+15    2.92205455e-23     
   1.6681        3.5938e+19    2.1544e+15    2.92205455e-23     
   1.6681        3.5938e+19    3.5938e+15    2.92205455e-23     
   1.6681        3.5938e+19    5.9948e+15    2.92205455e-23     
   1.6681        3.5938e+19    1.0000e+16    2.92205455e-23     
   1.6681        5.9948e+19    1.0000e+14    2.45910902e-23     
   1.6681        5.9948e+19    1.6681e+14    2.45910902e-23     
   1.6681        5.9948e+19    2.7826e+14    2.45910902e-23     
   1.6681        5.9948e+19    4.6416e+14    2.45910902e-23     
   1.6681        5.9948e+19    7.7426e+14    2.45910902e-23     
   1.6681        5.9948e+19    1.2915e+15    2.45910902e-23     
   1.6681        5.9948e+19    2.1544e+15    2.45910902e-23     
   1.6681        5.9948e+19    3.5938e+15    2.45910902e-23     
   1.6681        5.9948e+19    5.9948e+15    2.45910902e-23     
   1.6681        5.9948e+19    1.0000e+16    2.45910902e-23     
   1.6681        1.0000e+20    1.0000e+14    2.03955860e-23     
   1.6681        1.0000e+20    1.6681e+14    2.03955860e-23     
   1.6681        1.0000e+20    2.7826e+14    2.03955860e-23     
   1.6681        1.0000e+20    4.6416e+14    2.03955860e-23     
   1.6681        1.0000e+20    7.7426e+14    2.03955860e-23     
   1.6681        1.0000e+20    1.2915e+15    2.03955860e-23     
   1.6681        1.0000e+20    2.1544e+15    2.03955860e-23     
   1.6681        1.0000e+20    3.5938e+15    2.03955860e-23     
   1.6681        1.0000e+20    5.9948e+15    2.03955860e-23     
   1.6681        1.0000e+20    1.0000e+16    2.03955860e-23     
   2.1544        1.0000e+18    1.0000e+14    4.50146858e-23     
   2.1544        1.0000e+18    1.6681e+14    4.50146858e-23     
   2.1544        1.0000e+18    2.7826e+14    4.50146858e-23     
   2.1544        1.0000e+18    4.6416e+14    4.50146858e-23     
   2.1544        1.0000e+18    7.7426e+14    4.50146858e-23     
   2.1544        1.0000e+18    1.2915e+15    4.50146858e-23     
   2.1544        1.0000e+18    2.1544e+15    4.50146858e-23     
   2.1544        1.0000e+18    3.5938e+15    4.50146858e-23     
   2.1544        1.0000e+18    5.9948e+15    4.50146858e-23     
   2.1544        1.0000e+18    1.0000e+16    4.50146858e-23     
   2.1544        1.6681e+18    1.0000e+14    4.45061494e-23     
   2.1544        1.6681e+18    1.6681e+14    4.45061494e-23     
   2.1544        1.6681e+18    2.7826e+14    4.45061494e-23     
   2.1544        1.6681e+18    4.6416e+14    4.45061494e-23     
   2.1544        1.6681e+18    7.7426e+14    4.45061494e-23     
   2.1544        1.6681e+18    1.2915e+15    4.45061494e-23     
   2.1544        1.6681e+18    2.1544e+15    4.45061494e-23     
   2.1544        1.6681e+18    3.5938e+15    4.45061494e-23     
   2.1544        1.6681e+18    5.9948e+15    4.45061494e-23     
   2.1544        1.6681e+18    1.0000e+16    4.45061494e-23     
   2.1544        2.7826e+18    1.0000e+14    4.35661050e-23     
   2.1544        2.7826e+18    1.6681e+14    4.35661050e-23     
   2.1544        2.7826e+18    2.7826e+14    4.35661050e-23     
   2.1544        2.7826e+18    4.6416e+14    4.35661050e-23     
   2.1544        2.7826e+18    7.7426e+14    4.35661050e-23     
   2.1544        2.7826e+18    1.2915e+15    4.35661050e-23     
   2.1544        2.7826e+18    2.1544e+15    4.35661050e-23     
   2.1544        2.7826e+18    3.5938e+15    4.35661050e-23     
   2.1544        2.7826e+18    5.9948e+15    4.35661050e-23     
   2.1544        2.7826e+18    1.0000e+16    4.35661050e-23     
   2.1544        4.6416e+18    1.0000e+14    4.19586781e-23     
   2.1544        4.6416e+18    1.6681e+14    4.19586781e-23     
   2.1544        4.6416e+18    2.7826e+14    4.19586781e-23     
   2.1544        4.6416e+18    4.6416e+14    4.19586781e-23     
   2.1544        4.6416e+18    7.7426e+14    4.19586781e-23     
   2.1544        4.6416e+18    1.2915e+15    4.19586781e-23     
   2.1544        4.6416e+18    2.1544e+15    4.19586781e-23     
   2.1544        4.6416e+18    3.5938e+15    4.19586781e-23     
   2.1544        4.6416e+18    5.9948e+15    4.19586781e-23     
   2.1544        4.6416e+18    1.0000e+16    4.19586781e-23     
   2.1544        7.7426e+18    1.0000e+14    3.94523094e-23     
   2.1544        7.7426e+18    1.6681e+14    3.94523094e-23     
   2.1544        7.7426e+18    2.7826e+14    3.94523094e-23     
   2.1544        7.7426e+18    4.6416e+14    3.94523094e-23     
   2.1544        7.7426e+18    7.7426e+14    3.94523094e-23     
   2.1544        7.7426e+18    1.2915e+15    3.94523094e-23     
   2.1544        7.7426e+18    2.1544e+15    3.94523094e-23     
   2.1544        7.7426e+18    3.5938e+15    3.94523094e-23     
   2.1544        7.7426e+18    5.9948e+15    3.94523094e-23     
   2.1544        7.7426e+18    1.0000e+16    3.94523094e-23     
   2.1544        1.2915e+19    1.0000e+14    3.59297075e-23     
   2.1544        1.2915e+19    1.6681e+14    3.59297075e-23     
   2.1544        1.2915e+19    2.7826e+14    3.59297075e-23     
   2.1544        1.2915e+19    4.6416e+14    3.59297075e-23     
   2.1544        1.2915e+19    7.7426e+14    3.59297075e-23     
   2.1544        1.2915e+19    1.2915e+15    3.59297075e-23     
   2.1544        1.2915e+19    2.1544e+15    3.59297075e-23     
   2.1544        1.2915e+19    3.5938e+15    3.59297075e-23     
   2.1544        1.2915e+19    5.9948e+15    3.59297075e-23     
   2.1544        1.2915e+19    1.0000e+16    3.59297075e-23     
   2.1544        2.1544e+19    1.0000e+14    3.15204692e-23     
   2.1544        2.1544e+19    1.6681e+14    3.15204692e-23     
   2.1544        2.1544e+19    2.7826e+14    3.15204692e-23     
   2.1544        2.1544e+19    4.6416e+14    3.15204692e-23     
   2.1544        2.1544e+19    7.7426e+14    3.15204692e-23     
   2.1544        2.1544e+19    1.2915e+15    3.15204692e-23     
   2.1544        2.1544e+19    2.1544e+15    3.15204692e-23     
   2.1544        2.1544e+19    3.5938e+15    3.15204692e-23     
   2.1544        2.1544e+19    5.9948e+15    3.15204692e-23     
   2.1544        2.1544e+19    1.0000e+16    3.15204692e-23     
   2.1544        3.5938e+19    1.0000e+14    2.66535791e-23     
   2.1544        3.5938e+19    1.6681e+14    2.66535791e-23     
   2.1544        3.5938e+19    2.7826e+14    2.66535791e-23     
   2.1544        3.5938e+19    4.6416e+14    2.66535791e-23     
   2.1544        3.5938e+19    7.7426e+14    2.66535791e-23     
   2.1544        3.5938e+19    1.2915e+15    2.66535791e-23     
   2.1544        3.5938e+19    2.1544e+15    2.66535791e-23     
   2.1544        3.5938e+19    3.5938e+15    2.66535791e-23     
   2.1544        3.5938e+19    5.9948e+15    2.66535791e-23     
   2.1544        3.5938e+19    1.0000e+16    2.66535791e-23     
   2.1544        5.9948e+19    1.0000e+14    2.19171125e-23     
   2.1544        5.9948e+19    1.6681e+14    2.19171125e-23     
   2.1544        5.9948e+19    2.7826e+14    2.19171125e-23     
   2.1544        5.9948e+19    4.6416e+14    2.19171125e-23     
   2.1544        5.9948e+19    7.7426e+14    2.19171125e-23     
   2.1544        5.9948e+19    1.2915e+15    2.19171125e-23     
   2.1544        5.9948e+19    2.1544e+15    2.19171125e-23     
   2.1544        5.9948e+19    3.5938e+15    2.19171125e-23     
   2.1544        5.9948e+19    5.9948e+15    2.19171125e-23     
   2.1544        5.9948e+19    1.0000e+16    2.19171125e-23     
   2.1544        1.0000e+20    1.0000e+14    1.77843189e-23     
   2.1544        1.0000e+20    1.6681e+14    1.77843189e-23     
   2.1544        1.0000e+20    2.7826e+14    1.77843189e-23     
   2.1544        1.0000e+20    4.6416e+14    1.77843189e-23     
   2.1544        1.0000e+20    7.7426e+14    1.77843189e-23     
   2.1544        1.0000e+20    1.2915e+15    1.77843189e-23     
   2.1544        1.0000e+20    2.1544e+15    1.77843189e-23     
   2.1544        1.0000e+20    3.5938e+15    1.77843189e-23     
   2.1544        1.0000e+20    5.9948e+15    1.77843189e-23     
   2.1544        1.0000e+20    1.0000e+16    1.77843189e-23     
   2.7826        1.0000e+18    1.0000e+14    4.48665447e-23     
   2.7826        1.0000e+18    1.6681e+14    4.48665447e-23     
   2.7826        1.0000e+18    2.7826e+14    4.48665447e-23     
   2.7826        1.0000e+18    4.6416e+14    4.48665447e-23     
   2.7826        1.0000e+18    7.7426e+14    4.48665447e-23     
   2.7826        1.0000e+18    1.2915e+15    4.48665447e-23     
   2.7826        1.0000e+18    2.1544e+15    4.48665447e-23     
   2.7826        1.0000e+18    3.5938e+15    4.48665447e-23     
   2.7826        1.0000e+18    5.9948e+15    4.48665447e-23     
   2.7826        1.0000e+18    1.0000e+16    4.48665447e-23     
   2.7826        1.6681e+18    1.0000e+14    4.42338900e-23     
   2.7826        1.6681e+18    1.6681e+14    4.42338900e-23     
   2.7826        1.6681e+18    2.7826e+14    4.42338900e-23     
   2.7826        1.6681e+18    4.6416e+14    4.42338900e-23     
   2.7826        1.6681e+18    7.7426e+14    4.42338900e-23     
   2.7826        1.6681e+18    1.2915e+15    4.42338900e-23     
   2.7826        1.6681e+18    2.1544e+15    4.42338900e-23     
   2.7826        1.6681e+18    3.5938e+15    4.42338900e-23     
   2.7826        1.6681e+18    5.9948e+15    4.42338900e-23     
   2.7826        1.6681e+18    1.0000e+16    4.42338900e-23     
   2.7826        2.7826e+18    1.0000e+14    4.30906656e-23     
   2.7826        2.7826e+18    1.6681e+14    4.30906656e-23     
   2.7826        2.7826e+18    2.7826e+14    4.30906656e-23     
   2.7826        2.7826e+18    4.6416e+14    4.30906656e-23     
   2.7826        2.7826e+18    7.7426e+14    4.30906656e-23     
   2.7826        2.7826e+18    1.2915e+15    4.30906656e-23     
   2.7826        2.7826e+18    2.1544e+15    4.30906656e-23     
   2.7826        2.7826e+18    3.5938e+15    4.30906656e-23     
   2.7826        2.7826e+18    5.9948e+15    4.30906656e-23     
   2.7826        2.7826e+18    1.0000e+16    4.30906656e-23     
   2.7826        4.6416e+18    1.0000e+14    4.11852072e-23     
   2.7826        4.6416e+18    1.6681e+14    4.11852072e-23     
   2.7826        4.6416e+18    2.7826e+14    4.11852072e-23     
   2.7826        4.6416e+18    4.6416e+14    4.11852072e-23     
   2.7826        4.6416e+18    7.7426e+14    4.11852072e-23     
   2.7826        4.6416e+18    1.2915e+15    4.11852072e-23     
   2.7826        4.6416e+18    2.1544e+15    4.11852072e-23     
   2.7826        4.6416e+18    3.5938e+15    4.11852072e-23     
   2.7826        4.6416e+18    5.9948e+15    4.11852072e-23     
   2.7826        4.6416e+18    1.0000e+16    4.11852072e-23     
   2.7826        7.7426e+18    1.0000e+14    3.82976919e-23     
   2.7826        7.7426e+18    1.6681e+14    3.82976919e-23     
   2.7826        7.7426e+18    2.7826e+14    3.82976919e-23     
   2.7826        7.7426e+18    4.6416e+14    3.82976919e-23     
   2.7826        7.7426e+18    7.7426e+14    3.82976919e-23     
   2.7826        7.7426e+18    1.2915e+15    3.82976919e-23     
   2.7826        7.7426e+18    2.1544e+15    3.82976919e-23     
   2.7826        7.7426e+18    3.5938e+15    3.82976919e-23     
   2.7826        7.7426e+18    5.9948e+15    3.82976919e-23     
   2.7826        7.7426e+18    1.0000e+16    3.82976919e-23     
   2.7826        1.2915e+19    1.0000e+14    3.43681629e-23     
   2.7826        1.2915e+19    1.6681e+14    3.43681629e-23     
   2.7826        1.2915e+19    2.7826e+14    3.43681629e-23     
   2.7826        1.2915e+19    4.6416e+14    3.43681629e-23     
   2.7826        1.2915e+19    7.7426e+14    3.43681629e-23     
   2.7826        1.2915e+19    1.2915e+15    3.43681629e-23     
   2.7826        1.2915e+19    2.1544e+15    3.43681629e-23     
   2.7826        1.2915e+19    3.5938e+15    3.43681629e-23     
   2.7826        1.2915e+19    5.9948e+15    3.43681629e-23     
   2.7826        1.2915e+19    1.0000e+16    3.43681629e-23     
   2.7826        2.1544e+19    1.0000e+14    2.96241860e-23     
   2.7826        2.1544e+19    1.6681e+14    2.96241860e-23     
   2.7826        2.1544e+19    2.7826e+14    2.96241860e-23     
   2.7826        2.1544e+19    4.6416e+14    2.96241860e-23     
   2.7826        2.1544e+19    7.7426e+14    2.96241860e-23     
   2.7826        2.1544e+19    1.2915e+15    2.96241860e-23     
   2.7826        2.1544e+19    2.1544e+15    2.96241860e-23     
   2.7826        2.1544e+19    3.5938e+15    2.96241860e-23     
   2.7826        2.1544e+19    5.9948e+15    2.96241860e-23     
   2.7826        2.1544e+19    1.0000e+16    2.96241860e-23     
   2.7826        3.5938e+19    1.0000e+14    2.45835295e-23     
   2.7826        3.5938e+19    1.6681e+14    2.45835295e-23     
   2.7826        3.5938e+19    2.7826e+14    2.45835295e-23     
   2.7826        3.5938e+19    4.6416e+14    2.45835295e-23     
   2.7826        3.5938e+19    7.7426e+14    2.45835295e-23     
   2.7826        3.5938e+19    1.2915e+15    2.45835295e-23     
   2.7826        3.5938e+19    2.1544e+15    2.45835295e-23     
   2.7826        3.5938e+19    3.5938e+15    2.45835295e-23     
   2.7826        3.5938e+19    5.9948e+15    2.45835295e-23     
   2.7826        3.5938e+19    1.0000e+16    2.45835295e-23     
   2.7826        5.9948e+19    1.0000e+14    1.98502531e-23     
   2.7826        5.9948e+19    1.6681e+14    1.98502531e-23     
   2.7826        5.9948e+19    2.7826e+14    1.98502531e-23     
   2.7826        5.9948e+19    4.6416e+14    1.98502531e-23     
   2.7826        5.9948e+19    7.7426e+14    1.98502531e-23     
   2.7826        5.9948e+19    1.2915e+15    1.98502531e-23     
   2.7826        5.9948e+19    2.1544e+15    1.98502531e-23     
   2.7826        5.9948e+19    3.5938e+15    1.98502531e-23     
   2.7826        5.9948e+19    5.9948e+15    1.98502531e-23     
   2.7826        5.9948e+19    1.0000e+16    1.98502531e-23     
   2.7826        1.0000e+20    1.0000e+14    1.58350307e-23     
   2.7826        1.0000e+20    1.6681e+14    1.58350307e-23     
   2.7826        1.0000e+20    2.7826e+14    1.58350307e-23     
   2.7826        1.0000e+20    4.6416e+14    1.58350307e-23     
   2.7826        1.0000e+20    7.7426e+14    1.58350307e-23     
   2.7826        1.0000e+20    1.2915e+15    1.58350307e-23     
   2.7826        1.0000e+20    2.1544e+15    1.58350307e-23     
   2.7826        1.0000e+20    3.5938e+15    1.58350307e-23     
   2.7826        1.0000e+20    5.9948e+15    1.58350307e-23     
   2.7826        1.0000e+20    1.0000e+16    1.58350307e-23     
   3.5938        1.0000e+18    1.0000e+14    4.47303905e-23     
   3.5938        1.0000e+18    1.6681e+14    4.47303905e-23     
   3.5938        1.0000e+18    2.7826e+14    4.47303905e-23     
   3.5938        1.0000e+18    4.6416e+14    4.47303905e-23     
   3.5938        1.0000e+18    7.7426e+14    4.47303905e-23     
   3.5938        1.0000e+18    1.2915e+15    4.47303905e-23     
   3.5938        1.0000e+18    2.1544e+15    4.47303905e-23     
   3.5938        1.0000e+18    3.5938e+15    4.47303905e-23     
   3.5938        1.0000e+18    5.9948e+15    4.47303905e-23     
   3.5938        1.0000e+18    1.0000e+16    4.47303905e-23     
   3.5938        1.6681e+18    1.0000e+14    4.39857622e-23     
   3.5938        1.6681e+18    1.6681e+14    4.39857622e-23     
   3.5938        1.6681e+18    2.7826e+14    4.39857622e-23     
   3.5938        1.6681e+18    4.6416e+14    4.39857622e-23     
   3.5938        1.6681e+18    7.7426e+14    4.39857622e-23     
   3.5938        1.6681e+18    1.2915e+15    4.39857622e-23     
   3.5938        1.6681e+18    2.1544e+15    4.39857622e-23     
   3.5938        1.6681e+18    3.5938e+15    4.39857622e-23     
   3.5938        1.6681e+18    5.9948e+15    4.39857622e-23     
   3.5938        1.6681e+18    1.0000e+16    4.39857622e-23     
   3.5938        2.7826e+18    1.0000e+14    4.26633512e-23     
   3.5938        2.7826e+18    1.6681e+14    4.26633512e-23     
   3.5938        2.7826e+18    2.7826e+14    4.26633512e-23     
   3.5938        2.7826e+18    4.6416e+14    4.26633512e-23     
   3.5938        2.7826e+18    7.7426e+14    4.26633512e-23     
   3.5938        2.7826e+18    1.2915e+15    4.26633512e-23     
   3.5938        2.7826e+18    2.1544e+15    4.26633512e-23     
   3.5938        2.7826e+18    3.5938e+15    4.26633512e-23     
   3.5938        2.7826e+18    5.9948e+15    4.26633512e-23     
   3.5938        2.7826e+18    1.0000e+16    4.26633512e-23     
   3.5938        4.6416e+18    1.0000e+14    4.05032832e-23     
   3.5938        4.6416e+18    1.6681e+14    4.05032832e-23     
   3.5938        4.6416e+18    2.7826e+14    4.05032832e-23     
   3.5938        4.6416e+18    4.6416e+14    4.05032832e-23     
   3.5938        4.6416e+18    7.7426e+14    4.05032832e-23     
   3.5938        4.6416e+18    1.2915e+15    4.05032832e-23     
   3.5938        4.6416e+18    2.1544e+15    4.05032832e-23     
   3.5938        4.6416e+18    3.5938e+15    4.05032832e-23     
   3.5938        4.6416e+18    5.9948e+15    4.05032832e-23     
   3.5938        4.6416e+18    1.0000e+16    4.05032832e-23     
   3.5938        7.7426e+18    1.0000e+14    3.73046782e-23     
   3.5938        7.7426e+18    1.6681e+14    3.73046782e-23     
   3.5938        7.7426e+18    2.7826e+14    3.73046782e-23     
   3.5938        7.7426e+18    4.6416e+14    3.73046782e-23     
   3.5938        7.7426e+18    7.7426e+14    3.73046782e-23     
   3.5938        7.7426e+18    1.2915e+15    3.73046782e-23     
   3.5938        7.7426e+18    2.1544e+15    3.73046782e-23     
   3.5938        7.7426e+18    3.5938e+15    3.73046782e-23     
   3.5938        7.7426e+18    5.9948e+15    3.73046782e-23     
   3.5938        7.7426e+18    1.0000e+16    3.73046782e-23     
   3.5938        1.2915e+19    1.0000e+14    3.30654778e-23     
   3.5938        1.2915e+19    1.6681e+14    3.30654778e-23     
   3.5938        1.2915e+19    2.7826e+14    3.30654778e-23     
   3.5938        1.2915e+19    4.6416e+14    3.30654778e-23     
   3.5938        1.2915e+19    7.7426e+14    3.30654778e-23     
   3.5938        1.2915e+19    1.2915e+15    3.30654778e-23     
   3.5938        1.2915e+19    2.1544e+15    3.30654778e-23     
   3.5938        1.2915e+19    3.5938e+15    3.30654778e-23     
   3.5938        1.2915e+19    5.9948e+15    3.30654778e-23     
   3.5938        1.2915e+19    1.0000e+16    3.30654778e-23     
   3.5938        2.1544e+19    1.0000e+14    2.80962729e-23     
   3.5938        2.1544e+19    1.6681e+14    2.80962729e-23     
   3.5938        2.1544e+19    2.7826e+14    2.80962729e-23     
   3.5938        2.1544e+19    4.6416e+14    2.80962729e-23     
   3.5938        2.1544e+19    7.7426e+14    2.80962729e-23     
   3.5938        2.1544e+19    1.2915e+15    2.80962729e-23     
   3.5938        2.1544e+19    2.1544e+15    2.80962729e-23     
   3.5938        2.1544e+19    3.5938e+15    2.80962729e-23     
   3.5938        2.1544e+19    5.9948e+15    2.80962729e-23     
   3.5938        2.1544e+19    1.0000e+16    2.80962729e-23     
   3.5938        3.5938e+19    1.0000e+14    2.29737541e-23     
   3.5938        3.5938e+19    1.6681e+14    2.29737541e-23     
   3.5938        3.5938e+19    2.7826e+14    2.29737541e-23     
   3.5938        3.5938e+19    4.6416e+14    2.29737541e-23     
   3.5938        3.5938e+19    7.7426e+14    2.29737541e-23     
   3.5938        3.5938e+19    1.2915e+15    2.29737541e-23     
   3.5938        3.5938e+19    2.1544e+15    2.29737541e-23     
   3.5938        3.5938e+19    3.5938e+15    2.29737541e-23     
   3.5938        3.5938e+19    5.9948e+15    2.29737541e-23     
   3.5938        3.5938e+19    1.0000e+16    2.29737541e-23     
   3.5938        5.9948e+19    1.0000e+14    1.82928747e-23     
   3.5938        5.9948e+19    1.6681e+14    1.82928747e-23     
   3.5938        5.9948e+19    2.7826e+14    1.82928747e-23     
   3.5938        5.9948e+19    4.6416e+14    1.82928747e-23     
   3.5938        5.9948e+19    7.7426e+14    1.82928747e-23     
   3.5938        5.9948e+19    1.2915e+15    1.82928747e-23     
   3.5938        5.9948e+19    2.1544e+15    1.82928747e-23     
   3.5938        5.9948e+19    3.5938e+15    1.82928747e-23     
   3.5938        5.9948e+19    5.9948e+15    1.82928747e-23     
   3.5938        5.9948e+19    1.0000e+16    1.82928747e-23     
   3.5938        1.0000e+20    1.0000e+14    1.44009676e-23     
   3.5938        1.0000e+20    1.6681e+14    1.44009676e-23     
   3.5938        1.0000e+20    2.7826e+14    1.44009676e-23     
   3.5938        1.0000e+20    4.6416e+14    1.44009676e-23     
   3.5938        1.0000e+20    7.7426e+14    1.44009676e-23     
   3.5938        1.0000e+20    1.2915e+15    1.44009676e-23     
   3.5938        1.0000e+20    2.1544e+15    1.44009676e-23     
   3.5938        1.0000e+20    3.5938e+15    1.44009676e-23     
   3.5938        1.0000e+20    5.9948e+15    1.44009676e-23     
   3.5938        1.0000e+20    1.0000e+16    1.44009676e-23     
   4.6416        1.0000e+18    1.0000e+14    4.46150495e-23     
   4.6416        1.0000e+18    1.6681e+14    4.46150495e-23     
   4.6416        1.0000e+18    2.7826e+14    4.46150495e-23     
   4.6416        1.0000e+18    4.6416e+14    4.46150495e-23     
   4.6416        1.0000e+18    7.7426e+14    4.46150495e-23     
   4.6416        1.0000e+18    1.2915e+15    4.46150495e-23     
   4.6416        1.0000e+18    2.1544e+15    4.46150495e-23     
   4.6416        1.0000e+18    3.5938e+15    4.46150495e-23     
   4.6416        1.0000e+18    5.9948e+15    4.46150495e-23     
   4.6416        1.0000e+18    1.0000e+16    4.46150495e-23     
   4.6416        1.6681e+18    1.0000e+14    4.37768571e-23     
   4.6416        1.6681e+18    1.6681e+14    4.37768571e-23     
   4.6416        1.6681e+18    2.7826e+14    4.37768571e-23     
   4.6416        1.6681e+18    4.6416e+14    4.37768571e-23     
   4.6416        1.6681e+18    7.7426e+14    4.37768571e-23     
   4.6416        1.6681e+18    1.2915e+15    4.37768571e-23     
   4.6416        1.6681e+18    2.1544e+15    4.37768571e-23     
   4.6416        1.6681e+18    3.5938e+15    4.37768571e-23     
   4.6416        1.6681e+18    5.9948e+15    4.37768571e-23     
   4.6416        1.6681e+18    1.0000e+16    4.37768571e-23     
   4.6416        2.7826e+18    1.0000e+14    4.23072525e-23     
   4.6416        2.7826e+18    1.6681e+14    4.23072525e-23     
   4.6416        2.7826e+18    2.7826e+14    4.23072525e-23     
   4.6416        2.7826e+18    4.6416e+14    4.23072525e-23     
   4.6416        2.7826e+18    7.7426e+14    4.23072525e-23     
   4.6416        2.7826e+18    1.2915e+15    4.23072525e-23     
   4.6416        2.7826e+18    2.1544e+15    4.23072525e-23     
   4.6416        2.7826e+18    3.5938e+15    4.23072525e-23     
   4.6416        2.7826e+18    5.9948e+15    4.23072525e-23     
   4.6416        2.7826e+18    1.0000e+16    4.23072525e-23     
   4.6416        4.6416e+18    1.0000e+14    3.99431767e-23     
   4.6416        4.6416e+18    1.6681e+14    3.99431767e-23     
   4.6416        4.6416e+18    2.7826e+14    3.99431767e-23     
   4.6416        4.6416e+18    4.6416e+14    3.99431767e-23     
   4.6416        4.6416e+18    7.7426e+14    3.99431767e-23     
   4.6416        4.6416e+18    1.2915e+15    3.99431767e-23     
   4.6416        4.6416e+18    2.1544e+15    3.99431767e-23     
   4.6416        4.6416e+18    3.5938e+15    3.99431767e-23     
   4.6416        4.6416e+18    5.9948e+15    3.99431767e-23     
   4.6416        4.6416e+18    1.0000e+16    3.99431767e-23     
   4.6416        7.7426e+18    1.0000e+14    3.65044311e-23     
   4.6416        7.7426e+18    1.6681e+14    3.65044311e-23     
   4.6416        7.7426e+18    2.7826e+14    3.65044311e-23     
   4.6416        7.7426e+18    4.6416e+14    3.65044311e-23     
   4.6416        7.7426e+18    7.7426e+14    3.65044311e-23     
   4.6416        7.7426e+18    1.2915e+15    3.65044311e-23     
   4.6416        7.7426e+18    2.1544e+15    3.65044311e-23     
   4.6416        7.7426e+18    3.5938e+15    3.65044311e-23     
   4.6416        7.7426e+18    5.9948e+15    3.65044311e-23     
   4.6416        7.7426e+18    1.0000e+16    3.65044311e-23     
   4.6416        1.2915e+19    1.0000e+14    3.20400056e-23     
   4.6416        1.2915e+19    1.6681e+14    3.20400056e-23     
   4.6416        1.2915e+19    2.7826e+14    3.20400056e-23     
   4.6416        1.2915e+19    4.6416e+14    3.20400056e-23     
   4.6416        1.2915e+19    7.7426e+14    3.20400056e-23     
   4.6416        1.2915e+19    1.2915e+15    3.20400056e-23     
   4.6416        1.2915e+19    2.1544e+15    3.20400056e-23     
   4.6416        1.2915e+19    3.5938e+15    3.20400056e-23     
   4.6416        1.2915e+19    5.9948e+15    3.20400056e-23     
   4.6416        1.2915e+19    1.0000e+16    3.20400056e-23     
   4.6416        2.1544e+19    1.0000e+14    2.69246208e-23     
   4.6416        2.1544e+19    1.6681e+14    2.69246208e-23     
   4.6416        2.1544e+19    2.7826e+14    2.69246208e-23     
   4.6416        2.1544e+19    4.6416e+14    2.69246208e-23     
   4.6416        2.1544e+19    7.7426e+14    2.69246208e-23     
   4.6416        2.1544e+19    1.2915e+15    2.69246208e-23     
   4.6416        2.1544e+19    2.1544e+15    2.69246208e-23     
   4.6416        2.1544e+19    3.5938e+15    2.69246208e-23     
   4.6416        2.1544e+19    5.9948e+15    2.69246208e-23     
   4.6416        2.1544e+19    1.0000e+16    2.69246208e-23     
   4.6416        3.5938e+19    1.0000e+14    2.17704983e-23     
   4.6416        3.5938e+19    1.6681e+14    2.17704983e-23     
   4.6416        3.5938e+19    2.7826e+14    2.17704983e-23     
   4.6416        3.5938e+19    4.6416e+14    2.17704983e-23     
   4.6416        3.5938e+19    7.7426e+14    2.17704983e-23     
   4.6416        3.5938e+19    1.2915e+15    2.17704983e-23     
   4.6416        3.5938e+19    2.1544e+15    2.17704983e-23     
   4.6416        3.5938e+19    3.5938e+15    2.17704983e-23     
   4.6416        3.5938e+19    5.9948e+15    2.17704983e-23     
   4.6416        3.5938e+19    1.0000e+16    2.17704983e-23     
   4.6416        5.9948e+19    1.0000e+14    1.71529028e-23     
   4.6416        5.9948e+19    1.6681e+14    1.71529028e-23     
   4.6416        5.9948e+19    2.7826e+14    1.71529028e-23     
   4.6416        5.9948e+19    4.6416e+14    1.71529028e-23     
   4.6416        5.9948e+19    7.7426e+14    1.71529028e-23     
   4.6416        5.9948e+19    1.2915e+15    1.71529028e-23     
   4.6416        5.9948e+19    2.1544e+15    1.71529028e-23     
   4.6416        5.9948e+19    3.5938e+15    1.71529028e-23     
   4.6416        5.9948e+19    5.9948e+15    1.71529028e-23     
   4.6416        5.9948e+19    1.0000e+16    1.71529028e-23     
   4.6416        1.0000e+20    1.0000e+14    1.33654722e-23     
   4.6416        1.0000e+20    1.6681e+14    1.33654722e-23     
   4.6416        1.0000e+20    2.7826e+14    1.33654722e-23     
   4.6416        1.0000e+20    4.6416e+14    1.33654722e-23     
   4.6416        1.0000e+20    7.7426e+14    1.33654722e-23     
   4.6416        1.0000e+20    1.2915e+15    1.33654722e-23     
   4.6416        1.0000e+20    2.1544e+15    1.33654722e-23     
   4.6416        1.0000e+20    3.5938e+15    1.33654722e-23     
   4.6416        1.0000e+20    5.9948e+15    1.33654722e-23     
   4.6416        1.0000e+20    1.0000e+16    1.33654722e-23     
   5.9948        1.0000e+18    1.0000e+14    4.45268351e-23     
   5.9948        1.0000e+18    1.6681e+14    4.45268351e-23     
   5.9948        1.0000e+18    2.7826e+14    4.45268351e-23     
   5.9948        1.0000e+18    4.6416e+14    4.45268351e-23     
   5.9948        1.0000e+18    7.7426e+14    4.45268351e-23     
   5.9948        1.0000e+18    1.2915e+15    4.45268351e-23     
   5.9948        1.0000e+18    2.1544e+15    4.45268351e-23     
   5.9948        1.0000e+18    3.5938e+15    4.45268351e-23     
   5.9948        1.0000e+18    5.9948e+15    4.45268351e-23     
   5.9948        1.0000e+18    1.0000e+16    4.45268351e-23     
   5.9948        1.6681e+18    1.0000e+14    4.36175753e-23     
   5.9948        1.6681e+18    1.6681e+14    4.36175753e-23     
   5.9948        1.6681e+18    2.7826e+14    4.36175753e-23     
   5.9948        1.6681e+18    4.6416e+14    4.36175753e-23     
   5.9948        1.6681e+18    7.7426e+14    4.36175753e-23     
   5.9948        1.6681e+18    1.2915e+15    4.36175753e-23     
   5.9948        1.6681e+18    2.1544e+15    4.36175753e-23     
   5.9948        1.6681e+18    3.5938e+15    4.36175753e-23     
   5.9948        1.6681e+18    5.9948e+15    4.36175753e-23     
   5.9948        1.6681e+18    1.0000e+16    4.36175753e-23     
   5.9948        2.7826e+18    1.0000e+14    4.20372402e-23     
   5.9948        2.7826e+18    1.6681e+14    4.20372402e-23     
   5.9948        2.7826e+18    2.7826e+14    4.20372402e-23     
   5.9948        2.7826e+18    4.6416e+14    4.20372402e-23     
   5.9948        2.7826e+18    7.7426e+14    4.20372402e-23     
   5.9948        2.7826e+18    1.2915e+15    4.20372402e-23     
   5.9948        2.7826e+18    2.1544e+15    4.20372402e-23     
   5.9948        2.7826e+18    3.5938e+15    4.20372402e-23     
   5.9948        2.7826e+18    5.9948e+15    4.20372402e-23     
   5.9948        2.7826e+18    1.0000e+16    4.20372402e-23     
   5.9948        4.6416e+18    1.0000e+14    3.95220931e-23     
   5.9948        4.6416e+18    1.6681e+14    3.95220931e-23     
   5.9948        4.6416e+18    2.7826e+14    3.95220931e-23     
   5.9948        4.6416e+18    4.6416e+14    3.95220931e-23     
   5.9948        4.6416e+18    7.7426e+14    3.95220931e-23     
   5.9948        4.6416e+18    1.2915e+15    3.95220931e-23     
   5.9948        4.6416e+18    2.1544e+15    3.95220931e-23     
   5.9948        4.6416e+18    3.5938e+15    3.95220931e-23     
   5.9948        4.6416e+18    5.9948e+15    3.95220931e-23     
   5.9948        4.6416e+18    1.0000e+16    3.95220931e-23     
   5.9948        7.7426e+18    1.0000e+14    3.59100352e-23     
   5.9948        7.7426e+18    1.6681e+14    3.59100352e-23     
   5.9948        7.7426e+18    2.7826e+14    3.59100352e-23     
   5.9948        7.7426e+18    4.6416e+14    3.59100352e-23     
   5.9948        7.7426e+18    7.7426e+14    3.59100352e-23     
   5.9948        7.7426e+18    1.2915e+15    3.59100352e-23     
   5.9948        7.7426e+18    2.1544e+15    3.59100352e-23     
   5.9948        7.7426e+18    3.5938e+15    3.59100352e-23     
   5.9948        7.7426e+18    5.9948e+15    3.59100352e-23     
   5.9948        7.7426e+18    1.0000e+16    3.59100352e-23     
   5.9948        1.2915e+19    1.0000e+14    3.12899221e-23     
   5.9948        1.2915e+19    1.6681e+14    3.12899221e-23     
   5.9948        1.2915e+19    2.7826e+14    3.12899221e-23     
   5.9948        1.2915e+19    4.6416e+14    3.12899221e-23     
   5.9948        1.2915e+19    7.7426e+14    3.12899221e-23     
   5.9948        1.2915e+19    1.2915e+15    3.12899221e-23     
   5.9948        1.2915e+19    2.1544e+15    3.12899221e-23     
   5.9948        1.2915e+19    3.5938e+15    3.12899221e-23     
   5.9948        1.2915e+19    5.9948e+15    3.12899221e-23     
   5.9948        1.2915e+19    1.0000e+16    3.12899221e-23     
   5.9948        2.1544e+19    1.0000e+14    2.60819386e-23     
   5.9948        2.1544e+19    1.6681e+14    2.60819386e-23     
   5.9948        2.1544e+19    2.7826e+14    2.60819386e-23     
   5.9948        2.1544e+19    4.6416e+14    2.60819386e-23     
   5.9948        2.1544e+19    7.7426e+14    2.60819386e-23     
   5.9948        2.1544e+19    1.2915e+15    2.60819386e-23     
   5.9948        2.1544e+19    2.1544e+15    2.60819386e-23     
   5.9948        2.1544e+19    3.5938e+15    2.60819386e-23     
   5.9948        2.1544e+19    5.9948e+15    2.60819386e-23     
   5.9948        2.1544e+19    1.0000e+16    2.60819386e-23     
   5.9948        3.5938e+19    1.0000e+14    2.09181160e-23     
   5.9948        3.5938e+19    1.6681e+14    2.09181160e-23     
   5.9948        3.5938e+19    2.7826e+14    2.09181160e-23     
   5.9948        3.5938e+19    4.6416e+14    2.09181160e-23     
   5.9948        3.5938e+19    7.7426e+14    2.09181160e-23     
   5.9948        3.5938e+19    1.2915e+15    2.09181160e-23     
   5.9948        3.5938e+19    2.1544e+15    2.09181160e-23     
   5.9948        3.5938e+19    3.5938e+15    2.09181160e-23     
   5.9948        3.5938e+19    5.9948e+15    2.09181160e-23     
   5.9948        3.5938e+19    1.0000e+16    2.09181160e-23     
   5.9948        5.9948e+19    1.0000e+14    1.63534092e-23     
   5.9948        5.9948e+19    1.6681e+14    1.63534092e-23     
   5.9948        5.9948e+19    2.7826e+14    1.63534092e-23     
   5.9948        5.9948e+19    4.6416e+14    1.63534092e-23     
   5.9948        5.9948e+19    7.7426e+14    1.63534092e-23     
   5.9948        5.9948e+19    1.2915e+15    1.63534092e-23     
   5.9948        5.9948e+19    2.1544e+15    1.63534092e-23     
   5.9948        5.9948e+19    3.5938e+15    1.63534092e-23     
   5.9948        5.9948e+19    5.9948e+15    1.63534092e-23     
   5.9948        5.9948e+19    1.0000e+16    1.63534092e-23     
   5.9948        1.0000e+20    1.0000e+14    1.26414591e-23     
   5.9948        1.0000e+20    1.6681e+14    1.26414591e-23     
   5.9948        1.0000e+20    2.7826e+14    1.26414591e-23     
   5.9948        1.0000e+20    4.6416e+14    1.26414591e-23     
   5.9948        1.0000e+20    7.7426e+14    1.26414591e-23     
   5.9948        1.0000e+20    1.2915e+15    1.26414591e-23     
   5.9948        1.0000e+20    2.1544e+15    1.26414591e-23     
   5.9948        1.0000e+20    3.5938e+15    1.26414591e-23     
   5.9948        1.0000e+20    5.9948e+15    1.26414591e-23     
   5.9948        1.0000e+20    1.0000e+16    1.26414591e-23     
   7.7426        1.0000e+18    1.0000e+14    4.44689768e-23     
   7.7426        1.0000e+18    1.6681e+14    4.44689768e-23     
   7.7426        1.0000e+18    2.7826e+14    4.44689768e-23     
   7.7426        1.0000e+18    4.6416e+14    4.44689768e-23     
   7.7426        1.0000e+18    7.7426e+14    4.44689768e-23     
   7.7426        1.0000e+18    1.2915e+15    4.44689768e-23     
   7.7426        1.0000e+18    2.1544e+15    4.44689768e-23     
   7.7426        1.0000e+18    3.5938e+15    4.44689768e-23     
   7.7426        1.0000e+18    5.9948e+15    4.44689768e-23     
   7.7426        1.0000e+18    1.0000e+16    4.44689768e-23     
   7.7426        1.6681e+18    1.0000e+14    4.35129323e-23     
   7.7426        1.6681e+18    1.6681e+14    4.35129323e-23     
   7.7426        1.6681e+18    2.7826e+14    4.35129323e-23     
   7.7426        1.6681e+18    4.6416e+14    4.35129323e-23     
   7.7426        1.6681e+18    7.7426e+14    4.35129323e-23     
   7.7426        1.6681e+18    1.2915e+15    4.35129323e-23     
   7.7426        1.6681e+18    2.1544e+15    4.35129323e-23     
   7.7426        1.6681e+18    3.5938e+15    4.35129323e-23     
   7.7426        1.6681e+18    5.9948e+15    4.35129323e-23     
   7.7426        1.6681e+18    1.0000e+16    4.35129323e-23     
   7.7426        2.7826e+18    1.0000e+14    4.18595741e-23     
   7.7426        2.7826e+18    1.6681e+14    4.18595741e-23     
   7.7426        2.7826e+18    2.7826e+14    4.18595741e-23     
   7.7426        2.7826e+18    4.6416e+14    4.18595741e-23     
   7.7426        2.7826e+18    7.7426e+14    4.18595741e-23     
   7.7426        2.7826e+18    1.2915e+15    4.18595741e-23     
   7.7426        2.7826e+18    2.1544e+15    4.18595741e-23     
   7.7426        2.7826e+18    3.5938e+15    4.18595741e-23     
   7.7426        2.7826e+18    5.9948e+15    4.18595741e-23     
   7.7426        2.7826e+18    1.0000e+16    4.18595741e-23     
   7.7426        4.6416e+18    1.0000e+14    3.92450164e-23     
   7.7426        4.6416e+18    1.6681e+14    3.92450164e-23     
   7.7426        4.6416e+18    2.7826e+14    3.92450164e-23     
   7.7426        4.6416e+18    4.6416e+14    3.92450164e-23     
   7.7426        4.6416e+18    7.7426e+14    3.92450164e-23     
   7.7426        4.6416e+18    1.2915e+15    3.92450164e-23     
   7.7426        4.6416e+18    2.1544e+15    3.92450164e-23     
   7.7426        4.6416e+18    3.5938e+15    3.92450164e-23     
   7.7426        4.6416e+18    5.9948e+15    3.92450164e-23     
   7.7426        4.6416e+18    1.0000e+16    3.92450164e-23     
   7.7426        7.7426e+18    1.0000e+14    3.55198984e-23     
   7.7426        7.7426e+18    1.6681e+14    3.55198984e-23     
   7.7426        7.7426e+18    2.7826e+14    3.55198984e-23     
   7.7426        7.7426e+18    4.6416e+14    3.55198984e-23     
   7.7426        7.7426e+18    7.7426e+14    3.55198984e-23     
   7.7426        7.7426e+18    1.2915e+15    3.55198984e-23     
   7.7426        7.7426e+18    2.1544e+15    3.55198984e-23     
   7.7426        7.7426e+18    3.5938e+15    3.55198984e-23     
   7.7426        7.7426e+18    5.9948e+15    3.55198984e-23     
   7.7426        7.7426e+18    1.0000e+16    3.55198984e-23     
   7.7426        1.2915e+19    1.0000e+14    3.07999649e-23     
   7.7426        1.2915e+19    1.6681e+14    3.07999649e-23     
   7.7426        1.2915e+19    2.7826e+14    3.07999649e-23     
   7.7426        1.2915e+19    4.6416e+14    3.07999649e-23     
   7.7426        1.2915e+19    7.7426e+14    3.07999649e-23     
   7.7426        1.2915e+19    1.2915e+15    3.07999649e-23     
   7.7426        1.2915e+19    2.1544e+15    3.07999649e-23     
   7.7426        1.2915e+19    3.5938e+15    3.07999649e-23     
   7.7426        1.2915e+19    5.9948e+15    3.07999649e-23     
   7.7426        1.2915e+19    1.0000e+16    3.07999649e-23     
   7.7426        2.1544e+19    1.0000e+14    2.55343544e-23     
   7.7426        2.1544e+19    1.6681e+14    2.55343544e-23     
   7.7426        2.1544e+19    2.7826e+14    2.55343544e-23     
   7.7426        2.1544e+19    4.6416e+14    2.55343544e-23     
   7.7426        2.1544e+19    7.7426e+14    2.55343544e-23     
   7.7426        2.1544e+19    1.2915e+15    2.55343544e-23     
   7.7426        2.1544e+19    2.1544e+15    2.55343544e-23     
   7.7426        2.1544e+19    3.5938e+15    2.55343544e-23     
   7.7426        2.1544e+19    5.9948e+15    2.55343544e-23     
   7.7426        2.1544e+19    1.0000e+16    2.55343544e-23     
   7.7426        3.5938e+19    1.0000e+14    2.03655248e-23     
   7.7426        3.5938e+19    1.6681e+14    2.03655248e-23     
   7.7426        3.5938e+19    2.7826e+14    2.03655248e-23     
   7.7426        3.5938e+19    4.6416e+14    2.03655248e-23     
   7.7426        3.5938e+19    7.7426e+14    2.03655248e-23     
   7.7426        3.5938e+19    1.2915e+15    2.03655248e-23     
   7.7426        3.5938e+19    2.1544e+15    2.03655248e-23     
   7.7426        3.5938e+19    3.5938e+15    2.03655248e-23     
   7.7426        3.5938e+19    5.9948e+15    2.03655248e-23     
   7.7426        3.5938e+19    1.0000e+16    2.03655248e-23     
   7.7426        5.9948e+19    1.0000e+14    1.58331342e-23     
   7.7426        5.9948e+19    1.6681e+14    1.58331342e-23     
   7.7426        5.9948e+19    2.7826e+14    1.58331342e-23     
   7.7426        5.9948e+19    4.6416e+14    1.58331342e-23     
   7.7426        5.9948e+19    7.7426e+14    1.58331342e-23     
   7.7426        5.9948e+19    1.2915e+15    1.58331342e-23     
   7.7426        5.9948e+19    2.1544e+15    1.58331342e-23     
   7.7426        5.9948e+19    3.5938e+15    1.58331342e-23     
   7.7426        5.9948e+19    5.9948e+15    1.58331342e-23     
   7.7426        5.9948e+19    1.0000e+16    1.58331342e-23     
   7.7426        1.0000e+20    1.0000e+14    1.21650722e-23     
   7.7426        1.0000e+20    1.6681e+14    1.21650722e-23     
   7.7426        1.0000e+20    2.7826e+14    1.21650722e-23     
   7.7426        1.0000e+20    4.6416e+14    1.21650722e-23     
   7.7426        1.0000e+20    7.7426e+14    1.21650722e-23     
   7.7426        1.0000e+20    1.2915e+15    1.21650722e-23     
   7.7426        1.0000e+20    2.1544e+15    1.21650722e-23     
   7.7426        1.0000e+20    3.5938e+15    1.21650722e-23     
   7.7426        1.0000e+20    5.9948e+15    1.21650722e-23     
   7.7426        1.0000e+20    1.0000e+16    1.21650722e-23     
   10.0000       1.0000e+18    1.0000e+14    4.44416445e-23     
   10.0000       1.0000e+18    1.6681e+14    4.44416445e-23     
   10.0000       1.0000e+18    2.7826e+14    4.44416445e-23     
   10.0000       1.0000e+18    4.6416e+14    4.44416445e-23     
   10.0000       1.0000e+18    7.7426e+14    4.44416445e-23     
   10.0000       1.0000e+18    1.2915e+15    4.44416445e-23     
   10.0000       1.0000e+18    2.1544e+15    4.44416445e-23     
   10.0000       1.0000e+18    3.5938e+15    4.44416445e-23     
   10.0000       1.0000e+18    5.9948e+15    4.44416445e-23     
   10.0000       1.0000e+18    1.0000e+16    4.44416445e-23     
   10.0000       1.6681e+18    1.0000e+14    4.34628060e-23     
   10.0000       1.6681e+18    1.6681e+14    4.34628060e-23     
   10.0000       1.6681e+18    2.7826e+14    4.34628060e-23     
   10.0000       1.6681e+18    4.6416e+14    4.34628060e-23     
   10.0000       1.6681e+18    7.7426e+14    4.34628060e-23     
   10.0000       1.6681e+18    1.2915e+15    4.34628060e-23     
   10.0000       1.6681e+18    2.1544e+15    4.34628060e-23     
   10.0000       1.6681e+18    3.5938e+15    4.34628060e-23     
   10.0000       1.6681e+18    5.9948e+15    4.34628060e-23     
   10.0000       1.6681e+18    1.0000e+16    4.34628060e-23     
   10.0000       2.7826e+18    1.0000e+14    4.17727675e-23     
   10.0000       2.7826e+18    1.6681e+14    4.17727675e-23     
   10.0000       2.7826e+18    2.7826e+14    4.17727675e-23     
   10.0000       2.7826e+18    4.6416e+14    4.17727675e-23     
   10.0000       2.7826e+18    7.7426e+14    4.17727675e-23     
   10.0000       2.7826e+18    1.2915e+15    4.17727675e-23     
   10.0000       2.7826e+18    2.1544e+15    4.17727675e-23     
   10.0000       2.7826e+18    3.5938e+15    4.17727675e-23     
   10.0000       2.7826e+18    5.9948e+15    4.17727675e-23     
   10.0000       2.7826e+18    1.0000e+16    4.17727675e-23     
   10.0000       4.6416e+18    1.0000e+14    3.91067932e-23     
   10.0000       4.6416e+18    1.6681e+14    3.91067932e-23     
   10.0000       4.6416e+18    2.7826e+14    3.91067932e-23     
   10.0000       4.6416e+18    4.6416e+14    3.91067932e-23     
   10.0000       4.6416e+18    7.7426e+14    3.91067932e-23     
   10.0000       4.6416e+18    1.2915e+15    3.91067932e-23     
   10.0000       4.6416e+18    2.1544e+15    3.91067932e-23     
   10.0000       4.6416e+18    3.5938e+15    3.91067932e-23     
   10.0000       4.6416e+18    5.9948e+15    3.91067932e-23     
   10.0000       4.6416e+18    1.0000e+16    3.91067932e-23     
   10.0000       7.7426e+18    1.0000e+14    3.53215933e-23     
   10.0000       7.7426e+18    1.6681e+14    3.53215933e-23     
   10.0000       7.7426e+18    2.7826e+14    3.53215933e-23     
   10.0000       7.7426e+18    4.6416e+14    3.53215933e-23     
   10.0000       7.7426e+18    7.7426e+14    3.53215933e-23     
   10.0000       7.7426e+18    1.2915e+15    3.53215933e-23     
   10.0000       7.7426e+18    2.1544e+15    3.53215933e-23     
   10.0000       7.7426e+18    3.5938e+15    3.53215933e-23     
   10.0000       7.7426e+18    5.9948e+15    3.53215933e-23     
   10.0000       7.7426e+18    1.0000e+16    3.53215933e-23     
   10.0000       1.2915e+19    1.0000e+14    3.05467435e-23     
   10.0000       1.2915e+19    1.6681e+14    3.05467435e-23     
   10.0000       1.2915e+19    2.7826e+14    3.05467435e-23     
   10.0000       1.2915e+19    4.6416e+14    3.05467435e-23     
   10.0000       1.2915e+19    7.7426e+14    3.05467435e-23     
   10.0000       1.2915e+19    1.2915e+15    3.05467435e-23     
   10.0000       1.2915e+19    2.1544e+15    3.05467435e-23     
   10.0000       1.2915e+19    3.5938e+15    3.05467435e-23     
   10.0000       1.2915e+19    5.9948e+15    3.05467435e-23     
   10.0000       1.2915e+19    1.0000e+16    3.05467435e-23     
   10.0000       2.1544e+19    1.0000e+14    2.52463682e-23     
   10.0000       2.1544e+19    1.6681e+14    2.52463682e-23     
   10.0000       2.1544e+19    2.7826e+14    2.52463682e-23     
   10.0000       2.1544e+19    4.6416e+14    2.52463682e-23     
   10.0000       2.1544e+19    7.7426e+14    2.52463682e-23     
   10.0000       2.1544e+19    1.2915e+15    2.52463682e-23     
   10.0000       2.1544e+19    2.1544e+15    2.52463682e-23     
   10.0000       2.1544e+19    3.5938e+15    2.52463682e-23     
   10.0000       2.1544e+19    5.9948e+15    2.52463682e-23     
   10.0000       2.1544e+19    1.0000e+16    2.52463682e-23     
   10.0000       3.5938e+19    1.0000e+14    2.00681860e-23     
   10.0000       3.5938e+19    1.6681e+14    2.00681860e-23     
   10.0000       3.5938e+19    2.7826e+14    2.00681860e-23     
   10.0000       3.5938e+19    4.6416e+14    2.00681860e-23     
   10.0000       3.5938e+19    7.7426e+14    2.00681860e-23     
   10.0000       3.5938e+19    1.2915e+15    2.00681860e-23     
   10.0000       3.5938e+19    2.1544e+15    2.00681860e-23     
   10.0000       3.5938e+19    3.5938e+15    2.00681860e-23     
   10.0000       3.5938e+19    5.9948e+15    2.00681860e-23     
   10.0000       3.5938e+19    1.0000e+16    2.00681860e-23     
   10.0000       5.9948e+19    1.0000e+14    1.55440429e-23     
   10.0000       5.9948e+19    1.6681e+14    1.55440429e-23     
   10.0000       5.9948e+19    2.7826e+14    1.55440429e-23     
   10.0000       5.9948e+19    4.6416e+14    1.55440429e-23     
   10.0000       5.9948e+19    7.7426e+14    1.55440429e-23     
   10.0000       5.9948e+19    1.2915e+15    1.55440429e-23     
   10.0000       5.9948e+19    2.1544e+15    1.55440429e-23     
   10.0000       5.9948e+19    3.5938e+15    1.55440429e-23     
   10.0000       5.9948e+19    5.9948e+15    1.55440429e-23     
   10.0000       5.9948e+19    1.0000e+16    1.55440429e-23     
   10.0000       1.0000e+20    1.0000e+14    1.18893138e-23     
   10.0000       1.0000e+20    1.6681e+14    1.18893138e-23     
   10.0000       1.0000e+20    2.7826e+14    1.18893138e-23     
   10.0000       1.0000e+20    4.6416e+14    1.18893138e-23     
   10.0000       1.0000e+20    7.7426e+14    1.18893138e-23     
   10.0000       1.0000e+20    1.2915e+15    1.18893138e-23     
   10.0000       1.0000e+20    2.1544e+15    1.18893138e-23     
   10.0000       1.0000e+20    3.5938e+15    1.18893138e-23     
   10.0000       1.0000e+20    5.9948e+15    1.18893138e-23     
   10.0000       1.0000e+20    1.0000e+16    1.18893138e-23     
