#
# Output file generated by Yacora 1.5.0
# =====================================
#   Filename: 'YacoraRun_PopCoeff_n=4.dat'
#   Date of creation: 11. May 2022
#   Time of creation: 10:25:46
#   Used input file: 'H_20_11_2019.txt'
#   Performed calculation: Population Coefficient for state 'H(4)' coupled to the particle 'H-'
#
#   Please cite D. Wünderlich, M. Giacomin, R. Ritz and U. Fantz, J. Quant. Spectrosc. Radiat. Transfer 240, 2020, 106695, if you use Yacora results.
#
# Description of the used Parameters:
# ===================================
#
#   Temperatures and Densities: 
#              T_e: 10 calculated values between 1.0000 and 10.0000
#              T_i1: Fixed value 8000.0000
#              T_i4: Fixed value 8000.0000
#              T_n1: Fixed value 8000.0000
#              n_e: 10 calculated values between 1.0000e+18 and 1.0000e+20
#              n_i1: Fixed value 0.0000
#              n_i4: 10 calculated values between 1.0000e+14 and 1.0000e+16

#   Electron energy distribution function: 
#              Maxwellian
#
# Calculated Data:
# ================
#  T_e           n_e           n_i4          POP_COEFF      
   1.0000        1.0000e+18    1.0000e+14    1.55598710e-23     
   1.0000        1.0000e+18    1.6681e+14    1.55598710e-23     
   1.0000        1.0000e+18    2.7826e+14    1.55598710e-23     
   1.0000        1.0000e+18    4.6416e+14    1.55598710e-23     
   1.0000        1.0000e+18    7.7426e+14    1.55598710e-23     
   1.0000        1.0000e+18    1.2915e+15    1.55598710e-23     
   1.0000        1.0000e+18    2.1544e+15    1.55598710e-23     
   1.0000        1.0000e+18    3.5938e+15    1.55598710e-23     
   1.0000        1.0000e+18    5.9948e+15    1.55598710e-23     
   1.0000        1.0000e+18    1.0000e+16    1.55598710e-23     
   1.0000        1.6681e+18    1.0000e+14    2.25521517e-23     
   1.0000        1.6681e+18    1.6681e+14    2.25521517e-23     
   1.0000        1.6681e+18    2.7826e+14    2.25521517e-23     
   1.0000        1.6681e+18    4.6416e+14    2.25521517e-23     
   1.0000        1.6681e+18    7.7426e+14    2.25521517e-23     
   1.0000        1.6681e+18    1.2915e+15    2.25521517e-23     
   1.0000        1.6681e+18    2.1544e+15    2.25521517e-23     
   1.0000        1.6681e+18    3.5938e+15    2.25521517e-23     
   1.0000        1.6681e+18    5.9948e+15    2.25521517e-23     
   1.0000        1.6681e+18    1.0000e+16    2.25521517e-23     
   1.0000        2.7826e+18    1.0000e+14    3.07192181e-23     
   1.0000        2.7826e+18    1.6681e+14    3.07192181e-23     
   1.0000        2.7826e+18    2.7826e+14    3.07192181e-23     
   1.0000        2.7826e+18    4.6416e+14    3.07192181e-23     
   1.0000        2.7826e+18    7.7426e+14    3.07192181e-23     
   1.0000        2.7826e+18    1.2915e+15    3.07192181e-23     
   1.0000        2.7826e+18    2.1544e+15    3.07192181e-23     
   1.0000        2.7826e+18    3.5938e+15    3.07192181e-23     
   1.0000        2.7826e+18    5.9948e+15    3.07192181e-23     
   1.0000        2.7826e+18    1.0000e+16    3.07192181e-23     
   1.0000        4.6416e+18    1.0000e+14    3.88281091e-23     
   1.0000        4.6416e+18    1.6681e+14    3.88281091e-23     
   1.0000        4.6416e+18    2.7826e+14    3.88281091e-23     
   1.0000        4.6416e+18    4.6416e+14    3.88281091e-23     
   1.0000        4.6416e+18    7.7426e+14    3.88281091e-23     
   1.0000        4.6416e+18    1.2915e+15    3.88281091e-23     
   1.0000        4.6416e+18    2.1544e+15    3.88281091e-23     
   1.0000        4.6416e+18    3.5938e+15    3.88281091e-23     
   1.0000        4.6416e+18    5.9948e+15    3.88281091e-23     
   1.0000        4.6416e+18    1.0000e+16    3.88281091e-23     
   1.0000        7.7426e+18    1.0000e+14    4.51863674e-23     
   1.0000        7.7426e+18    1.6681e+14    4.51863674e-23     
   1.0000        7.7426e+18    2.7826e+14    4.51863674e-23     
   1.0000        7.7426e+18    4.6416e+14    4.51863674e-23     
   1.0000        7.7426e+18    7.7426e+14    4.51863674e-23     
   1.0000        7.7426e+18    1.2915e+15    4.51863674e-23     
   1.0000        7.7426e+18    2.1544e+15    4.51863674e-23     
   1.0000        7.7426e+18    3.5938e+15    4.51863674e-23     
   1.0000        7.7426e+18    5.9948e+15    4.51863674e-23     
   1.0000        7.7426e+18    1.0000e+16    4.51863674e-23     
   1.0000        1.2915e+19    1.0000e+14    4.82804337e-23     
   1.0000        1.2915e+19    1.6681e+14    4.82804337e-23     
   1.0000        1.2915e+19    2.7826e+14    4.82804337e-23     
   1.0000        1.2915e+19    4.6416e+14    4.82804337e-23     
   1.0000        1.2915e+19    7.7426e+14    4.82804337e-23     
   1.0000        1.2915e+19    1.2915e+15    4.82804337e-23     
   1.0000        1.2915e+19    2.1544e+15    4.82804337e-23     
   1.0000        1.2915e+19    3.5938e+15    4.82804337e-23     
   1.0000        1.2915e+19    5.9948e+15    4.82804337e-23     
   1.0000        1.2915e+19    1.0000e+16    4.82804337e-23     
   1.0000        2.1544e+19    1.0000e+14    4.73485849e-23     
   1.0000        2.1544e+19    1.6681e+14    4.73485849e-23     
   1.0000        2.1544e+19    2.7826e+14    4.73485849e-23     
   1.0000        2.1544e+19    4.6416e+14    4.73485849e-23     
   1.0000        2.1544e+19    7.7426e+14    4.73485849e-23     
   1.0000        2.1544e+19    1.2915e+15    4.73485849e-23     
   1.0000        2.1544e+19    2.1544e+15    4.73485849e-23     
   1.0000        2.1544e+19    3.5938e+15    4.73485849e-23     
   1.0000        2.1544e+19    5.9948e+15    4.73485849e-23     
   1.0000        2.1544e+19    1.0000e+16    4.73485849e-23     
   1.0000        3.5938e+19    1.0000e+14    4.26252027e-23     
   1.0000        3.5938e+19    1.6681e+14    4.26252027e-23     
   1.0000        3.5938e+19    2.7826e+14    4.26252027e-23     
   1.0000        3.5938e+19    4.6416e+14    4.26252027e-23     
   1.0000        3.5938e+19    7.7426e+14    4.26252027e-23     
   1.0000        3.5938e+19    1.2915e+15    4.26252027e-23     
   1.0000        3.5938e+19    2.1544e+15    4.26252027e-23     
   1.0000        3.5938e+19    3.5938e+15    4.26252027e-23     
   1.0000        3.5938e+19    5.9948e+15    4.26252027e-23     
   1.0000        3.5938e+19    1.0000e+16    4.26252027e-23     
   1.0000        5.9948e+19    1.0000e+14    3.52696772e-23     
   1.0000        5.9948e+19    1.6681e+14    3.52696772e-23     
   1.0000        5.9948e+19    2.7826e+14    3.52696772e-23     
   1.0000        5.9948e+19    4.6416e+14    3.52696772e-23     
   1.0000        5.9948e+19    7.7426e+14    3.52696772e-23     
   1.0000        5.9948e+19    1.2915e+15    3.52696772e-23     
   1.0000        5.9948e+19    2.1544e+15    3.52696772e-23     
   1.0000        5.9948e+19    3.5938e+15    3.52696772e-23     
   1.0000        5.9948e+19    5.9948e+15    3.52696772e-23     
   1.0000        5.9948e+19    1.0000e+16    3.52696772e-23     
   1.0000        1.0000e+20    1.0000e+14    2.69622016e-23     
   1.0000        1.0000e+20    1.6681e+14    2.69622016e-23     
   1.0000        1.0000e+20    2.7826e+14    2.69622016e-23     
   1.0000        1.0000e+20    4.6416e+14    2.69622016e-23     
   1.0000        1.0000e+20    7.7426e+14    2.69622016e-23     
   1.0000        1.0000e+20    1.2915e+15    2.69622016e-23     
   1.0000        1.0000e+20    2.1544e+15    2.69622016e-23     
   1.0000        1.0000e+20    3.5938e+15    2.69622016e-23     
   1.0000        1.0000e+20    5.9948e+15    2.69622016e-23     
   1.0000        1.0000e+20    1.0000e+16    2.69622016e-23     
   1.2915        1.0000e+18    1.0000e+14    1.89382110e-23     
   1.2915        1.0000e+18    1.6681e+14    1.89382110e-23     
   1.2915        1.0000e+18    2.7826e+14    1.89382110e-23     
   1.2915        1.0000e+18    4.6416e+14    1.89382110e-23     
   1.2915        1.0000e+18    7.7426e+14    1.89382110e-23     
   1.2915        1.0000e+18    1.2915e+15    1.89382110e-23     
   1.2915        1.0000e+18    2.1544e+15    1.89382110e-23     
   1.2915        1.0000e+18    3.5938e+15    1.89382110e-23     
   1.2915        1.0000e+18    5.9948e+15    1.89382110e-23     
   1.2915        1.0000e+18    1.0000e+16    1.89382110e-23     
   1.2915        1.6681e+18    1.0000e+14    2.68515738e-23     
   1.2915        1.6681e+18    1.6681e+14    2.68515738e-23     
   1.2915        1.6681e+18    2.7826e+14    2.68515738e-23     
   1.2915        1.6681e+18    4.6416e+14    2.68515738e-23     
   1.2915        1.6681e+18    7.7426e+14    2.68515738e-23     
   1.2915        1.6681e+18    1.2915e+15    2.68515738e-23     
   1.2915        1.6681e+18    2.1544e+15    2.68515738e-23     
   1.2915        1.6681e+18    3.5938e+15    2.68515738e-23     
   1.2915        1.6681e+18    5.9948e+15    2.68515738e-23     
   1.2915        1.6681e+18    1.0000e+16    2.68515738e-23     
   1.2915        2.7826e+18    1.0000e+14    3.55810822e-23     
   1.2915        2.7826e+18    1.6681e+14    3.55810822e-23     
   1.2915        2.7826e+18    2.7826e+14    3.55810822e-23     
   1.2915        2.7826e+18    4.6416e+14    3.55810822e-23     
   1.2915        2.7826e+18    7.7426e+14    3.55810822e-23     
   1.2915        2.7826e+18    1.2915e+15    3.55810822e-23     
   1.2915        2.7826e+18    2.1544e+15    3.55810822e-23     
   1.2915        2.7826e+18    3.5938e+15    3.55810822e-23     
   1.2915        2.7826e+18    5.9948e+15    3.55810822e-23     
   1.2915        2.7826e+18    1.0000e+16    3.55810822e-23     
   1.2915        4.6416e+18    1.0000e+14    4.35649604e-23     
   1.2915        4.6416e+18    1.6681e+14    4.35649604e-23     
   1.2915        4.6416e+18    2.7826e+14    4.35649604e-23     
   1.2915        4.6416e+18    4.6416e+14    4.35649604e-23     
   1.2915        4.6416e+18    7.7426e+14    4.35649604e-23     
   1.2915        4.6416e+18    1.2915e+15    4.35649604e-23     
   1.2915        4.6416e+18    2.1544e+15    4.35649604e-23     
   1.2915        4.6416e+18    3.5938e+15    4.35649604e-23     
   1.2915        4.6416e+18    5.9948e+15    4.35649604e-23     
   1.2915        4.6416e+18    1.0000e+16    4.35649604e-23     
   1.2915        7.7426e+18    1.0000e+14    4.89847226e-23     
   1.2915        7.7426e+18    1.6681e+14    4.89847226e-23     
   1.2915        7.7426e+18    2.7826e+14    4.89847226e-23     
   1.2915        7.7426e+18    4.6416e+14    4.89847226e-23     
   1.2915        7.7426e+18    7.7426e+14    4.89847226e-23     
   1.2915        7.7426e+18    1.2915e+15    4.89847226e-23     
   1.2915        7.7426e+18    2.1544e+15    4.89847226e-23     
   1.2915        7.7426e+18    3.5938e+15    4.89847226e-23     
   1.2915        7.7426e+18    5.9948e+15    4.89847226e-23     
   1.2915        7.7426e+18    1.0000e+16    4.89847226e-23     
   1.2915        1.2915e+19    1.0000e+14    5.04874940e-23     
   1.2915        1.2915e+19    1.6681e+14    5.04874940e-23     
   1.2915        1.2915e+19    2.7826e+14    5.04874940e-23     
   1.2915        1.2915e+19    4.6416e+14    5.04874940e-23     
   1.2915        1.2915e+19    7.7426e+14    5.04874940e-23     
   1.2915        1.2915e+19    1.2915e+15    5.04874940e-23     
   1.2915        1.2915e+19    2.1544e+15    5.04874940e-23     
   1.2915        1.2915e+19    3.5938e+15    5.04874940e-23     
   1.2915        1.2915e+19    5.9948e+15    5.04874940e-23     
   1.2915        1.2915e+19    1.0000e+16    5.04874940e-23     
   1.2915        2.1544e+19    1.0000e+14    4.76919440e-23     
   1.2915        2.1544e+19    1.6681e+14    4.76919440e-23     
   1.2915        2.1544e+19    2.7826e+14    4.76919440e-23     
   1.2915        2.1544e+19    4.6416e+14    4.76919440e-23     
   1.2915        2.1544e+19    7.7426e+14    4.76919440e-23     
   1.2915        2.1544e+19    1.2915e+15    4.76919440e-23     
   1.2915        2.1544e+19    2.1544e+15    4.76919440e-23     
   1.2915        2.1544e+19    3.5938e+15    4.76919440e-23     
   1.2915        2.1544e+19    5.9948e+15    4.76919440e-23     
   1.2915        2.1544e+19    1.0000e+16    4.76919440e-23     
   1.2915        3.5938e+19    1.0000e+14    4.13138975e-23     
   1.2915        3.5938e+19    1.6681e+14    4.13138975e-23     
   1.2915        3.5938e+19    2.7826e+14    4.13138975e-23     
   1.2915        3.5938e+19    4.6416e+14    4.13138975e-23     
   1.2915        3.5938e+19    7.7426e+14    4.13138975e-23     
   1.2915        3.5938e+19    1.2915e+15    4.13138975e-23     
   1.2915        3.5938e+19    2.1544e+15    4.13138975e-23     
   1.2915        3.5938e+19    3.5938e+15    4.13138975e-23     
   1.2915        3.5938e+19    5.9948e+15    4.13138975e-23     
   1.2915        3.5938e+19    1.0000e+16    4.13138975e-23     
   1.2915        5.9948e+19    1.0000e+14    3.29221487e-23     
   1.2915        5.9948e+19    1.6681e+14    3.29221487e-23     
   1.2915        5.9948e+19    2.7826e+14    3.29221487e-23     
   1.2915        5.9948e+19    4.6416e+14    3.29221487e-23     
   1.2915        5.9948e+19    7.7426e+14    3.29221487e-23     
   1.2915        5.9948e+19    1.2915e+15    3.29221487e-23     
   1.2915        5.9948e+19    2.1544e+15    3.29221487e-23     
   1.2915        5.9948e+19    3.5938e+15    3.29221487e-23     
   1.2915        5.9948e+19    5.9948e+15    3.29221487e-23     
   1.2915        5.9948e+19    1.0000e+16    3.29221487e-23     
   1.2915        1.0000e+20    1.0000e+14    2.43294010e-23     
   1.2915        1.0000e+20    1.6681e+14    2.43294010e-23     
   1.2915        1.0000e+20    2.7826e+14    2.43294010e-23     
   1.2915        1.0000e+20    4.6416e+14    2.43294010e-23     
   1.2915        1.0000e+20    7.7426e+14    2.43294010e-23     
   1.2915        1.0000e+20    1.2915e+15    2.43294010e-23     
   1.2915        1.0000e+20    2.1544e+15    2.43294010e-23     
   1.2915        1.0000e+20    3.5938e+15    2.43294010e-23     
   1.2915        1.0000e+20    5.9948e+15    2.43294010e-23     
   1.2915        1.0000e+20    1.0000e+16    2.43294010e-23     
   1.6681        1.0000e+18    1.0000e+14    2.22383087e-23     
   1.6681        1.0000e+18    1.6681e+14    2.22383087e-23     
   1.6681        1.0000e+18    2.7826e+14    2.22383087e-23     
   1.6681        1.0000e+18    4.6416e+14    2.22383087e-23     
   1.6681        1.0000e+18    7.7426e+14    2.22383087e-23     
   1.6681        1.0000e+18    1.2915e+15    2.22383087e-23     
   1.6681        1.0000e+18    2.1544e+15    2.22383087e-23     
   1.6681        1.0000e+18    3.5938e+15    2.22383087e-23     
   1.6681        1.0000e+18    5.9948e+15    2.22383087e-23     
   1.6681        1.0000e+18    1.0000e+16    2.22383087e-23     
   1.6681        1.6681e+18    1.0000e+14    3.08801476e-23     
   1.6681        1.6681e+18    1.6681e+14    3.08801476e-23     
   1.6681        1.6681e+18    2.7826e+14    3.08801476e-23     
   1.6681        1.6681e+18    4.6416e+14    3.08801476e-23     
   1.6681        1.6681e+18    7.7426e+14    3.08801476e-23     
   1.6681        1.6681e+18    1.2915e+15    3.08801476e-23     
   1.6681        1.6681e+18    2.1544e+15    3.08801476e-23     
   1.6681        1.6681e+18    3.5938e+15    3.08801476e-23     
   1.6681        1.6681e+18    5.9948e+15    3.08801476e-23     
   1.6681        1.6681e+18    1.0000e+16    3.08801476e-23     
   1.6681        2.7826e+18    1.0000e+14    3.98901819e-23     
   1.6681        2.7826e+18    1.6681e+14    3.98901819e-23     
   1.6681        2.7826e+18    2.7826e+14    3.98901819e-23     
   1.6681        2.7826e+18    4.6416e+14    3.98901819e-23     
   1.6681        2.7826e+18    7.7426e+14    3.98901819e-23     
   1.6681        2.7826e+18    1.2915e+15    3.98901819e-23     
   1.6681        2.7826e+18    2.1544e+15    3.98901819e-23     
   1.6681        2.7826e+18    3.5938e+15    3.98901819e-23     
   1.6681        2.7826e+18    5.9948e+15    3.98901819e-23     
   1.6681        2.7826e+18    1.0000e+16    3.98901819e-23     
   1.6681        4.6416e+18    1.0000e+14    4.74549023e-23     
   1.6681        4.6416e+18    1.6681e+14    4.74549023e-23     
   1.6681        4.6416e+18    2.7826e+14    4.74549023e-23     
   1.6681        4.6416e+18    4.6416e+14    4.74549023e-23     
   1.6681        4.6416e+18    7.7426e+14    4.74549023e-23     
   1.6681        4.6416e+18    1.2915e+15    4.74549023e-23     
   1.6681        4.6416e+18    2.1544e+15    4.74549023e-23     
   1.6681        4.6416e+18    3.5938e+15    4.74549023e-23     
   1.6681        4.6416e+18    5.9948e+15    4.74549023e-23     
   1.6681        4.6416e+18    1.0000e+16    4.74549023e-23     
   1.6681        7.7426e+18    1.0000e+14    5.17392917e-23     
   1.6681        7.7426e+18    1.6681e+14    5.17392917e-23     
   1.6681        7.7426e+18    2.7826e+14    5.17392917e-23     
   1.6681        7.7426e+18    4.6416e+14    5.17392917e-23     
   1.6681        7.7426e+18    7.7426e+14    5.17392917e-23     
   1.6681        7.7426e+18    1.2915e+15    5.17392917e-23     
   1.6681        7.7426e+18    2.1544e+15    5.17392917e-23     
   1.6681        7.7426e+18    3.5938e+15    5.17392917e-23     
   1.6681        7.7426e+18    5.9948e+15    5.17392917e-23     
   1.6681        7.7426e+18    1.0000e+16    5.17392917e-23     
   1.6681        1.2915e+19    1.0000e+14    5.16331823e-23     
   1.6681        1.2915e+19    1.6681e+14    5.16331823e-23     
   1.6681        1.2915e+19    2.7826e+14    5.16331823e-23     
   1.6681        1.2915e+19    4.6416e+14    5.16331823e-23     
   1.6681        1.2915e+19    7.7426e+14    5.16331823e-23     
   1.6681        1.2915e+19    1.2915e+15    5.16331823e-23     
   1.6681        1.2915e+19    2.1544e+15    5.16331823e-23     
   1.6681        1.2915e+19    3.5938e+15    5.16331823e-23     
   1.6681        1.2915e+19    5.9948e+15    5.16331823e-23     
   1.6681        1.2915e+19    1.0000e+16    5.16331823e-23     
   1.6681        2.1544e+19    1.0000e+14    4.71673599e-23     
   1.6681        2.1544e+19    1.6681e+14    4.71673599e-23     
   1.6681        2.1544e+19    2.7826e+14    4.71673599e-23     
   1.6681        2.1544e+19    4.6416e+14    4.71673599e-23     
   1.6681        2.1544e+19    7.7426e+14    4.71673599e-23     
   1.6681        2.1544e+19    1.2915e+15    4.71673599e-23     
   1.6681        2.1544e+19    2.1544e+15    4.71673599e-23     
   1.6681        2.1544e+19    3.5938e+15    4.71673599e-23     
   1.6681        2.1544e+19    5.9948e+15    4.71673599e-23     
   1.6681        2.1544e+19    1.0000e+16    4.71673599e-23     
   1.6681        3.5938e+19    1.0000e+14    3.95023840e-23     
   1.6681        3.5938e+19    1.6681e+14    3.95023840e-23     
   1.6681        3.5938e+19    2.7826e+14    3.95023840e-23     
   1.6681        3.5938e+19    4.6416e+14    3.95023840e-23     
   1.6681        3.5938e+19    7.7426e+14    3.95023840e-23     
   1.6681        3.5938e+19    1.2915e+15    3.95023840e-23     
   1.6681        3.5938e+19    2.1544e+15    3.95023840e-23     
   1.6681        3.5938e+19    3.5938e+15    3.95023840e-23     
   1.6681        3.5938e+19    5.9948e+15    3.95023840e-23     
   1.6681        3.5938e+19    1.0000e+16    3.95023840e-23     
   1.6681        5.9948e+19    1.0000e+14    3.04905641e-23     
   1.6681        5.9948e+19    1.6681e+14    3.04905641e-23     
   1.6681        5.9948e+19    2.7826e+14    3.04905641e-23     
   1.6681        5.9948e+19    4.6416e+14    3.04905641e-23     
   1.6681        5.9948e+19    7.7426e+14    3.04905641e-23     
   1.6681        5.9948e+19    1.2915e+15    3.04905641e-23     
   1.6681        5.9948e+19    2.1544e+15    3.04905641e-23     
   1.6681        5.9948e+19    3.5938e+15    3.04905641e-23     
   1.6681        5.9948e+19    5.9948e+15    3.04905641e-23     
   1.6681        5.9948e+19    1.0000e+16    3.04905641e-23     
   1.6681        1.0000e+20    1.0000e+14    2.19221630e-23     
   1.6681        1.0000e+20    1.6681e+14    2.19221630e-23     
   1.6681        1.0000e+20    2.7826e+14    2.19221630e-23     
   1.6681        1.0000e+20    4.6416e+14    2.19221630e-23     
   1.6681        1.0000e+20    7.7426e+14    2.19221630e-23     
   1.6681        1.0000e+20    1.2915e+15    2.19221630e-23     
   1.6681        1.0000e+20    2.1544e+15    2.19221630e-23     
   1.6681        1.0000e+20    3.5938e+15    2.19221630e-23     
   1.6681        1.0000e+20    5.9948e+15    2.19221630e-23     
   1.6681        1.0000e+20    1.0000e+16    2.19221630e-23     
   2.1544        1.0000e+18    1.0000e+14    2.53438823e-23     
   2.1544        1.0000e+18    1.6681e+14    2.53438823e-23     
   2.1544        1.0000e+18    2.7826e+14    2.53438823e-23     
   2.1544        1.0000e+18    4.6416e+14    2.53438823e-23     
   2.1544        1.0000e+18    7.7426e+14    2.53438823e-23     
   2.1544        1.0000e+18    1.2915e+15    2.53438823e-23     
   2.1544        1.0000e+18    2.1544e+15    2.53438823e-23     
   2.1544        1.0000e+18    3.5938e+15    2.53438823e-23     
   2.1544        1.0000e+18    5.9948e+15    2.53438823e-23     
   2.1544        1.0000e+18    1.0000e+16    2.53438823e-23     
   2.1544        1.6681e+18    1.0000e+14    3.45334505e-23     
   2.1544        1.6681e+18    1.6681e+14    3.45334505e-23     
   2.1544        1.6681e+18    2.7826e+14    3.45334505e-23     
   2.1544        1.6681e+18    4.6416e+14    3.45334505e-23     
   2.1544        1.6681e+18    7.7426e+14    3.45334505e-23     
   2.1544        1.6681e+18    1.2915e+15    3.45334505e-23     
   2.1544        1.6681e+18    2.1544e+15    3.45334505e-23     
   2.1544        1.6681e+18    3.5938e+15    3.45334505e-23     
   2.1544        1.6681e+18    5.9948e+15    3.45334505e-23     
   2.1544        1.6681e+18    1.0000e+16    3.45334505e-23     
   2.1544        2.7826e+18    1.0000e+14    4.36111559e-23     
   2.1544        2.7826e+18    1.6681e+14    4.36111559e-23     
   2.1544        2.7826e+18    2.7826e+14    4.36111559e-23     
   2.1544        2.7826e+18    4.6416e+14    4.36111559e-23     
   2.1544        2.7826e+18    7.7426e+14    4.36111559e-23     
   2.1544        2.7826e+18    1.2915e+15    4.36111559e-23     
   2.1544        2.7826e+18    2.1544e+15    4.36111559e-23     
   2.1544        2.7826e+18    3.5938e+15    4.36111559e-23     
   2.1544        2.7826e+18    5.9948e+15    4.36111559e-23     
   2.1544        2.7826e+18    1.0000e+16    4.36111559e-23     
   2.1544        4.6416e+18    1.0000e+14    5.05901969e-23     
   2.1544        4.6416e+18    1.6681e+14    5.05901969e-23     
   2.1544        4.6416e+18    2.7826e+14    5.05901969e-23     
   2.1544        4.6416e+18    4.6416e+14    5.05901969e-23     
   2.1544        4.6416e+18    7.7426e+14    5.05901969e-23     
   2.1544        4.6416e+18    1.2915e+15    5.05901969e-23     
   2.1544        4.6416e+18    2.1544e+15    5.05901969e-23     
   2.1544        4.6416e+18    3.5938e+15    5.05901969e-23     
   2.1544        4.6416e+18    5.9948e+15    5.05901969e-23     
   2.1544        4.6416e+18    1.0000e+16    5.05901969e-23     
   2.1544        7.7426e+18    1.0000e+14    5.36967548e-23     
   2.1544        7.7426e+18    1.6681e+14    5.36967548e-23     
   2.1544        7.7426e+18    2.7826e+14    5.36967548e-23     
   2.1544        7.7426e+18    4.6416e+14    5.36967548e-23     
   2.1544        7.7426e+18    7.7426e+14    5.36967548e-23     
   2.1544        7.7426e+18    1.2915e+15    5.36967548e-23     
   2.1544        7.7426e+18    2.1544e+15    5.36967548e-23     
   2.1544        7.7426e+18    3.5938e+15    5.36967548e-23     
   2.1544        7.7426e+18    5.9948e+15    5.36967548e-23     
   2.1544        7.7426e+18    1.0000e+16    5.36967548e-23     
   2.1544        1.2915e+19    1.0000e+14    5.21017348e-23     
   2.1544        1.2915e+19    1.6681e+14    5.21017348e-23     
   2.1544        1.2915e+19    2.7826e+14    5.21017348e-23     
   2.1544        1.2915e+19    4.6416e+14    5.21017348e-23     
   2.1544        1.2915e+19    7.7426e+14    5.21017348e-23     
   2.1544        1.2915e+19    1.2915e+15    5.21017348e-23     
   2.1544        1.2915e+19    2.1544e+15    5.21017348e-23     
   2.1544        1.2915e+19    3.5938e+15    5.21017348e-23     
   2.1544        1.2915e+19    5.9948e+15    5.21017348e-23     
   2.1544        1.2915e+19    1.0000e+16    5.21017348e-23     
   2.1544        2.1544e+19    1.0000e+14    4.62370107e-23     
   2.1544        2.1544e+19    1.6681e+14    4.62370107e-23     
   2.1544        2.1544e+19    2.7826e+14    4.62370107e-23     
   2.1544        2.1544e+19    4.6416e+14    4.62370107e-23     
   2.1544        2.1544e+19    7.7426e+14    4.62370107e-23     
   2.1544        2.1544e+19    1.2915e+15    4.62370107e-23     
   2.1544        2.1544e+19    2.1544e+15    4.62370107e-23     
   2.1544        2.1544e+19    3.5938e+15    4.62370107e-23     
   2.1544        2.1544e+19    5.9948e+15    4.62370107e-23     
   2.1544        2.1544e+19    1.0000e+16    4.62370107e-23     
   2.1544        3.5938e+19    1.0000e+14    3.76335247e-23     
   2.1544        3.5938e+19    1.6681e+14    3.76335247e-23     
   2.1544        3.5938e+19    2.7826e+14    3.76335247e-23     
   2.1544        3.5938e+19    4.6416e+14    3.76335247e-23     
   2.1544        3.5938e+19    7.7426e+14    3.76335247e-23     
   2.1544        3.5938e+19    1.2915e+15    3.76335247e-23     
   2.1544        3.5938e+19    2.1544e+15    3.76335247e-23     
   2.1544        3.5938e+19    3.5938e+15    3.76335247e-23     
   2.1544        3.5938e+19    5.9948e+15    3.76335247e-23     
   2.1544        3.5938e+19    1.0000e+16    3.76335247e-23     
   2.1544        5.9948e+19    1.0000e+14    2.83019424e-23     
   2.1544        5.9948e+19    1.6681e+14    2.83019424e-23     
   2.1544        5.9948e+19    2.7826e+14    2.83019424e-23     
   2.1544        5.9948e+19    4.6416e+14    2.83019424e-23     
   2.1544        5.9948e+19    7.7426e+14    2.83019424e-23     
   2.1544        5.9948e+19    1.2915e+15    2.83019424e-23     
   2.1544        5.9948e+19    2.1544e+15    2.83019424e-23     
   2.1544        5.9948e+19    3.5938e+15    2.83019424e-23     
   2.1544        5.9948e+19    5.9948e+15    2.83019424e-23     
   2.1544        5.9948e+19    1.0000e+16    2.83019424e-23     
   2.1544        1.0000e+20    1.0000e+14    1.99148446e-23     
   2.1544        1.0000e+20    1.6681e+14    1.99148446e-23     
   2.1544        1.0000e+20    2.7826e+14    1.99148446e-23     
   2.1544        1.0000e+20    4.6416e+14    1.99148446e-23     
   2.1544        1.0000e+20    7.7426e+14    1.99148446e-23     
   2.1544        1.0000e+20    1.2915e+15    1.99148446e-23     
   2.1544        1.0000e+20    2.1544e+15    1.99148446e-23     
   2.1544        1.0000e+20    3.5938e+15    1.99148446e-23     
   2.1544        1.0000e+20    5.9948e+15    1.99148446e-23     
   2.1544        1.0000e+20    1.0000e+16    1.99148446e-23     
   2.7826        1.0000e+18    1.0000e+14    2.81623363e-23     
   2.7826        1.0000e+18    1.6681e+14    2.81623363e-23     
   2.7826        1.0000e+18    2.7826e+14    2.81623363e-23     
   2.7826        1.0000e+18    4.6416e+14    2.81623363e-23     
   2.7826        1.0000e+18    7.7426e+14    2.81623363e-23     
   2.7826        1.0000e+18    1.2915e+15    2.81623363e-23     
   2.7826        1.0000e+18    2.1544e+15    2.81623363e-23     
   2.7826        1.0000e+18    3.5938e+15    2.81623363e-23     
   2.7826        1.0000e+18    5.9948e+15    2.81623363e-23     
   2.7826        1.0000e+18    1.0000e+16    2.81623363e-23     
   2.7826        1.6681e+18    1.0000e+14    3.77515410e-23     
   2.7826        1.6681e+18    1.6681e+14    3.77515410e-23     
   2.7826        1.6681e+18    2.7826e+14    3.77515410e-23     
   2.7826        1.6681e+18    4.6416e+14    3.77515410e-23     
   2.7826        1.6681e+18    7.7426e+14    3.77515410e-23     
   2.7826        1.6681e+18    1.2915e+15    3.77515410e-23     
   2.7826        1.6681e+18    2.1544e+15    3.77515410e-23     
   2.7826        1.6681e+18    3.5938e+15    3.77515410e-23     
   2.7826        1.6681e+18    5.9948e+15    3.77515410e-23     
   2.7826        1.6681e+18    1.0000e+16    3.77515410e-23     
   2.7826        2.7826e+18    1.0000e+14    4.67650385e-23     
   2.7826        2.7826e+18    1.6681e+14    4.67650385e-23     
   2.7826        2.7826e+18    2.7826e+14    4.67650385e-23     
   2.7826        2.7826e+18    4.6416e+14    4.67650385e-23     
   2.7826        2.7826e+18    7.7426e+14    4.67650385e-23     
   2.7826        2.7826e+18    1.2915e+15    4.67650385e-23     
   2.7826        2.7826e+18    2.1544e+15    4.67650385e-23     
   2.7826        2.7826e+18    3.5938e+15    4.67650385e-23     
   2.7826        2.7826e+18    5.9948e+15    4.67650385e-23     
   2.7826        2.7826e+18    1.0000e+16    4.67650385e-23     
   2.7826        4.6416e+18    1.0000e+14    5.31071085e-23     
   2.7826        4.6416e+18    1.6681e+14    5.31071085e-23     
   2.7826        4.6416e+18    2.7826e+14    5.31071085e-23     
   2.7826        4.6416e+18    4.6416e+14    5.31071085e-23     
   2.7826        4.6416e+18    7.7426e+14    5.31071085e-23     
   2.7826        4.6416e+18    1.2915e+15    5.31071085e-23     
   2.7826        4.6416e+18    2.1544e+15    5.31071085e-23     
   2.7826        4.6416e+18    3.5938e+15    5.31071085e-23     
   2.7826        4.6416e+18    5.9948e+15    5.31071085e-23     
   2.7826        4.6416e+18    1.0000e+16    5.31071085e-23     
   2.7826        7.7426e+18    1.0000e+14    5.51079500e-23     
   2.7826        7.7426e+18    1.6681e+14    5.51079500e-23     
   2.7826        7.7426e+18    2.7826e+14    5.51079500e-23     
   2.7826        7.7426e+18    4.6416e+14    5.51079500e-23     
   2.7826        7.7426e+18    7.7426e+14    5.51079500e-23     
   2.7826        7.7426e+18    1.2915e+15    5.51079500e-23     
   2.7826        7.7426e+18    2.1544e+15    5.51079500e-23     
   2.7826        7.7426e+18    3.5938e+15    5.51079500e-23     
   2.7826        7.7426e+18    5.9948e+15    5.51079500e-23     
   2.7826        7.7426e+18    1.0000e+16    5.51079500e-23     
   2.7826        1.2915e+19    1.0000e+14    5.22213800e-23     
   2.7826        1.2915e+19    1.6681e+14    5.22213800e-23     
   2.7826        1.2915e+19    2.7826e+14    5.22213800e-23     
   2.7826        1.2915e+19    4.6416e+14    5.22213800e-23     
   2.7826        1.2915e+19    7.7426e+14    5.22213800e-23     
   2.7826        1.2915e+19    1.2915e+15    5.22213800e-23     
   2.7826        1.2915e+19    2.1544e+15    5.22213800e-23     
   2.7826        1.2915e+19    3.5938e+15    5.22213800e-23     
   2.7826        1.2915e+19    5.9948e+15    5.22213800e-23     
   2.7826        1.2915e+19    1.0000e+16    5.22213800e-23     
   2.7826        2.1544e+19    1.0000e+14    4.52388162e-23     
   2.7826        2.1544e+19    1.6681e+14    4.52388162e-23     
   2.7826        2.1544e+19    2.7826e+14    4.52388162e-23     
   2.7826        2.1544e+19    4.6416e+14    4.52388162e-23     
   2.7826        2.1544e+19    7.7426e+14    4.52388162e-23     
   2.7826        2.1544e+19    1.2915e+15    4.52388162e-23     
   2.7826        2.1544e+19    2.1544e+15    4.52388162e-23     
   2.7826        2.1544e+19    3.5938e+15    4.52388162e-23     
   2.7826        2.1544e+19    5.9948e+15    4.52388162e-23     
   2.7826        2.1544e+19    1.0000e+16    4.52388162e-23     
   2.7826        3.5938e+19    1.0000e+14    3.59754191e-23     
   2.7826        3.5938e+19    1.6681e+14    3.59754191e-23     
   2.7826        3.5938e+19    2.7826e+14    3.59754191e-23     
   2.7826        3.5938e+19    4.6416e+14    3.59754191e-23     
   2.7826        3.5938e+19    7.7426e+14    3.59754191e-23     
   2.7826        3.5938e+19    1.2915e+15    3.59754191e-23     
   2.7826        3.5938e+19    2.1544e+15    3.59754191e-23     
   2.7826        3.5938e+19    3.5938e+15    3.59754191e-23     
   2.7826        3.5938e+19    5.9948e+15    3.59754191e-23     
   2.7826        3.5938e+19    1.0000e+16    3.59754191e-23     
   2.7826        5.9948e+19    1.0000e+14    2.65053412e-23     
   2.7826        5.9948e+19    1.6681e+14    2.65053412e-23     
   2.7826        5.9948e+19    2.7826e+14    2.65053412e-23     
   2.7826        5.9948e+19    4.6416e+14    2.65053412e-23     
   2.7826        5.9948e+19    7.7426e+14    2.65053412e-23     
   2.7826        5.9948e+19    1.2915e+15    2.65053412e-23     
   2.7826        5.9948e+19    2.1544e+15    2.65053412e-23     
   2.7826        5.9948e+19    3.5938e+15    2.65053412e-23     
   2.7826        5.9948e+19    5.9948e+15    2.65053412e-23     
   2.7826        5.9948e+19    1.0000e+16    2.65053412e-23     
   2.7826        1.0000e+20    1.0000e+14    1.83463444e-23     
   2.7826        1.0000e+20    1.6681e+14    1.83463444e-23     
   2.7826        1.0000e+20    2.7826e+14    1.83463444e-23     
   2.7826        1.0000e+20    4.6416e+14    1.83463444e-23     
   2.7826        1.0000e+20    7.7426e+14    1.83463444e-23     
   2.7826        1.0000e+20    1.2915e+15    1.83463444e-23     
   2.7826        1.0000e+20    2.1544e+15    1.83463444e-23     
   2.7826        1.0000e+20    3.5938e+15    1.83463444e-23     
   2.7826        1.0000e+20    5.9948e+15    1.83463444e-23     
   2.7826        1.0000e+20    1.0000e+16    1.83463444e-23     
   3.5938        1.0000e+18    1.0000e+14    3.06259817e-23     
   3.5938        1.0000e+18    1.6681e+14    3.06259817e-23     
   3.5938        1.0000e+18    2.7826e+14    3.06259817e-23     
   3.5938        1.0000e+18    4.6416e+14    3.06259817e-23     
   3.5938        1.0000e+18    7.7426e+14    3.06259817e-23     
   3.5938        1.0000e+18    1.2915e+15    3.06259817e-23     
   3.5938        1.0000e+18    2.1544e+15    3.06259817e-23     
   3.5938        1.0000e+18    3.5938e+15    3.06259817e-23     
   3.5938        1.0000e+18    5.9948e+15    3.06259817e-23     
   3.5938        1.0000e+18    1.0000e+16    3.06259817e-23     
   3.5938        1.6681e+18    1.0000e+14    4.05086617e-23     
   3.5938        1.6681e+18    1.6681e+14    4.05086617e-23     
   3.5938        1.6681e+18    2.7826e+14    4.05086617e-23     
   3.5938        1.6681e+18    4.6416e+14    4.05086617e-23     
   3.5938        1.6681e+18    7.7426e+14    4.05086617e-23     
   3.5938        1.6681e+18    1.2915e+15    4.05086617e-23     
   3.5938        1.6681e+18    2.1544e+15    4.05086617e-23     
   3.5938        1.6681e+18    3.5938e+15    4.05086617e-23     
   3.5938        1.6681e+18    5.9948e+15    4.05086617e-23     
   3.5938        1.6681e+18    1.0000e+16    4.05086617e-23     
   3.5938        2.7826e+18    1.0000e+14    4.94031113e-23     
   3.5938        2.7826e+18    1.6681e+14    4.94031113e-23     
   3.5938        2.7826e+18    2.7826e+14    4.94031113e-23     
   3.5938        2.7826e+18    4.6416e+14    4.94031113e-23     
   3.5938        2.7826e+18    7.7426e+14    4.94031113e-23     
   3.5938        2.7826e+18    1.2915e+15    4.94031113e-23     
   3.5938        2.7826e+18    2.1544e+15    4.94031113e-23     
   3.5938        2.7826e+18    3.5938e+15    4.94031113e-23     
   3.5938        2.7826e+18    5.9948e+15    4.94031113e-23     
   3.5938        2.7826e+18    1.0000e+16    4.94031113e-23     
   3.5938        4.6416e+18    1.0000e+14    5.51484438e-23     
   3.5938        4.6416e+18    1.6681e+14    5.51484438e-23     
   3.5938        4.6416e+18    2.7826e+14    5.51484438e-23     
   3.5938        4.6416e+18    4.6416e+14    5.51484438e-23     
   3.5938        4.6416e+18    7.7426e+14    5.51484438e-23     
   3.5938        4.6416e+18    1.2915e+15    5.51484438e-23     
   3.5938        4.6416e+18    2.1544e+15    5.51484438e-23     
   3.5938        4.6416e+18    3.5938e+15    5.51484438e-23     
   3.5938        4.6416e+18    5.9948e+15    5.51484438e-23     
   3.5938        4.6416e+18    1.0000e+16    5.51484438e-23     
   3.5938        7.7426e+18    1.0000e+14    5.61905763e-23     
   3.5938        7.7426e+18    1.6681e+14    5.61905763e-23     
   3.5938        7.7426e+18    2.7826e+14    5.61905763e-23     
   3.5938        7.7426e+18    4.6416e+14    5.61905763e-23     
   3.5938        7.7426e+18    7.7426e+14    5.61905763e-23     
   3.5938        7.7426e+18    1.2915e+15    5.61905763e-23     
   3.5938        7.7426e+18    2.1544e+15    5.61905763e-23     
   3.5938        7.7426e+18    3.5938e+15    5.61905763e-23     
   3.5938        7.7426e+18    5.9948e+15    5.61905763e-23     
   3.5938        7.7426e+18    1.0000e+16    5.61905763e-23     
   3.5938        1.2915e+19    1.0000e+14    5.22407825e-23     
   3.5938        1.2915e+19    1.6681e+14    5.22407825e-23     
   3.5938        1.2915e+19    2.7826e+14    5.22407825e-23     
   3.5938        1.2915e+19    4.6416e+14    5.22407825e-23     
   3.5938        1.2915e+19    7.7426e+14    5.22407825e-23     
   3.5938        1.2915e+19    1.2915e+15    5.22407825e-23     
   3.5938        1.2915e+19    2.1544e+15    5.22407825e-23     
   3.5938        1.2915e+19    3.5938e+15    5.22407825e-23     
   3.5938        1.2915e+19    5.9948e+15    5.22407825e-23     
   3.5938        1.2915e+19    1.0000e+16    5.22407825e-23     
   3.5938        2.1544e+19    1.0000e+14    4.43921280e-23     
   3.5938        2.1544e+19    1.6681e+14    4.43921280e-23     
   3.5938        2.1544e+19    2.7826e+14    4.43921280e-23     
   3.5938        2.1544e+19    4.6416e+14    4.43921280e-23     
   3.5938        2.1544e+19    7.7426e+14    4.43921280e-23     
   3.5938        2.1544e+19    1.2915e+15    4.43921280e-23     
   3.5938        2.1544e+19    2.1544e+15    4.43921280e-23     
   3.5938        2.1544e+19    3.5938e+15    4.43921280e-23     
   3.5938        2.1544e+19    5.9948e+15    4.43921280e-23     
   3.5938        2.1544e+19    1.0000e+16    4.43921280e-23     
   3.5938        3.5938e+19    1.0000e+14    3.46661413e-23     
   3.5938        3.5938e+19    1.6681e+14    3.46661413e-23     
   3.5938        3.5938e+19    2.7826e+14    3.46661413e-23     
   3.5938        3.5938e+19    4.6416e+14    3.46661413e-23     
   3.5938        3.5938e+19    7.7426e+14    3.46661413e-23     
   3.5938        3.5938e+19    1.2915e+15    3.46661413e-23     
   3.5938        3.5938e+19    2.1544e+15    3.46661413e-23     
   3.5938        3.5938e+19    3.5938e+15    3.46661413e-23     
   3.5938        3.5938e+19    5.9948e+15    3.46661413e-23     
   3.5938        3.5938e+19    1.0000e+16    3.46661413e-23     
   3.5938        5.9948e+19    1.0000e+14    2.51442596e-23     
   3.5938        5.9948e+19    1.6681e+14    2.51442596e-23     
   3.5938        5.9948e+19    2.7826e+14    2.51442596e-23     
   3.5938        5.9948e+19    4.6416e+14    2.51442596e-23     
   3.5938        5.9948e+19    7.7426e+14    2.51442596e-23     
   3.5938        5.9948e+19    1.2915e+15    2.51442596e-23     
   3.5938        5.9948e+19    2.1544e+15    2.51442596e-23     
   3.5938        5.9948e+19    3.5938e+15    2.51442596e-23     
   3.5938        5.9948e+19    5.9948e+15    2.51442596e-23     
   3.5938        5.9948e+19    1.0000e+16    2.51442596e-23     
   3.5938        1.0000e+20    1.0000e+14    1.71928649e-23     
   3.5938        1.0000e+20    1.6681e+14    1.71928649e-23     
   3.5938        1.0000e+20    2.7826e+14    1.71928649e-23     
   3.5938        1.0000e+20    4.6416e+14    1.71928649e-23     
   3.5938        1.0000e+20    7.7426e+14    1.71928649e-23     
   3.5938        1.0000e+20    1.2915e+15    1.71928649e-23     
   3.5938        1.0000e+20    2.1544e+15    1.71928649e-23     
   3.5938        1.0000e+20    3.5938e+15    1.71928649e-23     
   3.5938        1.0000e+20    5.9948e+15    1.71928649e-23     
   3.5938        1.0000e+20    1.0000e+16    1.71928649e-23     
   4.6416        1.0000e+18    1.0000e+14    3.26910029e-23     
   4.6416        1.0000e+18    1.6681e+14    3.26910029e-23     
   4.6416        1.0000e+18    2.7826e+14    3.26910029e-23     
   4.6416        1.0000e+18    4.6416e+14    3.26910029e-23     
   4.6416        1.0000e+18    7.7426e+14    3.26910029e-23     
   4.6416        1.0000e+18    1.2915e+15    3.26910029e-23     
   4.6416        1.0000e+18    2.1544e+15    3.26910029e-23     
   4.6416        1.0000e+18    3.5938e+15    3.26910029e-23     
   4.6416        1.0000e+18    5.9948e+15    3.26910029e-23     
   4.6416        1.0000e+18    1.0000e+16    3.26910029e-23     
   4.6416        1.6681e+18    1.0000e+14    4.28024275e-23     
   4.6416        1.6681e+18    1.6681e+14    4.28024275e-23     
   4.6416        1.6681e+18    2.7826e+14    4.28024275e-23     
   4.6416        1.6681e+18    4.6416e+14    4.28024275e-23     
   4.6416        1.6681e+18    7.7426e+14    4.28024275e-23     
   4.6416        1.6681e+18    1.2915e+15    4.28024275e-23     
   4.6416        1.6681e+18    2.1544e+15    4.28024275e-23     
   4.6416        1.6681e+18    3.5938e+15    4.28024275e-23     
   4.6416        1.6681e+18    5.9948e+15    4.28024275e-23     
   4.6416        1.6681e+18    1.0000e+16    4.28024275e-23     
   4.6416        2.7826e+18    1.0000e+14    5.15865181e-23     
   4.6416        2.7826e+18    1.6681e+14    5.15865181e-23     
   4.6416        2.7826e+18    2.7826e+14    5.15865181e-23     
   4.6416        2.7826e+18    4.6416e+14    5.15865181e-23     
   4.6416        2.7826e+18    7.7426e+14    5.15865181e-23     
   4.6416        2.7826e+18    1.2915e+15    5.15865181e-23     
   4.6416        2.7826e+18    2.1544e+15    5.15865181e-23     
   4.6416        2.7826e+18    3.5938e+15    5.15865181e-23     
   4.6416        2.7826e+18    5.9948e+15    5.15865181e-23     
   4.6416        2.7826e+18    1.0000e+16    5.15865181e-23     
   4.6416        4.6416e+18    1.0000e+14    5.68403523e-23     
   4.6416        4.6416e+18    1.6681e+14    5.68403523e-23     
   4.6416        4.6416e+18    2.7826e+14    5.68403523e-23     
   4.6416        4.6416e+18    4.6416e+14    5.68403523e-23     
   4.6416        4.6416e+18    7.7426e+14    5.68403523e-23     
   4.6416        4.6416e+18    1.2915e+15    5.68403523e-23     
   4.6416        4.6416e+18    2.1544e+15    5.68403523e-23     
   4.6416        4.6416e+18    3.5938e+15    5.68403523e-23     
   4.6416        4.6416e+18    5.9948e+15    5.68403523e-23     
   4.6416        4.6416e+18    1.0000e+16    5.68403523e-23     
   4.6416        7.7426e+18    1.0000e+14    5.71129308e-23     
   4.6416        7.7426e+18    1.6681e+14    5.71129308e-23     
   4.6416        7.7426e+18    2.7826e+14    5.71129308e-23     
   4.6416        7.7426e+18    4.6416e+14    5.71129308e-23     
   4.6416        7.7426e+18    7.7426e+14    5.71129308e-23     
   4.6416        7.7426e+18    1.2915e+15    5.71129308e-23     
   4.6416        7.7426e+18    2.1544e+15    5.71129308e-23     
   4.6416        7.7426e+18    3.5938e+15    5.71129308e-23     
   4.6416        7.7426e+18    5.9948e+15    5.71129308e-23     
   4.6416        7.7426e+18    1.0000e+16    5.71129308e-23     
   4.6416        1.2915e+19    1.0000e+14    5.23295845e-23     
   4.6416        1.2915e+19    1.6681e+14    5.23295845e-23     
   4.6416        1.2915e+19    2.7826e+14    5.23295845e-23     
   4.6416        1.2915e+19    4.6416e+14    5.23295845e-23     
   4.6416        1.2915e+19    7.7426e+14    5.23295845e-23     
   4.6416        1.2915e+19    1.2915e+15    5.23295845e-23     
   4.6416        1.2915e+19    2.1544e+15    5.23295845e-23     
   4.6416        1.2915e+19    3.5938e+15    5.23295845e-23     
   4.6416        1.2915e+19    5.9948e+15    5.23295845e-23     
   4.6416        1.2915e+19    1.0000e+16    5.23295845e-23     
   4.6416        2.1544e+19    1.0000e+14    4.38227025e-23     
   4.6416        2.1544e+19    1.6681e+14    4.38227025e-23     
   4.6416        2.1544e+19    2.7826e+14    4.38227025e-23     
   4.6416        2.1544e+19    4.6416e+14    4.38227025e-23     
   4.6416        2.1544e+19    7.7426e+14    4.38227025e-23     
   4.6416        2.1544e+19    1.2915e+15    4.38227025e-23     
   4.6416        2.1544e+19    2.1544e+15    4.38227025e-23     
   4.6416        2.1544e+19    3.5938e+15    4.38227025e-23     
   4.6416        2.1544e+19    5.9948e+15    4.38227025e-23     
   4.6416        2.1544e+19    1.0000e+16    4.38227025e-23     
   4.6416        3.5938e+19    1.0000e+14    3.37604329e-23     
   4.6416        3.5938e+19    1.6681e+14    3.37604329e-23     
   4.6416        3.5938e+19    2.7826e+14    3.37604329e-23     
   4.6416        3.5938e+19    4.6416e+14    3.37604329e-23     
   4.6416        3.5938e+19    7.7426e+14    3.37604329e-23     
   4.6416        3.5938e+19    1.2915e+15    3.37604329e-23     
   4.6416        3.5938e+19    2.1544e+15    3.37604329e-23     
   4.6416        3.5938e+19    3.5938e+15    3.37604329e-23     
   4.6416        3.5938e+19    5.9948e+15    3.37604329e-23     
   4.6416        3.5938e+19    1.0000e+16    3.37604329e-23     
   4.6416        5.9948e+19    1.0000e+14    2.42088098e-23     
   4.6416        5.9948e+19    1.6681e+14    2.42088098e-23     
   4.6416        5.9948e+19    2.7826e+14    2.42088098e-23     
   4.6416        5.9948e+19    4.6416e+14    2.42088098e-23     
   4.6416        5.9948e+19    7.7426e+14    2.42088098e-23     
   4.6416        5.9948e+19    1.2915e+15    2.42088098e-23     
   4.6416        5.9948e+19    2.1544e+15    2.42088098e-23     
   4.6416        5.9948e+19    3.5938e+15    2.42088098e-23     
   4.6416        5.9948e+19    5.9948e+15    2.42088098e-23     
   4.6416        5.9948e+19    1.0000e+16    2.42088098e-23     
   4.6416        1.0000e+20    1.0000e+14    1.64088290e-23     
   4.6416        1.0000e+20    1.6681e+14    1.64088290e-23     
   4.6416        1.0000e+20    2.7826e+14    1.64088290e-23     
   4.6416        1.0000e+20    4.6416e+14    1.64088290e-23     
   4.6416        1.0000e+20    7.7426e+14    1.64088290e-23     
   4.6416        1.0000e+20    1.2915e+15    1.64088290e-23     
   4.6416        1.0000e+20    2.1544e+15    1.64088290e-23     
   4.6416        1.0000e+20    3.5938e+15    1.64088290e-23     
   4.6416        1.0000e+20    5.9948e+15    1.64088290e-23     
   4.6416        1.0000e+20    1.0000e+16    1.64088290e-23     
   5.9948        1.0000e+18    1.0000e+14    3.43350952e-23     
   5.9948        1.0000e+18    1.6681e+14    3.43350952e-23     
   5.9948        1.0000e+18    2.7826e+14    3.43350952e-23     
   5.9948        1.0000e+18    4.6416e+14    3.43350952e-23     
   5.9948        1.0000e+18    7.7426e+14    3.43350952e-23     
   5.9948        1.0000e+18    1.2915e+15    3.43350952e-23     
   5.9948        1.0000e+18    2.1544e+15    3.43350952e-23     
   5.9948        1.0000e+18    3.5938e+15    3.43350952e-23     
   5.9948        1.0000e+18    5.9948e+15    3.43350952e-23     
   5.9948        1.0000e+18    1.0000e+16    3.43350952e-23     
   5.9948        1.6681e+18    1.0000e+14    4.46447549e-23     
   5.9948        1.6681e+18    1.6681e+14    4.46447549e-23     
   5.9948        1.6681e+18    2.7826e+14    4.46447549e-23     
   5.9948        1.6681e+18    4.6416e+14    4.46447549e-23     
   5.9948        1.6681e+18    7.7426e+14    4.46447549e-23     
   5.9948        1.6681e+18    1.2915e+15    4.46447549e-23     
   5.9948        1.6681e+18    2.1544e+15    4.46447549e-23     
   5.9948        1.6681e+18    3.5938e+15    4.46447549e-23     
   5.9948        1.6681e+18    5.9948e+15    4.46447549e-23     
   5.9948        1.6681e+18    1.0000e+16    4.46447549e-23     
   5.9948        2.7826e+18    1.0000e+14    5.33729984e-23     
   5.9948        2.7826e+18    1.6681e+14    5.33729984e-23     
   5.9948        2.7826e+18    2.7826e+14    5.33729984e-23     
   5.9948        2.7826e+18    4.6416e+14    5.33729984e-23     
   5.9948        2.7826e+18    7.7426e+14    5.33729984e-23     
   5.9948        2.7826e+18    1.2915e+15    5.33729984e-23     
   5.9948        2.7826e+18    2.1544e+15    5.33729984e-23     
   5.9948        2.7826e+18    3.5938e+15    5.33729984e-23     
   5.9948        2.7826e+18    5.9948e+15    5.33729984e-23     
   5.9948        2.7826e+18    1.0000e+16    5.33729984e-23     
   5.9948        4.6416e+18    1.0000e+14    5.82811809e-23     
   5.9948        4.6416e+18    1.6681e+14    5.82811809e-23     
   5.9948        4.6416e+18    2.7826e+14    5.82811809e-23     
   5.9948        4.6416e+18    4.6416e+14    5.82811809e-23     
   5.9948        4.6416e+18    7.7426e+14    5.82811809e-23     
   5.9948        4.6416e+18    1.2915e+15    5.82811809e-23     
   5.9948        4.6416e+18    2.1544e+15    5.82811809e-23     
   5.9948        4.6416e+18    3.5938e+15    5.82811809e-23     
   5.9948        4.6416e+18    5.9948e+15    5.82811809e-23     
   5.9948        4.6416e+18    1.0000e+16    5.82811809e-23     
   5.9948        7.7426e+18    1.0000e+14    5.79918500e-23     
   5.9948        7.7426e+18    1.6681e+14    5.79918500e-23     
   5.9948        7.7426e+18    2.7826e+14    5.79918500e-23     
   5.9948        7.7426e+18    4.6416e+14    5.79918500e-23     
   5.9948        7.7426e+18    7.7426e+14    5.79918500e-23     
   5.9948        7.7426e+18    1.2915e+15    5.79918500e-23     
   5.9948        7.7426e+18    2.1544e+15    5.79918500e-23     
   5.9948        7.7426e+18    3.5938e+15    5.79918500e-23     
   5.9948        7.7426e+18    5.9948e+15    5.79918500e-23     
   5.9948        7.7426e+18    1.0000e+16    5.79918500e-23     
   5.9948        1.2915e+19    1.0000e+14    5.25909875e-23     
   5.9948        1.2915e+19    1.6681e+14    5.25909875e-23     
   5.9948        1.2915e+19    2.7826e+14    5.25909875e-23     
   5.9948        1.2915e+19    4.6416e+14    5.25909875e-23     
   5.9948        1.2915e+19    7.7426e+14    5.25909875e-23     
   5.9948        1.2915e+19    1.2915e+15    5.25909875e-23     
   5.9948        1.2915e+19    2.1544e+15    5.25909875e-23     
   5.9948        1.2915e+19    3.5938e+15    5.25909875e-23     
   5.9948        1.2915e+19    5.9948e+15    5.25909875e-23     
   5.9948        1.2915e+19    1.0000e+16    5.25909875e-23     
   5.9948        2.1544e+19    1.0000e+14    4.35908906e-23     
   5.9948        2.1544e+19    1.6681e+14    4.35908906e-23     
   5.9948        2.1544e+19    2.7826e+14    4.35908906e-23     
   5.9948        2.1544e+19    4.6416e+14    4.35908906e-23     
   5.9948        2.1544e+19    7.7426e+14    4.35908906e-23     
   5.9948        2.1544e+19    1.2915e+15    4.35908906e-23     
   5.9948        2.1544e+19    2.1544e+15    4.35908906e-23     
   5.9948        2.1544e+19    3.5938e+15    4.35908906e-23     
   5.9948        2.1544e+19    5.9948e+15    4.35908906e-23     
   5.9948        2.1544e+19    1.0000e+16    4.35908906e-23     
   5.9948        3.5938e+19    1.0000e+14    3.32657747e-23     
   5.9948        3.5938e+19    1.6681e+14    3.32657747e-23     
   5.9948        3.5938e+19    2.7826e+14    3.32657747e-23     
   5.9948        3.5938e+19    4.6416e+14    3.32657747e-23     
   5.9948        3.5938e+19    7.7426e+14    3.32657747e-23     
   5.9948        3.5938e+19    1.2915e+15    3.32657747e-23     
   5.9948        3.5938e+19    2.1544e+15    3.32657747e-23     
   5.9948        3.5938e+19    3.5938e+15    3.32657747e-23     
   5.9948        3.5938e+19    5.9948e+15    3.32657747e-23     
   5.9948        3.5938e+19    1.0000e+16    3.32657747e-23     
   5.9948        5.9948e+19    1.0000e+14    2.36672027e-23     
   5.9948        5.9948e+19    1.6681e+14    2.36672027e-23     
   5.9948        5.9948e+19    2.7826e+14    2.36672027e-23     
   5.9948        5.9948e+19    4.6416e+14    2.36672027e-23     
   5.9948        5.9948e+19    7.7426e+14    2.36672027e-23     
   5.9948        5.9948e+19    1.2915e+15    2.36672027e-23     
   5.9948        5.9948e+19    2.1544e+15    2.36672027e-23     
   5.9948        5.9948e+19    3.5938e+15    2.36672027e-23     
   5.9948        5.9948e+19    5.9948e+15    2.36672027e-23     
   5.9948        5.9948e+19    1.0000e+16    2.36672027e-23     
   5.9948        1.0000e+20    1.0000e+14    1.59466761e-23     
   5.9948        1.0000e+20    1.6681e+14    1.59466761e-23     
   5.9948        1.0000e+20    2.7826e+14    1.59466761e-23     
   5.9948        1.0000e+20    4.6416e+14    1.59466761e-23     
   5.9948        1.0000e+20    7.7426e+14    1.59466761e-23     
   5.9948        1.0000e+20    1.2915e+15    1.59466761e-23     
   5.9948        1.0000e+20    2.1544e+15    1.59466761e-23     
   5.9948        1.0000e+20    3.5938e+15    1.59466761e-23     
   5.9948        1.0000e+20    5.9948e+15    1.59466761e-23     
   5.9948        1.0000e+20    1.0000e+16    1.59466761e-23     
   7.7426        1.0000e+18    1.0000e+14    3.55544172e-23     
   7.7426        1.0000e+18    1.6681e+14    3.55544172e-23     
   7.7426        1.0000e+18    2.7826e+14    3.55544172e-23     
   7.7426        1.0000e+18    4.6416e+14    3.55544172e-23     
   7.7426        1.0000e+18    7.7426e+14    3.55544172e-23     
   7.7426        1.0000e+18    1.2915e+15    3.55544172e-23     
   7.7426        1.0000e+18    2.1544e+15    3.55544172e-23     
   7.7426        1.0000e+18    3.5938e+15    3.55544172e-23     
   7.7426        1.0000e+18    5.9948e+15    3.55544172e-23     
   7.7426        1.0000e+18    1.0000e+16    3.55544172e-23     
   7.7426        1.6681e+18    1.0000e+14    4.60553589e-23     
   7.7426        1.6681e+18    1.6681e+14    4.60553589e-23     
   7.7426        1.6681e+18    2.7826e+14    4.60553589e-23     
   7.7426        1.6681e+18    4.6416e+14    4.60553589e-23     
   7.7426        1.6681e+18    7.7426e+14    4.60553589e-23     
   7.7426        1.6681e+18    1.2915e+15    4.60553589e-23     
   7.7426        1.6681e+18    2.1544e+15    4.60553589e-23     
   7.7426        1.6681e+18    3.5938e+15    4.60553589e-23     
   7.7426        1.6681e+18    5.9948e+15    4.60553589e-23     
   7.7426        1.6681e+18    1.0000e+16    4.60553589e-23     
   7.7426        2.7826e+18    1.0000e+14    5.48099343e-23     
   7.7426        2.7826e+18    1.6681e+14    5.48099343e-23     
   7.7426        2.7826e+18    2.7826e+14    5.48099343e-23     
   7.7426        2.7826e+18    4.6416e+14    5.48099343e-23     
   7.7426        2.7826e+18    7.7426e+14    5.48099343e-23     
   7.7426        2.7826e+18    1.2915e+15    5.48099343e-23     
   7.7426        2.7826e+18    2.1544e+15    5.48099343e-23     
   7.7426        2.7826e+18    3.5938e+15    5.48099343e-23     
   7.7426        2.7826e+18    5.9948e+15    5.48099343e-23     
   7.7426        2.7826e+18    1.0000e+16    5.48099343e-23     
   7.7426        4.6416e+18    1.0000e+14    5.95386887e-23     
   7.7426        4.6416e+18    1.6681e+14    5.95386887e-23     
   7.7426        4.6416e+18    2.7826e+14    5.95386887e-23     
   7.7426        4.6416e+18    4.6416e+14    5.95386887e-23     
   7.7426        4.6416e+18    7.7426e+14    5.95386887e-23     
   7.7426        4.6416e+18    1.2915e+15    5.95386887e-23     
   7.7426        4.6416e+18    2.1544e+15    5.95386887e-23     
   7.7426        4.6416e+18    3.5938e+15    5.95386887e-23     
   7.7426        4.6416e+18    5.9948e+15    5.95386887e-23     
   7.7426        4.6416e+18    1.0000e+16    5.95386887e-23     
   7.7426        7.7426e+18    1.0000e+14    5.88981122e-23     
   7.7426        7.7426e+18    1.6681e+14    5.88981122e-23     
   7.7426        7.7426e+18    2.7826e+14    5.88981122e-23     
   7.7426        7.7426e+18    4.6416e+14    5.88981122e-23     
   7.7426        7.7426e+18    7.7426e+14    5.88981122e-23     
   7.7426        7.7426e+18    1.2915e+15    5.88981122e-23     
   7.7426        7.7426e+18    2.1544e+15    5.88981122e-23     
   7.7426        7.7426e+18    3.5938e+15    5.88981122e-23     
   7.7426        7.7426e+18    5.9948e+15    5.88981122e-23     
   7.7426        7.7426e+18    1.0000e+16    5.88981122e-23     
   7.7426        1.2915e+19    1.0000e+14    5.30772261e-23     
   7.7426        1.2915e+19    1.6681e+14    5.30772261e-23     
   7.7426        1.2915e+19    2.7826e+14    5.30772261e-23     
   7.7426        1.2915e+19    4.6416e+14    5.30772261e-23     
   7.7426        1.2915e+19    7.7426e+14    5.30772261e-23     
   7.7426        1.2915e+19    1.2915e+15    5.30772261e-23     
   7.7426        1.2915e+19    2.1544e+15    5.30772261e-23     
   7.7426        1.2915e+19    3.5938e+15    5.30772261e-23     
   7.7426        1.2915e+19    5.9948e+15    5.30772261e-23     
   7.7426        1.2915e+19    1.0000e+16    5.30772261e-23     
   7.7426        2.1544e+19    1.0000e+14    4.37146237e-23     
   7.7426        2.1544e+19    1.6681e+14    4.37146237e-23     
   7.7426        2.1544e+19    2.7826e+14    4.37146237e-23     
   7.7426        2.1544e+19    4.6416e+14    4.37146237e-23     
   7.7426        2.1544e+19    7.7426e+14    4.37146237e-23     
   7.7426        2.1544e+19    1.2915e+15    4.37146237e-23     
   7.7426        2.1544e+19    2.1544e+15    4.37146237e-23     
   7.7426        2.1544e+19    3.5938e+15    4.37146237e-23     
   7.7426        2.1544e+19    5.9948e+15    4.37146237e-23     
   7.7426        2.1544e+19    1.0000e+16    4.37146237e-23     
   7.7426        3.5938e+19    1.0000e+14    3.31654703e-23     
   7.7426        3.5938e+19    1.6681e+14    3.31654703e-23     
   7.7426        3.5938e+19    2.7826e+14    3.31654703e-23     
   7.7426        3.5938e+19    4.6416e+14    3.31654703e-23     
   7.7426        3.5938e+19    7.7426e+14    3.31654703e-23     
   7.7426        3.5938e+19    1.2915e+15    3.31654703e-23     
   7.7426        3.5938e+19    2.1544e+15    3.31654703e-23     
   7.7426        3.5938e+19    3.5938e+15    3.31654703e-23     
   7.7426        3.5938e+19    5.9948e+15    3.31654703e-23     
   7.7426        3.5938e+19    1.0000e+16    3.31654703e-23     
   7.7426        5.9948e+19    1.0000e+14    2.34819209e-23     
   7.7426        5.9948e+19    1.6681e+14    2.34819209e-23     
   7.7426        5.9948e+19    2.7826e+14    2.34819209e-23     
   7.7426        5.9948e+19    4.6416e+14    2.34819209e-23     
   7.7426        5.9948e+19    7.7426e+14    2.34819209e-23     
   7.7426        5.9948e+19    1.2915e+15    2.34819209e-23     
   7.7426        5.9948e+19    2.1544e+15    2.34819209e-23     
   7.7426        5.9948e+19    3.5938e+15    2.34819209e-23     
   7.7426        5.9948e+19    5.9948e+15    2.34819209e-23     
   7.7426        5.9948e+19    1.0000e+16    2.34819209e-23     
   7.7426        1.0000e+20    1.0000e+14    1.57645604e-23     
   7.7426        1.0000e+20    1.6681e+14    1.57645604e-23     
   7.7426        1.0000e+20    2.7826e+14    1.57645604e-23     
   7.7426        1.0000e+20    4.6416e+14    1.57645604e-23     
   7.7426        1.0000e+20    7.7426e+14    1.57645604e-23     
   7.7426        1.0000e+20    1.2915e+15    1.57645604e-23     
   7.7426        1.0000e+20    2.1544e+15    1.57645604e-23     
   7.7426        1.0000e+20    3.5938e+15    1.57645604e-23     
   7.7426        1.0000e+20    5.9948e+15    1.57645604e-23     
   7.7426        1.0000e+20    1.0000e+16    1.57645604e-23     
   10.0000       1.0000e+18    1.0000e+14    3.63602893e-23     
   10.0000       1.0000e+18    1.6681e+14    3.63602893e-23     
   10.0000       1.0000e+18    2.7826e+14    3.63602893e-23     
   10.0000       1.0000e+18    4.6416e+14    3.63602893e-23     
   10.0000       1.0000e+18    7.7426e+14    3.63602893e-23     
   10.0000       1.0000e+18    1.2915e+15    3.63602893e-23     
   10.0000       1.0000e+18    2.1544e+15    3.63602893e-23     
   10.0000       1.0000e+18    3.5938e+15    3.63602893e-23     
   10.0000       1.0000e+18    5.9948e+15    3.63602893e-23     
   10.0000       1.0000e+18    1.0000e+16    3.63602893e-23     
   10.0000       1.6681e+18    1.0000e+14    4.70578056e-23     
   10.0000       1.6681e+18    1.6681e+14    4.70578056e-23     
   10.0000       1.6681e+18    2.7826e+14    4.70578056e-23     
   10.0000       1.6681e+18    4.6416e+14    4.70578056e-23     
   10.0000       1.6681e+18    7.7426e+14    4.70578056e-23     
   10.0000       1.6681e+18    1.2915e+15    4.70578056e-23     
   10.0000       1.6681e+18    2.1544e+15    4.70578056e-23     
   10.0000       1.6681e+18    3.5938e+15    4.70578056e-23     
   10.0000       1.6681e+18    5.9948e+15    4.70578056e-23     
   10.0000       1.6681e+18    1.0000e+16    4.70578056e-23     
   10.0000       2.7826e+18    1.0000e+14    5.59322963e-23     
   10.0000       2.7826e+18    1.6681e+14    5.59322963e-23     
   10.0000       2.7826e+18    2.7826e+14    5.59322963e-23     
   10.0000       2.7826e+18    4.6416e+14    5.59322963e-23     
   10.0000       2.7826e+18    7.7426e+14    5.59322963e-23     
   10.0000       2.7826e+18    1.2915e+15    5.59322963e-23     
   10.0000       2.7826e+18    2.1544e+15    5.59322963e-23     
   10.0000       2.7826e+18    3.5938e+15    5.59322963e-23     
   10.0000       2.7826e+18    5.9948e+15    5.59322963e-23     
   10.0000       2.7826e+18    1.0000e+16    5.59322963e-23     
   10.0000       4.6416e+18    1.0000e+14    6.06525760e-23     
   10.0000       4.6416e+18    1.6681e+14    6.06525760e-23     
   10.0000       4.6416e+18    2.7826e+14    6.06525760e-23     
   10.0000       4.6416e+18    4.6416e+14    6.06525760e-23     
   10.0000       4.6416e+18    7.7426e+14    6.06525760e-23     
   10.0000       4.6416e+18    1.2915e+15    6.06525760e-23     
   10.0000       4.6416e+18    2.1544e+15    6.06525760e-23     
   10.0000       4.6416e+18    3.5938e+15    6.06525760e-23     
   10.0000       4.6416e+18    5.9948e+15    6.06525760e-23     
   10.0000       4.6416e+18    1.0000e+16    6.06525760e-23     
   10.0000       7.7426e+18    1.0000e+14    5.98651111e-23     
   10.0000       7.7426e+18    1.6681e+14    5.98651111e-23     
   10.0000       7.7426e+18    2.7826e+14    5.98651111e-23     
   10.0000       7.7426e+18    4.6416e+14    5.98651111e-23     
   10.0000       7.7426e+18    7.7426e+14    5.98651111e-23     
   10.0000       7.7426e+18    1.2915e+15    5.98651111e-23     
   10.0000       7.7426e+18    2.1544e+15    5.98651111e-23     
   10.0000       7.7426e+18    3.5938e+15    5.98651111e-23     
   10.0000       7.7426e+18    5.9948e+15    5.98651111e-23     
   10.0000       7.7426e+18    1.0000e+16    5.98651111e-23     
   10.0000       1.2915e+19    1.0000e+14    5.38038813e-23     
   10.0000       1.2915e+19    1.6681e+14    5.38038813e-23     
   10.0000       1.2915e+19    2.7826e+14    5.38038813e-23     
   10.0000       1.2915e+19    4.6416e+14    5.38038813e-23     
   10.0000       1.2915e+19    7.7426e+14    5.38038813e-23     
   10.0000       1.2915e+19    1.2915e+15    5.38038813e-23     
   10.0000       1.2915e+19    2.1544e+15    5.38038813e-23     
   10.0000       1.2915e+19    3.5938e+15    5.38038813e-23     
   10.0000       1.2915e+19    5.9948e+15    5.38038813e-23     
   10.0000       1.2915e+19    1.0000e+16    5.38038813e-23     
   10.0000       2.1544e+19    1.0000e+14    4.41858391e-23     
   10.0000       2.1544e+19    1.6681e+14    4.41858391e-23     
   10.0000       2.1544e+19    2.7826e+14    4.41858391e-23     
   10.0000       2.1544e+19    4.6416e+14    4.41858391e-23     
   10.0000       2.1544e+19    7.7426e+14    4.41858391e-23     
   10.0000       2.1544e+19    1.2915e+15    4.41858391e-23     
   10.0000       2.1544e+19    2.1544e+15    4.41858391e-23     
   10.0000       2.1544e+19    3.5938e+15    4.41858391e-23     
   10.0000       2.1544e+19    5.9948e+15    4.41858391e-23     
   10.0000       2.1544e+19    1.0000e+16    4.41858391e-23     
   10.0000       3.5938e+19    1.0000e+14    3.34320079e-23     
   10.0000       3.5938e+19    1.6681e+14    3.34320079e-23     
   10.0000       3.5938e+19    2.7826e+14    3.34320079e-23     
   10.0000       3.5938e+19    4.6416e+14    3.34320079e-23     
   10.0000       3.5938e+19    7.7426e+14    3.34320079e-23     
   10.0000       3.5938e+19    1.2915e+15    3.34320079e-23     
   10.0000       3.5938e+19    2.1544e+15    3.34320079e-23     
   10.0000       3.5938e+19    3.5938e+15    3.34320079e-23     
   10.0000       3.5938e+19    5.9948e+15    3.34320079e-23     
   10.0000       3.5938e+19    1.0000e+16    3.34320079e-23     
   10.0000       5.9948e+19    1.0000e+14    2.36170392e-23     
   10.0000       5.9948e+19    1.6681e+14    2.36170392e-23     
   10.0000       5.9948e+19    2.7826e+14    2.36170392e-23     
   10.0000       5.9948e+19    4.6416e+14    2.36170392e-23     
   10.0000       5.9948e+19    7.7426e+14    2.36170392e-23     
   10.0000       5.9948e+19    1.2915e+15    2.36170392e-23     
   10.0000       5.9948e+19    2.1544e+15    2.36170392e-23     
   10.0000       5.9948e+19    3.5938e+15    2.36170392e-23     
   10.0000       5.9948e+19    5.9948e+15    2.36170392e-23     
   10.0000       5.9948e+19    1.0000e+16    2.36170392e-23     
   10.0000       1.0000e+20    1.0000e+14    1.58283804e-23     
   10.0000       1.0000e+20    1.6681e+14    1.58283804e-23     
   10.0000       1.0000e+20    2.7826e+14    1.58283804e-23     
   10.0000       1.0000e+20    4.6416e+14    1.58283804e-23     
   10.0000       1.0000e+20    7.7426e+14    1.58283804e-23     
   10.0000       1.0000e+20    1.2915e+15    1.58283804e-23     
   10.0000       1.0000e+20    2.1544e+15    1.58283804e-23     
   10.0000       1.0000e+20    3.5938e+15    1.58283804e-23     
   10.0000       1.0000e+20    5.9948e+15    1.58283804e-23     
   10.0000       1.0000e+20    1.0000e+16    1.58283804e-23     
