#
# Output file generated by Yacora 1.5.0
# =====================================
#   Filename: 'YacoraRun_PopCoeff_n=5.dat'
#   Date of creation: 11. May 2022
#   Time of creation: 08:32:37
#   Used input file: 'H_20_11_2019.txt'
#   Performed calculation: Population Coefficient for state 'H(5)' coupled to the particle 'H3+'
#
#   Please cite D. Wünderlich, M. Giacomin, R. Ritz and U. Fantz, J. Quant. Spectrosc. Radiat. Transfer 240, 2020, 106695, if you use Yacora results.
#
# Description of the used Parameters:
# ===================================
#
#   Temperatures and Densities: 
#              T_e: 10 calculated values between 1.0000 and 10.0000
#              T_i3: Fixed value 2000.0000
#              T_n1: Fixed value 8000.0000
#              n_e: 10 calculated values between 1.0000e+18 and 1.0000e+20
#              n_i1: Fixed value 0.0000
#              n_i3: 10 calculated values between 1.0000e+15 and 1.0000e+17

#   Electron energy distribution function: 
#              Maxwellian
#
# Calculated Data:
# ================
#  T_e           n_e           n_i3          POP_COEFF      
   1.0000        1.0000e+18    1.0000e+15    7.34624303e-28     
   1.0000        1.0000e+18    1.6681e+15    7.34624303e-28     
   1.0000        1.0000e+18    2.7826e+15    7.34624303e-28     
   1.0000        1.0000e+18    4.6416e+15    7.34624303e-28     
   1.0000        1.0000e+18    7.7426e+15    7.34624303e-28     
   1.0000        1.0000e+18    1.2915e+16    7.34624303e-28     
   1.0000        1.0000e+18    2.1544e+16    7.34624303e-28     
   1.0000        1.0000e+18    3.5938e+16    7.34624303e-28     
   1.0000        1.0000e+18    5.9948e+16    7.34624303e-28     
   1.0000        1.0000e+18    1.0000e+17    7.34624303e-28     
   1.0000        1.6681e+18    1.0000e+15    1.04113674e-27     
   1.0000        1.6681e+18    1.6681e+15    1.04113674e-27     
   1.0000        1.6681e+18    2.7826e+15    1.04113674e-27     
   1.0000        1.6681e+18    4.6416e+15    1.04113674e-27     
   1.0000        1.6681e+18    7.7426e+15    1.04113674e-27     
   1.0000        1.6681e+18    1.2915e+16    1.04113674e-27     
   1.0000        1.6681e+18    2.1544e+16    1.04113674e-27     
   1.0000        1.6681e+18    3.5938e+16    1.04113674e-27     
   1.0000        1.6681e+18    5.9948e+16    1.04113674e-27     
   1.0000        1.6681e+18    1.0000e+17    1.04113674e-27     
   1.0000        2.7826e+18    1.0000e+15    1.46580808e-27     
   1.0000        2.7826e+18    1.6681e+15    1.46580808e-27     
   1.0000        2.7826e+18    2.7826e+15    1.46580808e-27     
   1.0000        2.7826e+18    4.6416e+15    1.46580808e-27     
   1.0000        2.7826e+18    7.7426e+15    1.46580808e-27     
   1.0000        2.7826e+18    1.2915e+16    1.46580808e-27     
   1.0000        2.7826e+18    2.1544e+16    1.46580808e-27     
   1.0000        2.7826e+18    3.5938e+16    1.46580808e-27     
   1.0000        2.7826e+18    5.9948e+16    1.46580808e-27     
   1.0000        2.7826e+18    1.0000e+17    1.46580808e-27     
   1.0000        4.6416e+18    1.0000e+15    2.05714948e-27     
   1.0000        4.6416e+18    1.6681e+15    2.05714948e-27     
   1.0000        4.6416e+18    2.7826e+15    2.05714948e-27     
   1.0000        4.6416e+18    4.6416e+15    2.05714948e-27     
   1.0000        4.6416e+18    7.7426e+15    2.05714948e-27     
   1.0000        4.6416e+18    1.2915e+16    2.05714948e-27     
   1.0000        4.6416e+18    2.1544e+16    2.05714948e-27     
   1.0000        4.6416e+18    3.5938e+16    2.05714948e-27     
   1.0000        4.6416e+18    5.9948e+16    2.05714948e-27     
   1.0000        4.6416e+18    1.0000e+17    2.05714948e-27     
   1.0000        7.7426e+18    1.0000e+15    2.87899004e-27     
   1.0000        7.7426e+18    1.6681e+15    2.87899004e-27     
   1.0000        7.7426e+18    2.7826e+15    2.87899004e-27     
   1.0000        7.7426e+18    4.6416e+15    2.87899004e-27     
   1.0000        7.7426e+18    7.7426e+15    2.87899004e-27     
   1.0000        7.7426e+18    1.2915e+16    2.87899004e-27     
   1.0000        7.7426e+18    2.1544e+16    2.87899004e-27     
   1.0000        7.7426e+18    3.5938e+16    2.87899004e-27     
   1.0000        7.7426e+18    5.9948e+16    2.87899004e-27     
   1.0000        7.7426e+18    1.0000e+17    2.87899004e-27     
   1.0000        1.2915e+19    1.0000e+15    4.00306491e-27     
   1.0000        1.2915e+19    1.6681e+15    4.00306491e-27     
   1.0000        1.2915e+19    2.7826e+15    4.00306491e-27     
   1.0000        1.2915e+19    4.6416e+15    4.00306491e-27     
   1.0000        1.2915e+19    7.7426e+15    4.00306491e-27     
   1.0000        1.2915e+19    1.2915e+16    4.00306491e-27     
   1.0000        1.2915e+19    2.1544e+16    4.00306491e-27     
   1.0000        1.2915e+19    3.5938e+16    4.00306491e-27     
   1.0000        1.2915e+19    5.9948e+16    4.00306491e-27     
   1.0000        1.2915e+19    1.0000e+17    4.00306491e-27     
   1.0000        2.1544e+19    1.0000e+15    5.47757057e-27     
   1.0000        2.1544e+19    1.6681e+15    5.47757057e-27     
   1.0000        2.1544e+19    2.7826e+15    5.47757057e-27     
   1.0000        2.1544e+19    4.6416e+15    5.47757057e-27     
   1.0000        2.1544e+19    7.7426e+15    5.47757057e-27     
   1.0000        2.1544e+19    1.2915e+16    5.47757057e-27     
   1.0000        2.1544e+19    2.1544e+16    5.47757057e-27     
   1.0000        2.1544e+19    3.5938e+16    5.47757057e-27     
   1.0000        2.1544e+19    5.9948e+16    5.47757057e-27     
   1.0000        2.1544e+19    1.0000e+17    5.47757057e-27     
   1.0000        3.5938e+19    1.0000e+15    7.27030627e-27     
   1.0000        3.5938e+19    1.6681e+15    7.27030627e-27     
   1.0000        3.5938e+19    2.7826e+15    7.27030627e-27     
   1.0000        3.5938e+19    4.6416e+15    7.27030627e-27     
   1.0000        3.5938e+19    7.7426e+15    7.27030627e-27     
   1.0000        3.5938e+19    1.2915e+16    7.27030627e-27     
   1.0000        3.5938e+19    2.1544e+16    7.27030627e-27     
   1.0000        3.5938e+19    3.5938e+16    7.27030627e-27     
   1.0000        3.5938e+19    5.9948e+16    7.27030627e-27     
   1.0000        3.5938e+19    1.0000e+17    7.27030627e-27     
   1.0000        5.9948e+19    1.0000e+15    9.22338373e-27     
   1.0000        5.9948e+19    1.6681e+15    9.22338373e-27     
   1.0000        5.9948e+19    2.7826e+15    9.22338373e-27     
   1.0000        5.9948e+19    4.6416e+15    9.22338373e-27     
   1.0000        5.9948e+19    7.7426e+15    9.22338373e-27     
   1.0000        5.9948e+19    1.2915e+16    9.22338373e-27     
   1.0000        5.9948e+19    2.1544e+16    9.22338373e-27     
   1.0000        5.9948e+19    3.5938e+16    9.22338373e-27     
   1.0000        5.9948e+19    5.9948e+16    9.22338373e-27     
   1.0000        5.9948e+19    1.0000e+17    9.22338373e-27     
   1.0000        1.0000e+20    1.0000e+15    1.10782986e-26     
   1.0000        1.0000e+20    1.6681e+15    1.10782986e-26     
   1.0000        1.0000e+20    2.7826e+15    1.10782986e-26     
   1.0000        1.0000e+20    4.6416e+15    1.10782986e-26     
   1.0000        1.0000e+20    7.7426e+15    1.10782986e-26     
   1.0000        1.0000e+20    1.2915e+16    1.10782986e-26     
   1.0000        1.0000e+20    2.1544e+16    1.10782986e-26     
   1.0000        1.0000e+20    3.5938e+16    1.10782986e-26     
   1.0000        1.0000e+20    5.9948e+16    1.10782986e-26     
   1.0000        1.0000e+20    1.0000e+17    1.10782986e-26     
   1.2915        1.0000e+18    1.0000e+15    1.41955059e-27     
   1.2915        1.0000e+18    1.6681e+15    1.41955059e-27     
   1.2915        1.0000e+18    2.7826e+15    1.41955059e-27     
   1.2915        1.0000e+18    4.6416e+15    1.41955059e-27     
   1.2915        1.0000e+18    7.7426e+15    1.41955059e-27     
   1.2915        1.0000e+18    1.2915e+16    1.41955059e-27     
   1.2915        1.0000e+18    2.1544e+16    1.41955059e-27     
   1.2915        1.0000e+18    3.5938e+16    1.41955059e-27     
   1.2915        1.0000e+18    5.9948e+16    1.41955059e-27     
   1.2915        1.0000e+18    1.0000e+17    1.41955059e-27     
   1.2915        1.6681e+18    1.0000e+15    1.97868843e-27     
   1.2915        1.6681e+18    1.6681e+15    1.97868843e-27     
   1.2915        1.6681e+18    2.7826e+15    1.97868843e-27     
   1.2915        1.6681e+18    4.6416e+15    1.97868843e-27     
   1.2915        1.6681e+18    7.7426e+15    1.97868843e-27     
   1.2915        1.6681e+18    1.2915e+16    1.97868843e-27     
   1.2915        1.6681e+18    2.1544e+16    1.97868843e-27     
   1.2915        1.6681e+18    3.5938e+16    1.97868843e-27     
   1.2915        1.6681e+18    5.9948e+16    1.97868843e-27     
   1.2915        1.6681e+18    1.0000e+17    1.97868843e-27     
   1.2915        2.7826e+18    1.0000e+15    2.73316217e-27     
   1.2915        2.7826e+18    1.6681e+15    2.73316217e-27     
   1.2915        2.7826e+18    2.7826e+15    2.73316217e-27     
   1.2915        2.7826e+18    4.6416e+15    2.73316217e-27     
   1.2915        2.7826e+18    7.7426e+15    2.73316217e-27     
   1.2915        2.7826e+18    1.2915e+16    2.73316217e-27     
   1.2915        2.7826e+18    2.1544e+16    2.73316217e-27     
   1.2915        2.7826e+18    3.5938e+16    2.73316217e-27     
   1.2915        2.7826e+18    5.9948e+16    2.73316217e-27     
   1.2915        2.7826e+18    1.0000e+17    2.73316217e-27     
   1.2915        4.6416e+18    1.0000e+15    3.75234954e-27     
   1.2915        4.6416e+18    1.6681e+15    3.75234954e-27     
   1.2915        4.6416e+18    2.7826e+15    3.75234954e-27     
   1.2915        4.6416e+18    4.6416e+15    3.75234954e-27     
   1.2915        4.6416e+18    7.7426e+15    3.75234954e-27     
   1.2915        4.6416e+18    1.2915e+16    3.75234954e-27     
   1.2915        4.6416e+18    2.1544e+16    3.75234954e-27     
   1.2915        4.6416e+18    3.5938e+16    3.75234954e-27     
   1.2915        4.6416e+18    5.9948e+16    3.75234954e-27     
   1.2915        4.6416e+18    1.0000e+17    3.75234954e-27     
   1.2915        7.7426e+18    1.0000e+15    5.12268618e-27     
   1.2915        7.7426e+18    1.6681e+15    5.12268618e-27     
   1.2915        7.7426e+18    2.7826e+15    5.12268618e-27     
   1.2915        7.7426e+18    4.6416e+15    5.12268618e-27     
   1.2915        7.7426e+18    7.7426e+15    5.12268618e-27     
   1.2915        7.7426e+18    1.2915e+16    5.12268618e-27     
   1.2915        7.7426e+18    2.1544e+16    5.12268618e-27     
   1.2915        7.7426e+18    3.5938e+16    5.12268618e-27     
   1.2915        7.7426e+18    5.9948e+16    5.12268618e-27     
   1.2915        7.7426e+18    1.0000e+17    5.12268618e-27     
   1.2915        1.2915e+19    1.0000e+15    6.92704772e-27     
   1.2915        1.2915e+19    1.6681e+15    6.92704772e-27     
   1.2915        1.2915e+19    2.7826e+15    6.92704772e-27     
   1.2915        1.2915e+19    4.6416e+15    6.92704772e-27     
   1.2915        1.2915e+19    7.7426e+15    6.92704772e-27     
   1.2915        1.2915e+19    1.2915e+16    6.92704772e-27     
   1.2915        1.2915e+19    2.1544e+16    6.92704772e-27     
   1.2915        1.2915e+19    3.5938e+16    6.92704772e-27     
   1.2915        1.2915e+19    5.9948e+16    6.92704772e-27     
   1.2915        1.2915e+19    1.0000e+17    6.92704772e-27     
   1.2915        2.1544e+19    1.0000e+15    9.18435029e-27     
   1.2915        2.1544e+19    1.6681e+15    9.18435029e-27     
   1.2915        2.1544e+19    2.7826e+15    9.18435029e-27     
   1.2915        2.1544e+19    4.6416e+15    9.18435029e-27     
   1.2915        2.1544e+19    7.7426e+15    9.18435029e-27     
   1.2915        2.1544e+19    1.2915e+16    9.18435029e-27     
   1.2915        2.1544e+19    2.1544e+16    9.18435029e-27     
   1.2915        2.1544e+19    3.5938e+16    9.18435029e-27     
   1.2915        2.1544e+19    5.9948e+16    9.18435029e-27     
   1.2915        2.1544e+19    1.0000e+17    9.18435029e-27     
   1.2915        3.5938e+19    1.0000e+15    1.17688494e-26     
   1.2915        3.5938e+19    1.6681e+15    1.17688494e-26     
   1.2915        3.5938e+19    2.7826e+15    1.17688494e-26     
   1.2915        3.5938e+19    4.6416e+15    1.17688494e-26     
   1.2915        3.5938e+19    7.7426e+15    1.17688494e-26     
   1.2915        3.5938e+19    1.2915e+16    1.17688494e-26     
   1.2915        3.5938e+19    2.1544e+16    1.17688494e-26     
   1.2915        3.5938e+19    3.5938e+16    1.17688494e-26     
   1.2915        3.5938e+19    5.9948e+16    1.17688494e-26     
   1.2915        3.5938e+19    1.0000e+17    1.17688494e-26     
   1.2915        5.9948e+19    1.0000e+15    1.43841126e-26     
   1.2915        5.9948e+19    1.6681e+15    1.43841126e-26     
   1.2915        5.9948e+19    2.7826e+15    1.43841126e-26     
   1.2915        5.9948e+19    4.6416e+15    1.43841126e-26     
   1.2915        5.9948e+19    7.7426e+15    1.43841126e-26     
   1.2915        5.9948e+19    1.2915e+16    1.43841126e-26     
   1.2915        5.9948e+19    2.1544e+16    1.43841126e-26     
   1.2915        5.9948e+19    3.5938e+16    1.43841126e-26     
   1.2915        5.9948e+19    5.9948e+16    1.43841126e-26     
   1.2915        5.9948e+19    1.0000e+17    1.43841126e-26     
   1.2915        1.0000e+20    1.0000e+15    1.66514054e-26     
   1.2915        1.0000e+20    1.6681e+15    1.66514054e-26     
   1.2915        1.0000e+20    2.7826e+15    1.66514054e-26     
   1.2915        1.0000e+20    4.6416e+15    1.66514054e-26     
   1.2915        1.0000e+20    7.7426e+15    1.66514054e-26     
   1.2915        1.0000e+20    1.2915e+16    1.66514054e-26     
   1.2915        1.0000e+20    2.1544e+16    1.66514054e-26     
   1.2915        1.0000e+20    3.5938e+16    1.66514054e-26     
   1.2915        1.0000e+20    5.9948e+16    1.66514054e-26     
   1.2915        1.0000e+20    1.0000e+17    1.66514054e-26     
   1.6681        1.0000e+18    1.0000e+15    2.54382616e-27     
   1.6681        1.0000e+18    1.6681e+15    2.54382616e-27     
   1.6681        1.0000e+18    2.7826e+15    2.54382616e-27     
   1.6681        1.0000e+18    4.6416e+15    2.54382616e-27     
   1.6681        1.0000e+18    7.7426e+15    2.54382616e-27     
   1.6681        1.0000e+18    1.2915e+16    2.54382616e-27     
   1.6681        1.0000e+18    2.1544e+16    2.54382616e-27     
   1.6681        1.0000e+18    3.5938e+16    2.54382616e-27     
   1.6681        1.0000e+18    5.9948e+16    2.54382616e-27     
   1.6681        1.0000e+18    1.0000e+17    2.54382616e-27     
   1.6681        1.6681e+18    1.0000e+15    3.49772460e-27     
   1.6681        1.6681e+18    1.6681e+15    3.49772460e-27     
   1.6681        1.6681e+18    2.7826e+15    3.49772460e-27     
   1.6681        1.6681e+18    4.6416e+15    3.49772460e-27     
   1.6681        1.6681e+18    7.7426e+15    3.49772460e-27     
   1.6681        1.6681e+18    1.2915e+16    3.49772460e-27     
   1.6681        1.6681e+18    2.1544e+16    3.49772460e-27     
   1.6681        1.6681e+18    3.5938e+16    3.49772460e-27     
   1.6681        1.6681e+18    5.9948e+16    3.49772460e-27     
   1.6681        1.6681e+18    1.0000e+17    3.49772460e-27     
   1.6681        2.7826e+18    1.0000e+15    4.75627999e-27     
   1.6681        2.7826e+18    1.6681e+15    4.75627999e-27     
   1.6681        2.7826e+18    2.7826e+15    4.75627999e-27     
   1.6681        2.7826e+18    4.6416e+15    4.75627999e-27     
   1.6681        2.7826e+18    7.7426e+15    4.75627999e-27     
   1.6681        2.7826e+18    1.2915e+16    4.75627999e-27     
   1.6681        2.7826e+18    2.1544e+16    4.75627999e-27     
   1.6681        2.7826e+18    3.5938e+16    4.75627999e-27     
   1.6681        2.7826e+18    5.9948e+16    4.75627999e-27     
   1.6681        2.7826e+18    1.0000e+17    4.75627999e-27     
   1.6681        4.6416e+18    1.0000e+15    6.41358924e-27     
   1.6681        4.6416e+18    1.6681e+15    6.41358924e-27     
   1.6681        4.6416e+18    2.7826e+15    6.41358924e-27     
   1.6681        4.6416e+18    4.6416e+15    6.41358924e-27     
   1.6681        4.6416e+18    7.7426e+15    6.41358924e-27     
   1.6681        4.6416e+18    1.2915e+16    6.41358924e-27     
   1.6681        4.6416e+18    2.1544e+16    6.41358924e-27     
   1.6681        4.6416e+18    3.5938e+16    6.41358924e-27     
   1.6681        4.6416e+18    5.9948e+16    6.41358924e-27     
   1.6681        4.6416e+18    1.0000e+17    6.41358924e-27     
   1.6681        7.7426e+18    1.0000e+15    8.57897161e-27     
   1.6681        7.7426e+18    1.6681e+15    8.57897161e-27     
   1.6681        7.7426e+18    2.7826e+15    8.57897161e-27     
   1.6681        7.7426e+18    4.6416e+15    8.57897161e-27     
   1.6681        7.7426e+18    7.7426e+15    8.57897161e-27     
   1.6681        7.7426e+18    1.2915e+16    8.57897161e-27     
   1.6681        7.7426e+18    2.1544e+16    8.57897161e-27     
   1.6681        7.7426e+18    3.5938e+16    8.57897161e-27     
   1.6681        7.7426e+18    5.9948e+16    8.57897161e-27     
   1.6681        7.7426e+18    1.0000e+17    8.57897161e-27     
   1.6681        1.2915e+19    1.0000e+15    1.13319136e-26     
   1.6681        1.2915e+19    1.6681e+15    1.13319136e-26     
   1.6681        1.2915e+19    2.7826e+15    1.13319136e-26     
   1.6681        1.2915e+19    4.6416e+15    1.13319136e-26     
   1.6681        1.2915e+19    7.7426e+15    1.13319136e-26     
   1.6681        1.2915e+19    1.2915e+16    1.13319136e-26     
   1.6681        1.2915e+19    2.1544e+16    1.13319136e-26     
   1.6681        1.2915e+19    3.5938e+16    1.13319136e-26     
   1.6681        1.2915e+19    5.9948e+16    1.13319136e-26     
   1.6681        1.2915e+19    1.0000e+17    1.13319136e-26     
   1.6681        2.1544e+19    1.0000e+15    1.46222106e-26     
   1.6681        2.1544e+19    1.6681e+15    1.46222106e-26     
   1.6681        2.1544e+19    2.7826e+15    1.46222106e-26     
   1.6681        2.1544e+19    4.6416e+15    1.46222106e-26     
   1.6681        2.1544e+19    7.7426e+15    1.46222106e-26     
   1.6681        2.1544e+19    1.2915e+16    1.46222106e-26     
   1.6681        2.1544e+19    2.1544e+16    1.46222106e-26     
   1.6681        2.1544e+19    3.5938e+16    1.46222106e-26     
   1.6681        2.1544e+19    5.9948e+16    1.46222106e-26     
   1.6681        2.1544e+19    1.0000e+17    1.46222106e-26     
   1.6681        3.5938e+19    1.0000e+15    1.81751281e-26     
   1.6681        3.5938e+19    1.6681e+15    1.81751281e-26     
   1.6681        3.5938e+19    2.7826e+15    1.81751281e-26     
   1.6681        3.5938e+19    4.6416e+15    1.81751281e-26     
   1.6681        3.5938e+19    7.7426e+15    1.81751281e-26     
   1.6681        3.5938e+19    1.2915e+16    1.81751281e-26     
   1.6681        3.5938e+19    2.1544e+16    1.81751281e-26     
   1.6681        3.5938e+19    3.5938e+16    1.81751281e-26     
   1.6681        3.5938e+19    5.9948e+16    1.81751281e-26     
   1.6681        3.5938e+19    1.0000e+17    1.81751281e-26     
   1.6681        5.9948e+19    1.0000e+15    2.15155125e-26     
   1.6681        5.9948e+19    1.6681e+15    2.15155125e-26     
   1.6681        5.9948e+19    2.7826e+15    2.15155125e-26     
   1.6681        5.9948e+19    4.6416e+15    2.15155125e-26     
   1.6681        5.9948e+19    7.7426e+15    2.15155125e-26     
   1.6681        5.9948e+19    1.2915e+16    2.15155125e-26     
   1.6681        5.9948e+19    2.1544e+16    2.15155125e-26     
   1.6681        5.9948e+19    3.5938e+16    2.15155125e-26     
   1.6681        5.9948e+19    5.9948e+16    2.15155125e-26     
   1.6681        5.9948e+19    1.0000e+17    2.15155125e-26     
   1.6681        1.0000e+20    1.0000e+15    2.41361295e-26     
   1.6681        1.0000e+20    1.6681e+15    2.41361295e-26     
   1.6681        1.0000e+20    2.7826e+15    2.41361295e-26     
   1.6681        1.0000e+20    4.6416e+15    2.41361295e-26     
   1.6681        1.0000e+20    7.7426e+15    2.41361295e-26     
   1.6681        1.0000e+20    1.2915e+16    2.41361295e-26     
   1.6681        1.0000e+20    2.1544e+16    2.41361295e-26     
   1.6681        1.0000e+20    3.5938e+16    2.41361295e-26     
   1.6681        1.0000e+20    5.9948e+16    2.41361295e-26     
   1.6681        1.0000e+20    1.0000e+17    2.41361295e-26     
   2.1544        1.0000e+18    1.0000e+15    4.23036854e-27     
   2.1544        1.0000e+18    1.6681e+15    4.23036854e-27     
   2.1544        1.0000e+18    2.7826e+15    4.23036854e-27     
   2.1544        1.0000e+18    4.6416e+15    4.23036854e-27     
   2.1544        1.0000e+18    7.7426e+15    4.23036854e-27     
   2.1544        1.0000e+18    1.2915e+16    4.23036854e-27     
   2.1544        1.0000e+18    2.1544e+16    4.23036854e-27     
   2.1544        1.0000e+18    3.5938e+16    4.23036854e-27     
   2.1544        1.0000e+18    5.9948e+16    4.23036854e-27     
   2.1544        1.0000e+18    1.0000e+17    4.23036854e-27     
   2.1544        1.6681e+18    1.0000e+15    5.75510027e-27     
   2.1544        1.6681e+18    1.6681e+15    5.75510027e-27     
   2.1544        1.6681e+18    2.7826e+15    5.75510027e-27     
   2.1544        1.6681e+18    4.6416e+15    5.75510027e-27     
   2.1544        1.6681e+18    7.7426e+15    5.75510027e-27     
   2.1544        1.6681e+18    1.2915e+16    5.75510027e-27     
   2.1544        1.6681e+18    2.1544e+16    5.75510027e-27     
   2.1544        1.6681e+18    3.5938e+16    5.75510027e-27     
   2.1544        1.6681e+18    5.9948e+16    5.75510027e-27     
   2.1544        1.6681e+18    1.0000e+17    5.75510027e-27     
   2.1544        2.7826e+18    1.0000e+15    7.73130078e-27     
   2.1544        2.7826e+18    1.6681e+15    7.73130078e-27     
   2.1544        2.7826e+18    2.7826e+15    7.73130078e-27     
   2.1544        2.7826e+18    4.6416e+15    7.73130078e-27     
   2.1544        2.7826e+18    7.7426e+15    7.73130078e-27     
   2.1544        2.7826e+18    1.2915e+16    7.73130078e-27     
   2.1544        2.7826e+18    2.1544e+16    7.73130078e-27     
   2.1544        2.7826e+18    3.5938e+16    7.73130078e-27     
   2.1544        2.7826e+18    5.9948e+16    7.73130078e-27     
   2.1544        2.7826e+18    1.0000e+17    7.73130078e-27     
   2.1544        4.6416e+18    1.0000e+15    1.02814209e-26     
   2.1544        4.6416e+18    1.6681e+15    1.02814209e-26     
   2.1544        4.6416e+18    2.7826e+15    1.02814209e-26     
   2.1544        4.6416e+18    4.6416e+15    1.02814209e-26     
   2.1544        4.6416e+18    7.7426e+15    1.02814209e-26     
   2.1544        4.6416e+18    1.2915e+16    1.02814209e-26     
   2.1544        4.6416e+18    2.1544e+16    1.02814209e-26     
   2.1544        4.6416e+18    3.5938e+16    1.02814209e-26     
   2.1544        4.6416e+18    5.9948e+16    1.02814209e-26     
   2.1544        4.6416e+18    1.0000e+17    1.02814209e-26     
   2.1544        7.7426e+18    1.0000e+15    1.35342307e-26     
   2.1544        7.7426e+18    1.6681e+15    1.35342307e-26     
   2.1544        7.7426e+18    2.7826e+15    1.35342307e-26     
   2.1544        7.7426e+18    4.6416e+15    1.35342307e-26     
   2.1544        7.7426e+18    7.7426e+15    1.35342307e-26     
   2.1544        7.7426e+18    1.2915e+16    1.35342307e-26     
   2.1544        7.7426e+18    2.1544e+16    1.35342307e-26     
   2.1544        7.7426e+18    3.5938e+16    1.35342307e-26     
   2.1544        7.7426e+18    5.9948e+16    1.35342307e-26     
   2.1544        7.7426e+18    1.0000e+17    1.35342307e-26     
   2.1544        1.2915e+19    1.0000e+15    1.75411574e-26     
   2.1544        1.2915e+19    1.6681e+15    1.75411574e-26     
   2.1544        1.2915e+19    2.7826e+15    1.75411574e-26     
   2.1544        1.2915e+19    4.6416e+15    1.75411574e-26     
   2.1544        1.2915e+19    7.7426e+15    1.75411574e-26     
   2.1544        1.2915e+19    1.2915e+16    1.75411574e-26     
   2.1544        1.2915e+19    2.1544e+16    1.75411574e-26     
   2.1544        1.2915e+19    3.5938e+16    1.75411574e-26     
   2.1544        1.2915e+19    5.9948e+16    1.75411574e-26     
   2.1544        1.2915e+19    1.0000e+17    1.75411574e-26     
   2.1544        2.1544e+19    1.0000e+15    2.21305005e-26     
   2.1544        2.1544e+19    1.6681e+15    2.21305005e-26     
   2.1544        2.1544e+19    2.7826e+15    2.21305005e-26     
   2.1544        2.1544e+19    4.6416e+15    2.21305005e-26     
   2.1544        2.1544e+19    7.7426e+15    2.21305005e-26     
   2.1544        2.1544e+19    1.2915e+16    2.21305005e-26     
   2.1544        2.1544e+19    2.1544e+16    2.21305005e-26     
   2.1544        2.1544e+19    3.5938e+16    2.21305005e-26     
   2.1544        2.1544e+19    5.9948e+16    2.21305005e-26     
   2.1544        2.1544e+19    1.0000e+17    2.21305005e-26     
   2.1544        3.5938e+19    1.0000e+15    2.68182075e-26     
   2.1544        3.5938e+19    1.6681e+15    2.68182075e-26     
   2.1544        3.5938e+19    2.7826e+15    2.68182075e-26     
   2.1544        3.5938e+19    4.6416e+15    2.68182075e-26     
   2.1544        3.5938e+19    7.7426e+15    2.68182075e-26     
   2.1544        3.5938e+19    1.2915e+16    2.68182075e-26     
   2.1544        3.5938e+19    2.1544e+16    2.68182075e-26     
   2.1544        3.5938e+19    3.5938e+16    2.68182075e-26     
   2.1544        3.5938e+19    5.9948e+16    2.68182075e-26     
   2.1544        3.5938e+19    1.0000e+17    2.68182075e-26     
   2.1544        5.9948e+19    1.0000e+15    3.09141490e-26     
   2.1544        5.9948e+19    1.6681e+15    3.09141490e-26     
   2.1544        5.9948e+19    2.7826e+15    3.09141490e-26     
   2.1544        5.9948e+19    4.6416e+15    3.09141490e-26     
   2.1544        5.9948e+19    7.7426e+15    3.09141490e-26     
   2.1544        5.9948e+19    1.2915e+16    3.09141490e-26     
   2.1544        5.9948e+19    2.1544e+16    3.09141490e-26     
   2.1544        5.9948e+19    3.5938e+16    3.09141490e-26     
   2.1544        5.9948e+19    5.9948e+16    3.09141490e-26     
   2.1544        5.9948e+19    1.0000e+17    3.09141490e-26     
   2.1544        1.0000e+20    1.0000e+15    3.37753770e-26     
   2.1544        1.0000e+20    1.6681e+15    3.37753770e-26     
   2.1544        1.0000e+20    2.7826e+15    3.37753770e-26     
   2.1544        1.0000e+20    4.6416e+15    3.37753770e-26     
   2.1544        1.0000e+20    7.7426e+15    3.37753770e-26     
   2.1544        1.0000e+20    1.2915e+16    3.37753770e-26     
   2.1544        1.0000e+20    2.1544e+16    3.37753770e-26     
   2.1544        1.0000e+20    3.5938e+16    3.37753770e-26     
   2.1544        1.0000e+20    5.9948e+16    3.37753770e-26     
   2.1544        1.0000e+20    1.0000e+17    3.37753770e-26     
   2.7826        1.0000e+18    1.0000e+15    6.44885846e-27     
   2.7826        1.0000e+18    1.6681e+15    6.44885846e-27     
   2.7826        1.0000e+18    2.7826e+15    6.44885846e-27     
   2.7826        1.0000e+18    4.6416e+15    6.44885846e-27     
   2.7826        1.0000e+18    7.7426e+15    6.44885846e-27     
   2.7826        1.0000e+18    1.2915e+16    6.44885846e-27     
   2.7826        1.0000e+18    2.1544e+16    6.44885846e-27     
   2.7826        1.0000e+18    3.5938e+16    6.44885846e-27     
   2.7826        1.0000e+18    5.9948e+16    6.44885846e-27     
   2.7826        1.0000e+18    1.0000e+17    6.44885846e-27     
   2.7826        1.6681e+18    1.0000e+15    8.70512039e-27     
   2.7826        1.6681e+18    1.6681e+15    8.70512039e-27     
   2.7826        1.6681e+18    2.7826e+15    8.70512039e-27     
   2.7826        1.6681e+18    4.6416e+15    8.70512039e-27     
   2.7826        1.6681e+18    7.7426e+15    8.70512039e-27     
   2.7826        1.6681e+18    1.2915e+16    8.70512039e-27     
   2.7826        1.6681e+18    2.1544e+16    8.70512039e-27     
   2.7826        1.6681e+18    3.5938e+16    8.70512039e-27     
   2.7826        1.6681e+18    5.9948e+16    8.70512039e-27     
   2.7826        1.6681e+18    1.0000e+17    8.70512039e-27     
   2.7826        2.7826e+18    1.0000e+15    1.15913131e-26     
   2.7826        2.7826e+18    1.6681e+15    1.15913131e-26     
   2.7826        2.7826e+18    2.7826e+15    1.15913131e-26     
   2.7826        2.7826e+18    4.6416e+15    1.15913131e-26     
   2.7826        2.7826e+18    7.7426e+15    1.15913131e-26     
   2.7826        2.7826e+18    1.2915e+16    1.15913131e-26     
   2.7826        2.7826e+18    2.1544e+16    1.15913131e-26     
   2.7826        2.7826e+18    3.5938e+16    1.15913131e-26     
   2.7826        2.7826e+18    5.9948e+16    1.15913131e-26     
   2.7826        2.7826e+18    1.0000e+17    1.15913131e-26     
   2.7826        4.6416e+18    1.0000e+15    1.52591251e-26     
   2.7826        4.6416e+18    1.6681e+15    1.52591251e-26     
   2.7826        4.6416e+18    2.7826e+15    1.52591251e-26     
   2.7826        4.6416e+18    4.6416e+15    1.52591251e-26     
   2.7826        4.6416e+18    7.7426e+15    1.52591251e-26     
   2.7826        4.6416e+18    1.2915e+16    1.52591251e-26     
   2.7826        4.6416e+18    2.1544e+16    1.52591251e-26     
   2.7826        4.6416e+18    3.5938e+16    1.52591251e-26     
   2.7826        4.6416e+18    5.9948e+16    1.52591251e-26     
   2.7826        4.6416e+18    1.0000e+17    1.52591251e-26     
   2.7826        7.7426e+18    1.0000e+15    1.98466646e-26     
   2.7826        7.7426e+18    1.6681e+15    1.98466646e-26     
   2.7826        7.7426e+18    2.7826e+15    1.98466646e-26     
   2.7826        7.7426e+18    4.6416e+15    1.98466646e-26     
   2.7826        7.7426e+18    7.7426e+15    1.98466646e-26     
   2.7826        7.7426e+18    1.2915e+16    1.98466646e-26     
   2.7826        7.7426e+18    2.1544e+16    1.98466646e-26     
   2.7826        7.7426e+18    3.5938e+16    1.98466646e-26     
   2.7826        7.7426e+18    5.9948e+16    1.98466646e-26     
   2.7826        7.7426e+18    1.0000e+17    1.98466646e-26     
   2.7826        1.2915e+19    1.0000e+15    2.53435011e-26     
   2.7826        1.2915e+19    1.6681e+15    2.53435011e-26     
   2.7826        1.2915e+19    2.7826e+15    2.53435011e-26     
   2.7826        1.2915e+19    4.6416e+15    2.53435011e-26     
   2.7826        1.2915e+19    7.7426e+15    2.53435011e-26     
   2.7826        1.2915e+19    1.2915e+16    2.53435011e-26     
   2.7826        1.2915e+19    2.1544e+16    2.53435011e-26     
   2.7826        1.2915e+19    3.5938e+16    2.53435011e-26     
   2.7826        1.2915e+19    5.9948e+16    2.53435011e-26     
   2.7826        1.2915e+19    1.0000e+17    2.53435011e-26     
   2.7826        2.1544e+19    1.0000e+15    3.14014121e-26     
   2.7826        2.1544e+19    1.6681e+15    3.14014121e-26     
   2.7826        2.1544e+19    2.7826e+15    3.14014121e-26     
   2.7826        2.1544e+19    4.6416e+15    3.14014121e-26     
   2.7826        2.1544e+19    7.7426e+15    3.14014121e-26     
   2.7826        2.1544e+19    1.2915e+16    3.14014121e-26     
   2.7826        2.1544e+19    2.1544e+16    3.14014121e-26     
   2.7826        2.1544e+19    3.5938e+16    3.14014121e-26     
   2.7826        2.1544e+19    5.9948e+16    3.14014121e-26     
   2.7826        2.1544e+19    1.0000e+17    3.14014121e-26     
   2.7826        3.5938e+19    1.0000e+15    3.72777725e-26     
   2.7826        3.5938e+19    1.6681e+15    3.72777725e-26     
   2.7826        3.5938e+19    2.7826e+15    3.72777725e-26     
   2.7826        3.5938e+19    4.6416e+15    3.72777725e-26     
   2.7826        3.5938e+19    7.7426e+15    3.72777725e-26     
   2.7826        3.5938e+19    1.2915e+16    3.72777725e-26     
   2.7826        3.5938e+19    2.1544e+16    3.72777725e-26     
   2.7826        3.5938e+19    3.5938e+16    3.72777725e-26     
   2.7826        3.5938e+19    5.9948e+16    3.72777725e-26     
   2.7826        3.5938e+19    1.0000e+17    3.72777725e-26     
   2.7826        5.9948e+19    1.0000e+15    4.20480500e-26     
   2.7826        5.9948e+19    1.6681e+15    4.20480500e-26     
   2.7826        5.9948e+19    2.7826e+15    4.20480500e-26     
   2.7826        5.9948e+19    4.6416e+15    4.20480500e-26     
   2.7826        5.9948e+19    7.7426e+15    4.20480500e-26     
   2.7826        5.9948e+19    1.2915e+16    4.20480500e-26     
   2.7826        5.9948e+19    2.1544e+16    4.20480500e-26     
   2.7826        5.9948e+19    3.5938e+16    4.20480500e-26     
   2.7826        5.9948e+19    5.9948e+16    4.20480500e-26     
   2.7826        5.9948e+19    1.0000e+17    4.20480500e-26     
   2.7826        1.0000e+20    1.0000e+15    4.49360899e-26     
   2.7826        1.0000e+20    1.6681e+15    4.49360899e-26     
   2.7826        1.0000e+20    2.7826e+15    4.49360899e-26     
   2.7826        1.0000e+20    4.6416e+15    4.49360899e-26     
   2.7826        1.0000e+20    7.7426e+15    4.49360899e-26     
   2.7826        1.0000e+20    1.2915e+16    4.49360899e-26     
   2.7826        1.0000e+20    2.1544e+16    4.49360899e-26     
   2.7826        1.0000e+20    3.5938e+16    4.49360899e-26     
   2.7826        1.0000e+20    5.9948e+16    4.49360899e-26     
   2.7826        1.0000e+20    1.0000e+17    4.49360899e-26     
   3.5938        1.0000e+18    1.0000e+15    8.92228223e-27     
   3.5938        1.0000e+18    1.6681e+15    8.92228223e-27     
   3.5938        1.0000e+18    2.7826e+15    8.92228223e-27     
   3.5938        1.0000e+18    4.6416e+15    8.92228223e-27     
   3.5938        1.0000e+18    7.7426e+15    8.92228223e-27     
   3.5938        1.0000e+18    1.2915e+16    8.92228223e-27     
   3.5938        1.0000e+18    2.1544e+16    8.92228223e-27     
   3.5938        1.0000e+18    3.5938e+16    8.92228223e-27     
   3.5938        1.0000e+18    5.9948e+16    8.92228223e-27     
   3.5938        1.0000e+18    1.0000e+17    8.92228223e-27     
   3.5938        1.6681e+18    1.0000e+15    1.19811557e-26     
   3.5938        1.6681e+18    1.6681e+15    1.19811557e-26     
   3.5938        1.6681e+18    2.7826e+15    1.19811557e-26     
   3.5938        1.6681e+18    4.6416e+15    1.19811557e-26     
   3.5938        1.6681e+18    7.7426e+15    1.19811557e-26     
   3.5938        1.6681e+18    1.2915e+16    1.19811557e-26     
   3.5938        1.6681e+18    2.1544e+16    1.19811557e-26     
   3.5938        1.6681e+18    3.5938e+16    1.19811557e-26     
   3.5938        1.6681e+18    5.9948e+16    1.19811557e-26     
   3.5938        1.6681e+18    1.0000e+17    1.19811557e-26     
   3.5938        2.7826e+18    1.0000e+15    1.58592049e-26     
   3.5938        2.7826e+18    1.6681e+15    1.58592049e-26     
   3.5938        2.7826e+18    2.7826e+15    1.58592049e-26     
   3.5938        2.7826e+18    4.6416e+15    1.58592049e-26     
   3.5938        2.7826e+18    7.7426e+15    1.58592049e-26     
   3.5938        2.7826e+18    1.2915e+16    1.58592049e-26     
   3.5938        2.7826e+18    2.1544e+16    1.58592049e-26     
   3.5938        2.7826e+18    3.5938e+16    1.58592049e-26     
   3.5938        2.7826e+18    5.9948e+16    1.58592049e-26     
   3.5938        2.7826e+18    1.0000e+17    1.58592049e-26     
   3.5938        4.6416e+18    1.0000e+15    2.07333982e-26     
   3.5938        4.6416e+18    1.6681e+15    2.07333982e-26     
   3.5938        4.6416e+18    2.7826e+15    2.07333982e-26     
   3.5938        4.6416e+18    4.6416e+15    2.07333982e-26     
   3.5938        4.6416e+18    7.7426e+15    2.07333982e-26     
   3.5938        4.6416e+18    1.2915e+16    2.07333982e-26     
   3.5938        4.6416e+18    2.1544e+16    2.07333982e-26     
   3.5938        4.6416e+18    3.5938e+16    2.07333982e-26     
   3.5938        4.6416e+18    5.9948e+16    2.07333982e-26     
   3.5938        4.6416e+18    1.0000e+17    2.07333982e-26     
   3.5938        7.7426e+18    1.0000e+15    2.67352309e-26     
   3.5938        7.7426e+18    1.6681e+15    2.67352309e-26     
   3.5938        7.7426e+18    2.7826e+15    2.67352309e-26     
   3.5938        7.7426e+18    4.6416e+15    2.67352309e-26     
   3.5938        7.7426e+18    7.7426e+15    2.67352309e-26     
   3.5938        7.7426e+18    1.2915e+16    2.67352309e-26     
   3.5938        7.7426e+18    2.1544e+16    2.67352309e-26     
   3.5938        7.7426e+18    3.5938e+16    2.67352309e-26     
   3.5938        7.7426e+18    5.9948e+16    2.67352309e-26     
   3.5938        7.7426e+18    1.0000e+17    2.67352309e-26     
   3.5938        1.2915e+19    1.0000e+15    3.37595184e-26     
   3.5938        1.2915e+19    1.6681e+15    3.37595184e-26     
   3.5938        1.2915e+19    2.7826e+15    3.37595184e-26     
   3.5938        1.2915e+19    4.6416e+15    3.37595184e-26     
   3.5938        1.2915e+19    7.7426e+15    3.37595184e-26     
   3.5938        1.2915e+19    1.2915e+16    3.37595184e-26     
   3.5938        1.2915e+19    2.1544e+16    3.37595184e-26     
   3.5938        1.2915e+19    3.5938e+16    3.37595184e-26     
   3.5938        1.2915e+19    5.9948e+16    3.37595184e-26     
   3.5938        1.2915e+19    1.0000e+17    3.37595184e-26     
   3.5938        2.1544e+19    1.0000e+15    4.12444955e-26     
   3.5938        2.1544e+19    1.6681e+15    4.12444955e-26     
   3.5938        2.1544e+19    2.7826e+15    4.12444955e-26     
   3.5938        2.1544e+19    4.6416e+15    4.12444955e-26     
   3.5938        2.1544e+19    7.7426e+15    4.12444955e-26     
   3.5938        2.1544e+19    1.2915e+16    4.12444955e-26     
   3.5938        2.1544e+19    2.1544e+16    4.12444955e-26     
   3.5938        2.1544e+19    3.5938e+16    4.12444955e-26     
   3.5938        2.1544e+19    5.9948e+16    4.12444955e-26     
   3.5938        2.1544e+19    1.0000e+17    4.12444955e-26     
   3.5938        3.5938e+19    1.0000e+15    4.81728249e-26     
   3.5938        3.5938e+19    1.6681e+15    4.81728249e-26     
   3.5938        3.5938e+19    2.7826e+15    4.81728249e-26     
   3.5938        3.5938e+19    4.6416e+15    4.81728249e-26     
   3.5938        3.5938e+19    7.7426e+15    4.81728249e-26     
   3.5938        3.5938e+19    1.2915e+16    4.81728249e-26     
   3.5938        3.5938e+19    2.1544e+16    4.81728249e-26     
   3.5938        3.5938e+19    3.5938e+16    4.81728249e-26     
   3.5938        3.5938e+19    5.9948e+16    4.81728249e-26     
   3.5938        3.5938e+19    1.0000e+17    4.81728249e-26     
   3.5938        5.9948e+19    1.0000e+15    5.33967609e-26     
   3.5938        5.9948e+19    1.6681e+15    5.33967609e-26     
   3.5938        5.9948e+19    2.7826e+15    5.33967609e-26     
   3.5938        5.9948e+19    4.6416e+15    5.33967609e-26     
   3.5938        5.9948e+19    7.7426e+15    5.33967609e-26     
   3.5938        5.9948e+19    1.2915e+16    5.33967609e-26     
   3.5938        5.9948e+19    2.1544e+16    5.33967609e-26     
   3.5938        5.9948e+19    3.5938e+16    5.33967609e-26     
   3.5938        5.9948e+19    5.9948e+16    5.33967609e-26     
   3.5938        5.9948e+19    1.0000e+17    5.33967609e-26     
   3.5938        1.0000e+20    1.0000e+15    5.60272233e-26     
   3.5938        1.0000e+20    1.6681e+15    5.60272233e-26     
   3.5938        1.0000e+20    2.7826e+15    5.60272233e-26     
   3.5938        1.0000e+20    4.6416e+15    5.60272233e-26     
   3.5938        1.0000e+20    7.7426e+15    5.60272233e-26     
   3.5938        1.0000e+20    1.2915e+16    5.60272233e-26     
   3.5938        1.0000e+20    2.1544e+16    5.60272233e-26     
   3.5938        1.0000e+20    3.5938e+16    5.60272233e-26     
   3.5938        1.0000e+20    5.9948e+16    5.60272233e-26     
   3.5938        1.0000e+20    1.0000e+17    5.60272233e-26     
   4.6416        1.0000e+18    1.0000e+15    1.11756096e-26     
   4.6416        1.0000e+18    1.6681e+15    1.11756096e-26     
   4.6416        1.0000e+18    2.7826e+15    1.11756096e-26     
   4.6416        1.0000e+18    4.6416e+15    1.11756096e-26     
   4.6416        1.0000e+18    7.7426e+15    1.11756096e-26     
   4.6416        1.0000e+18    1.2915e+16    1.11756096e-26     
   4.6416        1.0000e+18    2.1544e+16    1.11756096e-26     
   4.6416        1.0000e+18    3.5938e+16    1.11756096e-26     
   4.6416        1.0000e+18    5.9948e+16    1.11756096e-26     
   4.6416        1.0000e+18    1.0000e+17    1.11756096e-26     
   4.6416        1.6681e+18    1.0000e+15    1.49616318e-26     
   4.6416        1.6681e+18    1.6681e+15    1.49616318e-26     
   4.6416        1.6681e+18    2.7826e+15    1.49616318e-26     
   4.6416        1.6681e+18    4.6416e+15    1.49616318e-26     
   4.6416        1.6681e+18    7.7426e+15    1.49616318e-26     
   4.6416        1.6681e+18    1.2915e+16    1.49616318e-26     
   4.6416        1.6681e+18    2.1544e+16    1.49616318e-26     
   4.6416        1.6681e+18    3.5938e+16    1.49616318e-26     
   4.6416        1.6681e+18    5.9948e+16    1.49616318e-26     
   4.6416        1.6681e+18    1.0000e+17    1.49616318e-26     
   4.6416        2.7826e+18    1.0000e+15    1.97353259e-26     
   4.6416        2.7826e+18    1.6681e+15    1.97353259e-26     
   4.6416        2.7826e+18    2.7826e+15    1.97353259e-26     
   4.6416        2.7826e+18    4.6416e+15    1.97353259e-26     
   4.6416        2.7826e+18    7.7426e+15    1.97353259e-26     
   4.6416        2.7826e+18    1.2915e+16    1.97353259e-26     
   4.6416        2.7826e+18    2.1544e+16    1.97353259e-26     
   4.6416        2.7826e+18    3.5938e+16    1.97353259e-26     
   4.6416        2.7826e+18    5.9948e+16    1.97353259e-26     
   4.6416        2.7826e+18    1.0000e+17    1.97353259e-26     
   4.6416        4.6416e+18    1.0000e+15    2.56902354e-26     
   4.6416        4.6416e+18    1.6681e+15    2.56902354e-26     
   4.6416        4.6416e+18    2.7826e+15    2.56902354e-26     
   4.6416        4.6416e+18    4.6416e+15    2.56902354e-26     
   4.6416        4.6416e+18    7.7426e+15    2.56902354e-26     
   4.6416        4.6416e+18    1.2915e+16    2.56902354e-26     
   4.6416        4.6416e+18    2.1544e+16    2.56902354e-26     
   4.6416        4.6416e+18    3.5938e+16    2.56902354e-26     
   4.6416        4.6416e+18    5.9948e+16    2.56902354e-26     
   4.6416        4.6416e+18    1.0000e+17    2.56902354e-26     
   4.6416        7.7426e+18    1.0000e+15    3.29352148e-26     
   4.6416        7.7426e+18    1.6681e+15    3.29352148e-26     
   4.6416        7.7426e+18    2.7826e+15    3.29352148e-26     
   4.6416        7.7426e+18    4.6416e+15    3.29352148e-26     
   4.6416        7.7426e+18    7.7426e+15    3.29352148e-26     
   4.6416        7.7426e+18    1.2915e+16    3.29352148e-26     
   4.6416        7.7426e+18    2.1544e+16    3.29352148e-26     
   4.6416        7.7426e+18    3.5938e+16    3.29352148e-26     
   4.6416        7.7426e+18    5.9948e+16    3.29352148e-26     
   4.6416        7.7426e+18    1.0000e+17    3.29352148e-26     
   4.6416        1.2915e+19    1.0000e+15    4.12535200e-26     
   4.6416        1.2915e+19    1.6681e+15    4.12535200e-26     
   4.6416        1.2915e+19    2.7826e+15    4.12535200e-26     
   4.6416        1.2915e+19    4.6416e+15    4.12535200e-26     
   4.6416        1.2915e+19    7.7426e+15    4.12535200e-26     
   4.6416        1.2915e+19    1.2915e+16    4.12535200e-26     
   4.6416        1.2915e+19    2.1544e+16    4.12535200e-26     
   4.6416        1.2915e+19    3.5938e+16    4.12535200e-26     
   4.6416        1.2915e+19    5.9948e+16    4.12535200e-26     
   4.6416        1.2915e+19    1.0000e+17    4.12535200e-26     
   4.6416        2.1544e+19    1.0000e+15    4.98708979e-26     
   4.6416        2.1544e+19    1.6681e+15    4.98708979e-26     
   4.6416        2.1544e+19    2.7826e+15    4.98708979e-26     
   4.6416        2.1544e+19    4.6416e+15    4.98708979e-26     
   4.6416        2.1544e+19    7.7426e+15    4.98708979e-26     
   4.6416        2.1544e+19    1.2915e+16    4.98708979e-26     
   4.6416        2.1544e+19    2.1544e+16    4.98708979e-26     
   4.6416        2.1544e+19    3.5938e+16    4.98708979e-26     
   4.6416        2.1544e+19    5.9948e+16    4.98708979e-26     
   4.6416        2.1544e+19    1.0000e+17    4.98708979e-26     
   4.6416        3.5938e+19    1.0000e+15    5.75261578e-26     
   4.6416        3.5938e+19    1.6681e+15    5.75261578e-26     
   4.6416        3.5938e+19    2.7826e+15    5.75261578e-26     
   4.6416        3.5938e+19    4.6416e+15    5.75261578e-26     
   4.6416        3.5938e+19    7.7426e+15    5.75261578e-26     
   4.6416        3.5938e+19    1.2915e+16    5.75261578e-26     
   4.6416        3.5938e+19    2.1544e+16    5.75261578e-26     
   4.6416        3.5938e+19    3.5938e+16    5.75261578e-26     
   4.6416        3.5938e+19    5.9948e+16    5.75261578e-26     
   4.6416        3.5938e+19    1.0000e+17    5.75261578e-26     
   4.6416        5.9948e+19    1.0000e+15    6.28943185e-26     
   4.6416        5.9948e+19    1.6681e+15    6.28943185e-26     
   4.6416        5.9948e+19    2.7826e+15    6.28943185e-26     
   4.6416        5.9948e+19    4.6416e+15    6.28943185e-26     
   4.6416        5.9948e+19    7.7426e+15    6.28943185e-26     
   4.6416        5.9948e+19    1.2915e+16    6.28943185e-26     
   4.6416        5.9948e+19    2.1544e+16    6.28943185e-26     
   4.6416        5.9948e+19    3.5938e+16    6.28943185e-26     
   4.6416        5.9948e+19    5.9948e+16    6.28943185e-26     
   4.6416        5.9948e+19    1.0000e+17    6.28943185e-26     
   4.6416        1.0000e+20    1.0000e+15    6.50119640e-26     
   4.6416        1.0000e+20    1.6681e+15    6.50119640e-26     
   4.6416        1.0000e+20    2.7826e+15    6.50119640e-26     
   4.6416        1.0000e+20    4.6416e+15    6.50119640e-26     
   4.6416        1.0000e+20    7.7426e+15    6.50119640e-26     
   4.6416        1.0000e+20    1.2915e+16    6.50119640e-26     
   4.6416        1.0000e+20    2.1544e+16    6.50119640e-26     
   4.6416        1.0000e+20    3.5938e+16    6.50119640e-26     
   4.6416        1.0000e+20    5.9948e+16    6.50119640e-26     
   4.6416        1.0000e+20    1.0000e+17    6.50119640e-26     
   5.9948        1.0000e+18    1.0000e+15    1.27214689e-26     
   5.9948        1.0000e+18    1.6681e+15    1.27214689e-26     
   5.9948        1.0000e+18    2.7826e+15    1.27214689e-26     
   5.9948        1.0000e+18    4.6416e+15    1.27214689e-26     
   5.9948        1.0000e+18    7.7426e+15    1.27214689e-26     
   5.9948        1.0000e+18    1.2915e+16    1.27214689e-26     
   5.9948        1.0000e+18    2.1544e+16    1.27214689e-26     
   5.9948        1.0000e+18    3.5938e+16    1.27214689e-26     
   5.9948        1.0000e+18    5.9948e+16    1.27214689e-26     
   5.9948        1.0000e+18    1.0000e+17    1.27214689e-26     
   5.9948        1.6681e+18    1.0000e+15    1.70106633e-26     
   5.9948        1.6681e+18    1.6681e+15    1.70106633e-26     
   5.9948        1.6681e+18    2.7826e+15    1.70106633e-26     
   5.9948        1.6681e+18    4.6416e+15    1.70106633e-26     
   5.9948        1.6681e+18    7.7426e+15    1.70106633e-26     
   5.9948        1.6681e+18    1.2915e+16    1.70106633e-26     
   5.9948        1.6681e+18    2.1544e+16    1.70106633e-26     
   5.9948        1.6681e+18    3.5938e+16    1.70106633e-26     
   5.9948        1.6681e+18    5.9948e+16    1.70106633e-26     
   5.9948        1.6681e+18    1.0000e+17    1.70106633e-26     
   5.9948        2.7826e+18    1.0000e+15    2.24040117e-26     
   5.9948        2.7826e+18    1.6681e+15    2.24040117e-26     
   5.9948        2.7826e+18    2.7826e+15    2.24040117e-26     
   5.9948        2.7826e+18    4.6416e+15    2.24040117e-26     
   5.9948        2.7826e+18    7.7426e+15    2.24040117e-26     
   5.9948        2.7826e+18    1.2915e+16    2.24040117e-26     
   5.9948        2.7826e+18    2.1544e+16    2.24040117e-26     
   5.9948        2.7826e+18    3.5938e+16    2.24040117e-26     
   5.9948        2.7826e+18    5.9948e+16    2.24040117e-26     
   5.9948        2.7826e+18    1.0000e+17    2.24040117e-26     
   5.9948        4.6416e+18    1.0000e+15    2.91006127e-26     
   5.9948        4.6416e+18    1.6681e+15    2.91006127e-26     
   5.9948        4.6416e+18    2.7826e+15    2.91006127e-26     
   5.9948        4.6416e+18    4.6416e+15    2.91006127e-26     
   5.9948        4.6416e+18    7.7426e+15    2.91006127e-26     
   5.9948        4.6416e+18    1.2915e+16    2.91006127e-26     
   5.9948        4.6416e+18    2.1544e+16    2.91006127e-26     
   5.9948        4.6416e+18    3.5938e+16    2.91006127e-26     
   5.9948        4.6416e+18    5.9948e+16    2.91006127e-26     
   5.9948        4.6416e+18    1.0000e+17    2.91006127e-26     
   5.9948        7.7426e+18    1.0000e+15    3.71776650e-26     
   5.9948        7.7426e+18    1.6681e+15    3.71776650e-26     
   5.9948        7.7426e+18    2.7826e+15    3.71776650e-26     
   5.9948        7.7426e+18    4.6416e+15    3.71776650e-26     
   5.9948        7.7426e+18    7.7426e+15    3.71776650e-26     
   5.9948        7.7426e+18    1.2915e+16    3.71776650e-26     
   5.9948        7.7426e+18    2.1544e+16    3.71776650e-26     
   5.9948        7.7426e+18    3.5938e+16    3.71776650e-26     
   5.9948        7.7426e+18    5.9948e+16    3.71776650e-26     
   5.9948        7.7426e+18    1.0000e+17    3.71776650e-26     
   5.9948        1.2915e+19    1.0000e+15    4.63164231e-26     
   5.9948        1.2915e+19    1.6681e+15    4.63164231e-26     
   5.9948        1.2915e+19    2.7826e+15    4.63164231e-26     
   5.9948        1.2915e+19    4.6416e+15    4.63164231e-26     
   5.9948        1.2915e+19    7.7426e+15    4.63164231e-26     
   5.9948        1.2915e+19    1.2915e+16    4.63164231e-26     
   5.9948        1.2915e+19    2.1544e+16    4.63164231e-26     
   5.9948        1.2915e+19    3.5938e+16    4.63164231e-26     
   5.9948        1.2915e+19    5.9948e+16    4.63164231e-26     
   5.9948        1.2915e+19    1.0000e+17    4.63164231e-26     
   5.9948        2.1544e+19    1.0000e+15    5.55753372e-26     
   5.9948        2.1544e+19    1.6681e+15    5.55753372e-26     
   5.9948        2.1544e+19    2.7826e+15    5.55753372e-26     
   5.9948        2.1544e+19    4.6416e+15    5.55753372e-26     
   5.9948        2.1544e+19    7.7426e+15    5.55753372e-26     
   5.9948        2.1544e+19    1.2915e+16    5.55753372e-26     
   5.9948        2.1544e+19    2.1544e+16    5.55753372e-26     
   5.9948        2.1544e+19    3.5938e+16    5.55753372e-26     
   5.9948        2.1544e+19    5.9948e+16    5.55753372e-26     
   5.9948        2.1544e+19    1.0000e+17    5.55753372e-26     
   5.9948        3.5938e+19    1.0000e+15    6.35237364e-26     
   5.9948        3.5938e+19    1.6681e+15    6.35237364e-26     
   5.9948        3.5938e+19    2.7826e+15    6.35237364e-26     
   5.9948        3.5938e+19    4.6416e+15    6.35237364e-26     
   5.9948        3.5938e+19    7.7426e+15    6.35237364e-26     
   5.9948        3.5938e+19    1.2915e+16    6.35237364e-26     
   5.9948        3.5938e+19    2.1544e+16    6.35237364e-26     
   5.9948        3.5938e+19    3.5938e+16    6.35237364e-26     
   5.9948        3.5938e+19    5.9948e+16    6.35237364e-26     
   5.9948        3.5938e+19    1.0000e+17    6.35237364e-26     
   5.9948        5.9948e+19    1.0000e+15    6.87317663e-26     
   5.9948        5.9948e+19    1.6681e+15    6.87317663e-26     
   5.9948        5.9948e+19    2.7826e+15    6.87317663e-26     
   5.9948        5.9948e+19    4.6416e+15    6.87317663e-26     
   5.9948        5.9948e+19    7.7426e+15    6.87317663e-26     
   5.9948        5.9948e+19    1.2915e+16    6.87317663e-26     
   5.9948        5.9948e+19    2.1544e+16    6.87317663e-26     
   5.9948        5.9948e+19    3.5938e+16    6.87317663e-26     
   5.9948        5.9948e+19    5.9948e+16    6.87317663e-26     
   5.9948        5.9948e+19    1.0000e+17    6.87317663e-26     
   5.9948        1.0000e+20    1.0000e+15    7.02106799e-26     
   5.9948        1.0000e+20    1.6681e+15    7.02106799e-26     
   5.9948        1.0000e+20    2.7826e+15    7.02106799e-26     
   5.9948        1.0000e+20    4.6416e+15    7.02106799e-26     
   5.9948        1.0000e+20    7.7426e+15    7.02106799e-26     
   5.9948        1.0000e+20    1.2915e+16    7.02106799e-26     
   5.9948        1.0000e+20    2.1544e+16    7.02106799e-26     
   5.9948        1.0000e+20    3.5938e+16    7.02106799e-26     
   5.9948        1.0000e+20    5.9948e+16    7.02106799e-26     
   5.9948        1.0000e+20    1.0000e+17    7.02106799e-26     
   7.7426        1.0000e+18    1.0000e+15    1.32615998e-26     
   7.7426        1.0000e+18    1.6681e+15    1.32615998e-26     
   7.7426        1.0000e+18    2.7826e+15    1.32615998e-26     
   7.7426        1.0000e+18    4.6416e+15    1.32615998e-26     
   7.7426        1.0000e+18    7.7426e+15    1.32615998e-26     
   7.7426        1.0000e+18    1.2915e+16    1.32615998e-26     
   7.7426        1.0000e+18    2.1544e+16    1.32615998e-26     
   7.7426        1.0000e+18    3.5938e+16    1.32615998e-26     
   7.7426        1.0000e+18    5.9948e+16    1.32615998e-26     
   7.7426        1.0000e+18    1.0000e+17    1.32615998e-26     
   7.7426        1.6681e+18    1.0000e+15    1.77377602e-26     
   7.7426        1.6681e+18    1.6681e+15    1.77377602e-26     
   7.7426        1.6681e+18    2.7826e+15    1.77377602e-26     
   7.7426        1.6681e+18    4.6416e+15    1.77377602e-26     
   7.7426        1.6681e+18    7.7426e+15    1.77377602e-26     
   7.7426        1.6681e+18    1.2915e+16    1.77377602e-26     
   7.7426        1.6681e+18    2.1544e+16    1.77377602e-26     
   7.7426        1.6681e+18    3.5938e+16    1.77377602e-26     
   7.7426        1.6681e+18    5.9948e+16    1.77377602e-26     
   7.7426        1.6681e+18    1.0000e+17    1.77377602e-26     
   7.7426        2.7826e+18    1.0000e+15    2.33628817e-26     
   7.7426        2.7826e+18    1.6681e+15    2.33628817e-26     
   7.7426        2.7826e+18    2.7826e+15    2.33628817e-26     
   7.7426        2.7826e+18    4.6416e+15    2.33628817e-26     
   7.7426        2.7826e+18    7.7426e+15    2.33628817e-26     
   7.7426        2.7826e+18    1.2915e+16    2.33628817e-26     
   7.7426        2.7826e+18    2.1544e+16    2.33628817e-26     
   7.7426        2.7826e+18    3.5938e+16    2.33628817e-26     
   7.7426        2.7826e+18    5.9948e+16    2.33628817e-26     
   7.7426        2.7826e+18    1.0000e+17    2.33628817e-26     
   7.7426        4.6416e+18    1.0000e+15    3.03313903e-26     
   7.7426        4.6416e+18    1.6681e+15    3.03313903e-26     
   7.7426        4.6416e+18    2.7826e+15    3.03313903e-26     
   7.7426        4.6416e+18    4.6416e+15    3.03313903e-26     
   7.7426        4.6416e+18    7.7426e+15    3.03313903e-26     
   7.7426        4.6416e+18    1.2915e+16    3.03313903e-26     
   7.7426        4.6416e+18    2.1544e+16    3.03313903e-26     
   7.7426        4.6416e+18    3.5938e+16    3.03313903e-26     
   7.7426        4.6416e+18    5.9948e+16    3.03313903e-26     
   7.7426        4.6416e+18    1.0000e+17    3.03313903e-26     
   7.7426        7.7426e+18    1.0000e+15    3.86901297e-26     
   7.7426        7.7426e+18    1.6681e+15    3.86901297e-26     
   7.7426        7.7426e+18    2.7826e+15    3.86901297e-26     
   7.7426        7.7426e+18    4.6416e+15    3.86901297e-26     
   7.7426        7.7426e+18    7.7426e+15    3.86901297e-26     
   7.7426        7.7426e+18    1.2915e+16    3.86901297e-26     
   7.7426        7.7426e+18    2.1544e+16    3.86901297e-26     
   7.7426        7.7426e+18    3.5938e+16    3.86901297e-26     
   7.7426        7.7426e+18    5.9948e+16    3.86901297e-26     
   7.7426        7.7426e+18    1.0000e+17    3.86901297e-26     
   7.7426        1.2915e+19    1.0000e+15    4.80524506e-26     
   7.7426        1.2915e+19    1.6681e+15    4.80524506e-26     
   7.7426        1.2915e+19    2.7826e+15    4.80524506e-26     
   7.7426        1.2915e+19    4.6416e+15    4.80524506e-26     
   7.7426        1.2915e+19    7.7426e+15    4.80524506e-26     
   7.7426        1.2915e+19    1.2915e+16    4.80524506e-26     
   7.7426        1.2915e+19    2.1544e+16    4.80524506e-26     
   7.7426        1.2915e+19    3.5938e+16    4.80524506e-26     
   7.7426        1.2915e+19    5.9948e+16    4.80524506e-26     
   7.7426        1.2915e+19    1.0000e+17    4.80524506e-26     
   7.7426        2.1544e+19    1.0000e+15    5.73869424e-26     
   7.7426        2.1544e+19    1.6681e+15    5.73869424e-26     
   7.7426        2.1544e+19    2.7826e+15    5.73869424e-26     
   7.7426        2.1544e+19    4.6416e+15    5.73869424e-26     
   7.7426        2.1544e+19    7.7426e+15    5.73869424e-26     
   7.7426        2.1544e+19    1.2915e+16    5.73869424e-26     
   7.7426        2.1544e+19    2.1544e+16    5.73869424e-26     
   7.7426        2.1544e+19    3.5938e+16    5.73869424e-26     
   7.7426        2.1544e+19    5.9948e+16    5.73869424e-26     
   7.7426        2.1544e+19    1.0000e+17    5.73869424e-26     
   7.7426        3.5938e+19    1.0000e+15    6.51926703e-26     
   7.7426        3.5938e+19    1.6681e+15    6.51926703e-26     
   7.7426        3.5938e+19    2.7826e+15    6.51926703e-26     
   7.7426        3.5938e+19    4.6416e+15    6.51926703e-26     
   7.7426        3.5938e+19    7.7426e+15    6.51926703e-26     
   7.7426        3.5938e+19    1.2915e+16    6.51926703e-26     
   7.7426        3.5938e+19    2.1544e+16    6.51926703e-26     
   7.7426        3.5938e+19    3.5938e+16    6.51926703e-26     
   7.7426        3.5938e+19    5.9948e+16    6.51926703e-26     
   7.7426        3.5938e+19    1.0000e+17    6.51926703e-26     
   7.7426        5.9948e+19    1.0000e+15    7.00173048e-26     
   7.7426        5.9948e+19    1.6681e+15    7.00173048e-26     
   7.7426        5.9948e+19    2.7826e+15    7.00173048e-26     
   7.7426        5.9948e+19    4.6416e+15    7.00173048e-26     
   7.7426        5.9948e+19    7.7426e+15    7.00173048e-26     
   7.7426        5.9948e+19    1.2915e+16    7.00173048e-26     
   7.7426        5.9948e+19    2.1544e+16    7.00173048e-26     
   7.7426        5.9948e+19    3.5938e+16    7.00173048e-26     
   7.7426        5.9948e+19    5.9948e+16    7.00173048e-26     
   7.7426        5.9948e+19    1.0000e+17    7.00173048e-26     
   7.7426        1.0000e+20    1.0000e+15    7.08944421e-26     
   7.7426        1.0000e+20    1.6681e+15    7.08944421e-26     
   7.7426        1.0000e+20    2.7826e+15    7.08944421e-26     
   7.7426        1.0000e+20    4.6416e+15    7.08944421e-26     
   7.7426        1.0000e+20    7.7426e+15    7.08944421e-26     
   7.7426        1.0000e+20    1.2915e+16    7.08944421e-26     
   7.7426        1.0000e+20    2.1544e+16    7.08944421e-26     
   7.7426        1.0000e+20    3.5938e+16    7.08944421e-26     
   7.7426        1.0000e+20    5.9948e+16    7.08944421e-26     
   7.7426        1.0000e+20    1.0000e+17    7.08944421e-26     
   10.0000       1.0000e+18    1.0000e+15    1.27802358e-26     
   10.0000       1.0000e+18    1.6681e+15    1.27802358e-26     
   10.0000       1.0000e+18    2.7826e+15    1.27802358e-26     
   10.0000       1.0000e+18    4.6416e+15    1.27802358e-26     
   10.0000       1.0000e+18    7.7426e+15    1.27802358e-26     
   10.0000       1.0000e+18    1.2915e+16    1.27802358e-26     
   10.0000       1.0000e+18    2.1544e+16    1.27802358e-26     
   10.0000       1.0000e+18    3.5938e+16    1.27802358e-26     
   10.0000       1.0000e+18    5.9948e+16    1.27802358e-26     
   10.0000       1.0000e+18    1.0000e+17    1.27802358e-26     
   10.0000       1.6681e+18    1.0000e+15    1.71188850e-26     
   10.0000       1.6681e+18    1.6681e+15    1.71188850e-26     
   10.0000       1.6681e+18    2.7826e+15    1.71188850e-26     
   10.0000       1.6681e+18    4.6416e+15    1.71188850e-26     
   10.0000       1.6681e+18    7.7426e+15    1.71188850e-26     
   10.0000       1.6681e+18    1.2915e+16    1.71188850e-26     
   10.0000       1.6681e+18    2.1544e+16    1.71188850e-26     
   10.0000       1.6681e+18    3.5938e+16    1.71188850e-26     
   10.0000       1.6681e+18    5.9948e+16    1.71188850e-26     
   10.0000       1.6681e+18    1.0000e+17    1.71188850e-26     
   10.0000       2.7826e+18    1.0000e+15    2.25771713e-26     
   10.0000       2.7826e+18    1.6681e+15    2.25771713e-26     
   10.0000       2.7826e+18    2.7826e+15    2.25771713e-26     
   10.0000       2.7826e+18    4.6416e+15    2.25771713e-26     
   10.0000       2.7826e+18    7.7426e+15    2.25771713e-26     
   10.0000       2.7826e+18    1.2915e+16    2.25771713e-26     
   10.0000       2.7826e+18    2.1544e+16    2.25771713e-26     
   10.0000       2.7826e+18    3.5938e+16    2.25771713e-26     
   10.0000       2.7826e+18    5.9948e+16    2.25771713e-26     
   10.0000       2.7826e+18    1.0000e+17    2.25771713e-26     
   10.0000       4.6416e+18    1.0000e+15    2.93373370e-26     
   10.0000       4.6416e+18    1.6681e+15    2.93373370e-26     
   10.0000       4.6416e+18    2.7826e+15    2.93373370e-26     
   10.0000       4.6416e+18    4.6416e+15    2.93373370e-26     
   10.0000       4.6416e+18    7.7426e+15    2.93373370e-26     
   10.0000       4.6416e+18    1.2915e+16    2.93373370e-26     
   10.0000       4.6416e+18    2.1544e+16    2.93373370e-26     
   10.0000       4.6416e+18    3.5938e+16    2.93373370e-26     
   10.0000       4.6416e+18    5.9948e+16    2.93373370e-26     
   10.0000       4.6416e+18    1.0000e+17    2.93373370e-26     
   10.0000       7.7426e+18    1.0000e+15    3.74251907e-26     
   10.0000       7.7426e+18    1.6681e+15    3.74251907e-26     
   10.0000       7.7426e+18    2.7826e+15    3.74251907e-26     
   10.0000       7.7426e+18    4.6416e+15    3.74251907e-26     
   10.0000       7.7426e+18    7.7426e+15    3.74251907e-26     
   10.0000       7.7426e+18    1.2915e+16    3.74251907e-26     
   10.0000       7.7426e+18    2.1544e+16    3.74251907e-26     
   10.0000       7.7426e+18    3.5938e+16    3.74251907e-26     
   10.0000       7.7426e+18    5.9948e+16    3.74251907e-26     
   10.0000       7.7426e+18    1.0000e+17    3.74251907e-26     
   10.0000       1.2915e+19    1.0000e+15    4.64326100e-26     
   10.0000       1.2915e+19    1.6681e+15    4.64326100e-26     
   10.0000       1.2915e+19    2.7826e+15    4.64326100e-26     
   10.0000       1.2915e+19    4.6416e+15    4.64326100e-26     
   10.0000       1.2915e+19    7.7426e+15    4.64326100e-26     
   10.0000       1.2915e+19    1.2915e+16    4.64326100e-26     
   10.0000       1.2915e+19    2.1544e+16    4.64326100e-26     
   10.0000       1.2915e+19    3.5938e+16    4.64326100e-26     
   10.0000       1.2915e+19    5.9948e+16    4.64326100e-26     
   10.0000       1.2915e+19    1.0000e+17    4.64326100e-26     
   10.0000       2.1544e+19    1.0000e+15    5.53256311e-26     
   10.0000       2.1544e+19    1.6681e+15    5.53256311e-26     
   10.0000       2.1544e+19    2.7826e+15    5.53256311e-26     
   10.0000       2.1544e+19    4.6416e+15    5.53256311e-26     
   10.0000       2.1544e+19    7.7426e+15    5.53256311e-26     
   10.0000       2.1544e+19    1.2915e+16    5.53256311e-26     
   10.0000       2.1544e+19    2.1544e+16    5.53256311e-26     
   10.0000       2.1544e+19    3.5938e+16    5.53256311e-26     
   10.0000       2.1544e+19    5.9948e+16    5.53256311e-26     
   10.0000       2.1544e+19    1.0000e+17    5.53256311e-26     
   10.0000       3.5938e+19    1.0000e+15    6.26332750e-26     
   10.0000       3.5938e+19    1.6681e+15    6.26332750e-26     
   10.0000       3.5938e+19    2.7826e+15    6.26332750e-26     
   10.0000       3.5938e+19    4.6416e+15    6.26332750e-26     
   10.0000       3.5938e+19    7.7426e+15    6.26332750e-26     
   10.0000       3.5938e+19    1.2915e+16    6.26332750e-26     
   10.0000       3.5938e+19    2.1544e+16    6.26332750e-26     
   10.0000       3.5938e+19    3.5938e+16    6.26332750e-26     
   10.0000       3.5938e+19    5.9948e+16    6.26332750e-26     
   10.0000       3.5938e+19    1.0000e+17    6.26332750e-26     
   10.0000       5.9948e+19    1.0000e+15    6.69566752e-26     
   10.0000       5.9948e+19    1.6681e+15    6.69566752e-26     
   10.0000       5.9948e+19    2.7826e+15    6.69566752e-26     
   10.0000       5.9948e+19    4.6416e+15    6.69566752e-26     
   10.0000       5.9948e+19    7.7426e+15    6.69566752e-26     
   10.0000       5.9948e+19    1.2915e+16    6.69566752e-26     
   10.0000       5.9948e+19    2.1544e+16    6.69566752e-26     
   10.0000       5.9948e+19    3.5938e+16    6.69566752e-26     
   10.0000       5.9948e+19    5.9948e+16    6.69566752e-26     
   10.0000       5.9948e+19    1.0000e+17    6.69566752e-26     
   10.0000       1.0000e+20    1.0000e+15    6.73889820e-26     
   10.0000       1.0000e+20    1.6681e+15    6.73889820e-26     
   10.0000       1.0000e+20    2.7826e+15    6.73889820e-26     
   10.0000       1.0000e+20    4.6416e+15    6.73889820e-26     
   10.0000       1.0000e+20    7.7426e+15    6.73889820e-26     
   10.0000       1.0000e+20    1.2915e+16    6.73889820e-26     
   10.0000       1.0000e+20    2.1544e+16    6.73889820e-26     
   10.0000       1.0000e+20    3.5938e+16    6.73889820e-26     
   10.0000       1.0000e+20    5.9948e+16    6.73889820e-26     
   10.0000       1.0000e+20    1.0000e+17    6.73889820e-26     
