#
# Output file generated by Yacora 1.5.0
# =====================================
#   Filename: 'YacoraRun_PopCoeff_n=4.dat'
#   Date of creation: 11. May 2022
#   Time of creation: 08:32:37
#   Used input file: 'H_20_11_2019.txt'
#   Performed calculation: Population Coefficient for state 'H(4)' coupled to the particle 'H3+'
#
#   Please cite D. Wünderlich, M. Giacomin, R. Ritz and U. Fantz, J. Quant. Spectrosc. Radiat. Transfer 240, 2020, 106695, if you use Yacora results.
#
# Description of the used Parameters:
# ===================================
#
#   Temperatures and Densities: 
#              T_e: 10 calculated values between 1.0000 and 10.0000
#              T_i3: Fixed value 2000.0000
#              T_n1: Fixed value 8000.0000
#              n_e: 10 calculated values between 1.0000e+18 and 1.0000e+20
#              n_i1: Fixed value 0.0000
#              n_i3: 10 calculated values between 1.0000e+15 and 1.0000e+17

#   Electron energy distribution function: 
#              Maxwellian
#
# Calculated Data:
# ================
#  T_e           n_e           n_i3          POP_COEFF      
   1.0000        1.0000e+18    1.0000e+15    1.54306358e-27     
   1.0000        1.0000e+18    1.6681e+15    1.54306358e-27     
   1.0000        1.0000e+18    2.7826e+15    1.54306358e-27     
   1.0000        1.0000e+18    4.6416e+15    1.54306358e-27     
   1.0000        1.0000e+18    7.7426e+15    1.54306358e-27     
   1.0000        1.0000e+18    1.2915e+16    1.54306358e-27     
   1.0000        1.0000e+18    2.1544e+16    1.54306358e-27     
   1.0000        1.0000e+18    3.5938e+16    1.54306358e-27     
   1.0000        1.0000e+18    5.9948e+16    1.54306358e-27     
   1.0000        1.0000e+18    1.0000e+17    1.54306358e-27     
   1.0000        1.6681e+18    1.0000e+15    2.42235845e-27     
   1.0000        1.6681e+18    1.6681e+15    2.42235845e-27     
   1.0000        1.6681e+18    2.7826e+15    2.42235845e-27     
   1.0000        1.6681e+18    4.6416e+15    2.42235845e-27     
   1.0000        1.6681e+18    7.7426e+15    2.42235845e-27     
   1.0000        1.6681e+18    1.2915e+16    2.42235845e-27     
   1.0000        1.6681e+18    2.1544e+16    2.42235845e-27     
   1.0000        1.6681e+18    3.5938e+16    2.42235845e-27     
   1.0000        1.6681e+18    5.9948e+16    2.42235845e-27     
   1.0000        1.6681e+18    1.0000e+17    2.42235845e-27     
   1.0000        2.7826e+18    1.0000e+15    3.72407501e-27     
   1.0000        2.7826e+18    1.6681e+15    3.72407501e-27     
   1.0000        2.7826e+18    2.7826e+15    3.72407501e-27     
   1.0000        2.7826e+18    4.6416e+15    3.72407501e-27     
   1.0000        2.7826e+18    7.7426e+15    3.72407501e-27     
   1.0000        2.7826e+18    1.2915e+16    3.72407501e-27     
   1.0000        2.7826e+18    2.1544e+16    3.72407501e-27     
   1.0000        2.7826e+18    3.5938e+16    3.72407501e-27     
   1.0000        2.7826e+18    5.9948e+16    3.72407501e-27     
   1.0000        2.7826e+18    1.0000e+17    3.72407501e-27     
   1.0000        4.6416e+18    1.0000e+15    5.60358053e-27     
   1.0000        4.6416e+18    1.6681e+15    5.60358053e-27     
   1.0000        4.6416e+18    2.7826e+15    5.60358053e-27     
   1.0000        4.6416e+18    4.6416e+15    5.60358053e-27     
   1.0000        4.6416e+18    7.7426e+15    5.60358053e-27     
   1.0000        4.6416e+18    1.2915e+16    5.60358053e-27     
   1.0000        4.6416e+18    2.1544e+16    5.60358053e-27     
   1.0000        4.6416e+18    3.5938e+16    5.60358053e-27     
   1.0000        4.6416e+18    5.9948e+16    5.60358053e-27     
   1.0000        4.6416e+18    1.0000e+17    5.60358053e-27     
   1.0000        7.7426e+18    1.0000e+15    8.26093174e-27     
   1.0000        7.7426e+18    1.6681e+15    8.26093174e-27     
   1.0000        7.7426e+18    2.7826e+15    8.26093174e-27     
   1.0000        7.7426e+18    4.6416e+15    8.26093174e-27     
   1.0000        7.7426e+18    7.7426e+15    8.26093174e-27     
   1.0000        7.7426e+18    1.2915e+16    8.26093174e-27     
   1.0000        7.7426e+18    2.1544e+16    8.26093174e-27     
   1.0000        7.7426e+18    3.5938e+16    8.26093174e-27     
   1.0000        7.7426e+18    5.9948e+16    8.26093174e-27     
   1.0000        7.7426e+18    1.0000e+17    8.26093174e-27     
   1.0000        1.2915e+19    1.0000e+15    1.19217621e-26     
   1.0000        1.2915e+19    1.6681e+15    1.19217621e-26     
   1.0000        1.2915e+19    2.7826e+15    1.19217621e-26     
   1.0000        1.2915e+19    4.6416e+15    1.19217621e-26     
   1.0000        1.2915e+19    7.7426e+15    1.19217621e-26     
   1.0000        1.2915e+19    1.2915e+16    1.19217621e-26     
   1.0000        1.2915e+19    2.1544e+16    1.19217621e-26     
   1.0000        1.2915e+19    3.5938e+16    1.19217621e-26     
   1.0000        1.2915e+19    5.9948e+16    1.19217621e-26     
   1.0000        1.2915e+19    1.0000e+17    1.19217621e-26     
   1.0000        2.1544e+19    1.0000e+15    1.67372305e-26     
   1.0000        2.1544e+19    1.6681e+15    1.67372305e-26     
   1.0000        2.1544e+19    2.7826e+15    1.67372305e-26     
   1.0000        2.1544e+19    4.6416e+15    1.67372305e-26     
   1.0000        2.1544e+19    7.7426e+15    1.67372305e-26     
   1.0000        2.1544e+19    1.2915e+16    1.67372305e-26     
   1.0000        2.1544e+19    2.1544e+16    1.67372305e-26     
   1.0000        2.1544e+19    3.5938e+16    1.67372305e-26     
   1.0000        2.1544e+19    5.9948e+16    1.67372305e-26     
   1.0000        2.1544e+19    1.0000e+17    1.67372305e-26     
   1.0000        3.5938e+19    1.0000e+15    2.25985877e-26     
   1.0000        3.5938e+19    1.6681e+15    2.25985877e-26     
   1.0000        3.5938e+19    2.7826e+15    2.25985877e-26     
   1.0000        3.5938e+19    4.6416e+15    2.25985877e-26     
   1.0000        3.5938e+19    7.7426e+15    2.25985877e-26     
   1.0000        3.5938e+19    1.2915e+16    2.25985877e-26     
   1.0000        3.5938e+19    2.1544e+16    2.25985877e-26     
   1.0000        3.5938e+19    3.5938e+16    2.25985877e-26     
   1.0000        3.5938e+19    5.9948e+16    2.25985877e-26     
   1.0000        3.5938e+19    1.0000e+17    2.25985877e-26     
   1.0000        5.9948e+19    1.0000e+15    2.89884985e-26     
   1.0000        5.9948e+19    1.6681e+15    2.89884985e-26     
   1.0000        5.9948e+19    2.7826e+15    2.89884985e-26     
   1.0000        5.9948e+19    4.6416e+15    2.89884985e-26     
   1.0000        5.9948e+19    7.7426e+15    2.89884985e-26     
   1.0000        5.9948e+19    1.2915e+16    2.89884985e-26     
   1.0000        5.9948e+19    2.1544e+16    2.89884985e-26     
   1.0000        5.9948e+19    3.5938e+16    2.89884985e-26     
   1.0000        5.9948e+19    5.9948e+16    2.89884985e-26     
   1.0000        5.9948e+19    1.0000e+17    2.89884985e-26     
   1.0000        1.0000e+20    1.0000e+15    3.50623780e-26     
   1.0000        1.0000e+20    1.6681e+15    3.50623780e-26     
   1.0000        1.0000e+20    2.7826e+15    3.50623780e-26     
   1.0000        1.0000e+20    4.6416e+15    3.50623780e-26     
   1.0000        1.0000e+20    7.7426e+15    3.50623780e-26     
   1.0000        1.0000e+20    1.2915e+16    3.50623780e-26     
   1.0000        1.0000e+20    2.1544e+16    3.50623780e-26     
   1.0000        1.0000e+20    3.5938e+16    3.50623780e-26     
   1.0000        1.0000e+20    5.9948e+16    3.50623780e-26     
   1.0000        1.0000e+20    1.0000e+17    3.50623780e-26     
   1.2915        1.0000e+18    1.0000e+15    2.89726326e-27     
   1.2915        1.0000e+18    1.6681e+15    2.89726326e-27     
   1.2915        1.0000e+18    2.7826e+15    2.89726326e-27     
   1.2915        1.0000e+18    4.6416e+15    2.89726326e-27     
   1.2915        1.0000e+18    7.7426e+15    2.89726326e-27     
   1.2915        1.0000e+18    1.2915e+16    2.89726326e-27     
   1.2915        1.0000e+18    2.1544e+16    2.89726326e-27     
   1.2915        1.0000e+18    3.5938e+16    2.89726326e-27     
   1.2915        1.0000e+18    5.9948e+16    2.89726326e-27     
   1.2915        1.0000e+18    1.0000e+17    2.89726326e-27     
   1.2915        1.6681e+18    1.0000e+15    4.46662700e-27     
   1.2915        1.6681e+18    1.6681e+15    4.46662700e-27     
   1.2915        1.6681e+18    2.7826e+15    4.46662700e-27     
   1.2915        1.6681e+18    4.6416e+15    4.46662700e-27     
   1.2915        1.6681e+18    7.7426e+15    4.46662700e-27     
   1.2915        1.6681e+18    1.2915e+16    4.46662700e-27     
   1.2915        1.6681e+18    2.1544e+16    4.46662700e-27     
   1.2915        1.6681e+18    3.5938e+16    4.46662700e-27     
   1.2915        1.6681e+18    5.9948e+16    4.46662700e-27     
   1.2915        1.6681e+18    1.0000e+17    4.46662700e-27     
   1.2915        2.7826e+18    1.0000e+15    6.71605109e-27     
   1.2915        2.7826e+18    1.6681e+15    6.71605109e-27     
   1.2915        2.7826e+18    2.7826e+15    6.71605109e-27     
   1.2915        2.7826e+18    4.6416e+15    6.71605109e-27     
   1.2915        2.7826e+18    7.7426e+15    6.71605109e-27     
   1.2915        2.7826e+18    1.2915e+16    6.71605109e-27     
   1.2915        2.7826e+18    2.1544e+16    6.71605109e-27     
   1.2915        2.7826e+18    3.5938e+16    6.71605109e-27     
   1.2915        2.7826e+18    5.9948e+16    6.71605109e-27     
   1.2915        2.7826e+18    1.0000e+17    6.71605109e-27     
   1.2915        4.6416e+18    1.0000e+15    9.85390419e-27     
   1.2915        4.6416e+18    1.6681e+15    9.85390419e-27     
   1.2915        4.6416e+18    2.7826e+15    9.85390419e-27     
   1.2915        4.6416e+18    4.6416e+15    9.85390419e-27     
   1.2915        4.6416e+18    7.7426e+15    9.85390419e-27     
   1.2915        4.6416e+18    1.2915e+16    9.85390419e-27     
   1.2915        4.6416e+18    2.1544e+16    9.85390419e-27     
   1.2915        4.6416e+18    3.5938e+16    9.85390419e-27     
   1.2915        4.6416e+18    5.9948e+16    9.85390419e-27     
   1.2915        4.6416e+18    1.0000e+17    9.85390419e-27     
   1.2915        7.7426e+18    1.0000e+15    1.41358795e-26     
   1.2915        7.7426e+18    1.6681e+15    1.41358795e-26     
   1.2915        7.7426e+18    2.7826e+15    1.41358795e-26     
   1.2915        7.7426e+18    4.6416e+15    1.41358795e-26     
   1.2915        7.7426e+18    7.7426e+15    1.41358795e-26     
   1.2915        7.7426e+18    1.2915e+16    1.41358795e-26     
   1.2915        7.7426e+18    2.1544e+16    1.41358795e-26     
   1.2915        7.7426e+18    3.5938e+16    1.41358795e-26     
   1.2915        7.7426e+18    5.9948e+16    1.41358795e-26     
   1.2915        7.7426e+18    1.0000e+17    1.41358795e-26     
   1.2915        1.2915e+19    1.0000e+15    1.98083144e-26     
   1.2915        1.2915e+19    1.6681e+15    1.98083144e-26     
   1.2915        1.2915e+19    2.7826e+15    1.98083144e-26     
   1.2915        1.2915e+19    4.6416e+15    1.98083144e-26     
   1.2915        1.2915e+19    7.7426e+15    1.98083144e-26     
   1.2915        1.2915e+19    1.2915e+16    1.98083144e-26     
   1.2915        1.2915e+19    2.1544e+16    1.98083144e-26     
   1.2915        1.2915e+19    3.5938e+16    1.98083144e-26     
   1.2915        1.2915e+19    5.9948e+16    1.98083144e-26     
   1.2915        1.2915e+19    1.0000e+17    1.98083144e-26     
   1.2915        2.1544e+19    1.0000e+15    2.69213646e-26     
   1.2915        2.1544e+19    1.6681e+15    2.69213646e-26     
   1.2915        2.1544e+19    2.7826e+15    2.69213646e-26     
   1.2915        2.1544e+19    4.6416e+15    2.69213646e-26     
   1.2915        2.1544e+19    7.7426e+15    2.69213646e-26     
   1.2915        2.1544e+19    1.2915e+16    2.69213646e-26     
   1.2915        2.1544e+19    2.1544e+16    2.69213646e-26     
   1.2915        2.1544e+19    3.5938e+16    2.69213646e-26     
   1.2915        2.1544e+19    5.9948e+16    2.69213646e-26     
   1.2915        2.1544e+19    1.0000e+17    2.69213646e-26     
   1.2915        3.5938e+19    1.0000e+15    3.50745396e-26     
   1.2915        3.5938e+19    1.6681e+15    3.50745396e-26     
   1.2915        3.5938e+19    2.7826e+15    3.50745396e-26     
   1.2915        3.5938e+19    4.6416e+15    3.50745396e-26     
   1.2915        3.5938e+19    7.7426e+15    3.50745396e-26     
   1.2915        3.5938e+19    1.2915e+16    3.50745396e-26     
   1.2915        3.5938e+19    2.1544e+16    3.50745396e-26     
   1.2915        3.5938e+19    3.5938e+16    3.50745396e-26     
   1.2915        3.5938e+19    5.9948e+16    3.50745396e-26     
   1.2915        3.5938e+19    1.0000e+17    3.50745396e-26     
   1.2915        5.9948e+19    1.0000e+15    4.33333604e-26     
   1.2915        5.9948e+19    1.6681e+15    4.33333604e-26     
   1.2915        5.9948e+19    2.7826e+15    4.33333604e-26     
   1.2915        5.9948e+19    4.6416e+15    4.33333604e-26     
   1.2915        5.9948e+19    7.7426e+15    4.33333604e-26     
   1.2915        5.9948e+19    1.2915e+16    4.33333604e-26     
   1.2915        5.9948e+19    2.1544e+16    4.33333604e-26     
   1.2915        5.9948e+19    3.5938e+16    4.33333604e-26     
   1.2915        5.9948e+19    5.9948e+16    4.33333604e-26     
   1.2915        5.9948e+19    1.0000e+17    4.33333604e-26     
   1.2915        1.0000e+20    1.0000e+15    5.05069947e-26     
   1.2915        1.0000e+20    1.6681e+15    5.05069947e-26     
   1.2915        1.0000e+20    2.7826e+15    5.05069947e-26     
   1.2915        1.0000e+20    4.6416e+15    5.05069947e-26     
   1.2915        1.0000e+20    7.7426e+15    5.05069947e-26     
   1.2915        1.0000e+20    1.2915e+16    5.05069947e-26     
   1.2915        1.0000e+20    2.1544e+16    5.05069947e-26     
   1.2915        1.0000e+20    3.5938e+16    5.05069947e-26     
   1.2915        1.0000e+20    5.9948e+16    5.05069947e-26     
   1.2915        1.0000e+20    1.0000e+17    5.05069947e-26     
   1.6681        1.0000e+18    1.0000e+15    5.08269193e-27     
   1.6681        1.0000e+18    1.6681e+15    5.08269193e-27     
   1.6681        1.0000e+18    2.7826e+15    5.08269193e-27     
   1.6681        1.0000e+18    4.6416e+15    5.08269193e-27     
   1.6681        1.0000e+18    7.7426e+15    5.08269193e-27     
   1.6681        1.0000e+18    1.2915e+16    5.08269193e-27     
   1.6681        1.0000e+18    2.1544e+16    5.08269193e-27     
   1.6681        1.0000e+18    3.5938e+16    5.08269193e-27     
   1.6681        1.0000e+18    5.9948e+16    5.08269193e-27     
   1.6681        1.0000e+18    1.0000e+17    5.08269193e-27     
   1.6681        1.6681e+18    1.0000e+15    7.70976578e-27     
   1.6681        1.6681e+18    1.6681e+15    7.70976578e-27     
   1.6681        1.6681e+18    2.7826e+15    7.70976578e-27     
   1.6681        1.6681e+18    4.6416e+15    7.70976578e-27     
   1.6681        1.6681e+18    7.7426e+15    7.70976578e-27     
   1.6681        1.6681e+18    1.2915e+16    7.70976578e-27     
   1.6681        1.6681e+18    2.1544e+16    7.70976578e-27     
   1.6681        1.6681e+18    3.5938e+16    7.70976578e-27     
   1.6681        1.6681e+18    5.9948e+16    7.70976578e-27     
   1.6681        1.6681e+18    1.0000e+17    7.70976578e-27     
   1.6681        2.7826e+18    1.0000e+15    1.13716769e-26     
   1.6681        2.7826e+18    1.6681e+15    1.13716769e-26     
   1.6681        2.7826e+18    2.7826e+15    1.13716769e-26     
   1.6681        2.7826e+18    4.6416e+15    1.13716769e-26     
   1.6681        2.7826e+18    7.7426e+15    1.13716769e-26     
   1.6681        2.7826e+18    1.2915e+16    1.13716769e-26     
   1.6681        2.7826e+18    2.1544e+16    1.13716769e-26     
   1.6681        2.7826e+18    3.5938e+16    1.13716769e-26     
   1.6681        2.7826e+18    5.9948e+16    1.13716769e-26     
   1.6681        2.7826e+18    1.0000e+17    1.13716769e-26     
   1.6681        4.6416e+18    1.0000e+15    1.63338813e-26     
   1.6681        4.6416e+18    1.6681e+15    1.63338813e-26     
   1.6681        4.6416e+18    2.7826e+15    1.63338813e-26     
   1.6681        4.6416e+18    4.6416e+15    1.63338813e-26     
   1.6681        4.6416e+18    7.7426e+15    1.63338813e-26     
   1.6681        4.6416e+18    1.2915e+16    1.63338813e-26     
   1.6681        4.6416e+18    2.1544e+16    1.63338813e-26     
   1.6681        4.6416e+18    3.5938e+16    1.63338813e-26     
   1.6681        4.6416e+18    5.9948e+16    1.63338813e-26     
   1.6681        4.6416e+18    1.0000e+17    1.63338813e-26     
   1.6681        7.7426e+18    1.0000e+15    2.29021485e-26     
   1.6681        7.7426e+18    1.6681e+15    2.29021485e-26     
   1.6681        7.7426e+18    2.7826e+15    2.29021485e-26     
   1.6681        7.7426e+18    4.6416e+15    2.29021485e-26     
   1.6681        7.7426e+18    7.7426e+15    2.29021485e-26     
   1.6681        7.7426e+18    1.2915e+16    2.29021485e-26     
   1.6681        7.7426e+18    2.1544e+16    2.29021485e-26     
   1.6681        7.7426e+18    3.5938e+16    2.29021485e-26     
   1.6681        7.7426e+18    5.9948e+16    2.29021485e-26     
   1.6681        7.7426e+18    1.0000e+17    2.29021485e-26     
   1.6681        1.2915e+19    1.0000e+15    3.12969628e-26     
   1.6681        1.2915e+19    1.6681e+15    3.12969628e-26     
   1.6681        1.2915e+19    2.7826e+15    3.12969628e-26     
   1.6681        1.2915e+19    4.6416e+15    3.12969628e-26     
   1.6681        1.2915e+19    7.7426e+15    3.12969628e-26     
   1.6681        1.2915e+19    1.2915e+16    3.12969628e-26     
   1.6681        1.2915e+19    2.1544e+16    3.12969628e-26     
   1.6681        1.2915e+19    3.5938e+16    3.12969628e-26     
   1.6681        1.2915e+19    5.9948e+16    3.12969628e-26     
   1.6681        1.2915e+19    1.0000e+17    3.12969628e-26     
   1.6681        2.1544e+19    1.0000e+15    4.13524341e-26     
   1.6681        2.1544e+19    1.6681e+15    4.13524341e-26     
   1.6681        2.1544e+19    2.7826e+15    4.13524341e-26     
   1.6681        2.1544e+19    4.6416e+15    4.13524341e-26     
   1.6681        2.1544e+19    7.7426e+15    4.13524341e-26     
   1.6681        2.1544e+19    1.2915e+16    4.13524341e-26     
   1.6681        2.1544e+19    2.1544e+16    4.13524341e-26     
   1.6681        2.1544e+19    3.5938e+16    4.13524341e-26     
   1.6681        2.1544e+19    5.9948e+16    4.13524341e-26     
   1.6681        2.1544e+19    1.0000e+17    4.13524341e-26     
   1.6681        3.5938e+19    1.0000e+15    5.22255054e-26     
   1.6681        3.5938e+19    1.6681e+15    5.22255054e-26     
   1.6681        3.5938e+19    2.7826e+15    5.22255054e-26     
   1.6681        3.5938e+19    4.6416e+15    5.22255054e-26     
   1.6681        3.5938e+19    7.7426e+15    5.22255054e-26     
   1.6681        3.5938e+19    1.2915e+16    5.22255054e-26     
   1.6681        3.5938e+19    2.1544e+16    5.22255054e-26     
   1.6681        3.5938e+19    3.5938e+16    5.22255054e-26     
   1.6681        3.5938e+19    5.9948e+16    5.22255054e-26     
   1.6681        3.5938e+19    1.0000e+17    5.22255054e-26     
   1.6681        5.9948e+19    1.0000e+15    6.24674526e-26     
   1.6681        5.9948e+19    1.6681e+15    6.24674526e-26     
   1.6681        5.9948e+19    2.7826e+15    6.24674526e-26     
   1.6681        5.9948e+19    4.6416e+15    6.24674526e-26     
   1.6681        5.9948e+19    7.7426e+15    6.24674526e-26     
   1.6681        5.9948e+19    1.2915e+16    6.24674526e-26     
   1.6681        5.9948e+19    2.1544e+16    6.24674526e-26     
   1.6681        5.9948e+19    3.5938e+16    6.24674526e-26     
   1.6681        5.9948e+19    5.9948e+16    6.24674526e-26     
   1.6681        5.9948e+19    1.0000e+17    6.24674526e-26     
   1.6681        1.0000e+20    1.0000e+15    7.05368108e-26     
   1.6681        1.0000e+20    1.6681e+15    7.05368108e-26     
   1.6681        1.0000e+20    2.7826e+15    7.05368108e-26     
   1.6681        1.0000e+20    4.6416e+15    7.05368108e-26     
   1.6681        1.0000e+20    7.7426e+15    7.05368108e-26     
   1.6681        1.0000e+20    1.2915e+16    7.05368108e-26     
   1.6681        1.0000e+20    2.1544e+16    7.05368108e-26     
   1.6681        1.0000e+20    3.5938e+16    7.05368108e-26     
   1.6681        1.0000e+20    5.9948e+16    7.05368108e-26     
   1.6681        1.0000e+20    1.0000e+17    7.05368108e-26     
   2.1544        1.0000e+18    1.0000e+15    8.31280760e-27     
   2.1544        1.0000e+18    1.6681e+15    8.31280760e-27     
   2.1544        1.0000e+18    2.7826e+15    8.31280760e-27     
   2.1544        1.0000e+18    4.6416e+15    8.31280760e-27     
   2.1544        1.0000e+18    7.7426e+15    8.31280760e-27     
   2.1544        1.0000e+18    1.2915e+16    8.31280760e-27     
   2.1544        1.0000e+18    2.1544e+16    8.31280760e-27     
   2.1544        1.0000e+18    3.5938e+16    8.31280760e-27     
   2.1544        1.0000e+18    5.9948e+16    8.31280760e-27     
   2.1544        1.0000e+18    1.0000e+17    8.31280760e-27     
   2.1544        1.6681e+18    1.0000e+15    1.24388802e-26     
   2.1544        1.6681e+18    1.6681e+15    1.24388802e-26     
   2.1544        1.6681e+18    2.7826e+15    1.24388802e-26     
   2.1544        1.6681e+18    4.6416e+15    1.24388802e-26     
   2.1544        1.6681e+18    7.7426e+15    1.24388802e-26     
   2.1544        1.6681e+18    1.2915e+16    1.24388802e-26     
   2.1544        1.6681e+18    2.1544e+16    1.24388802e-26     
   2.1544        1.6681e+18    3.5938e+16    1.24388802e-26     
   2.1544        1.6681e+18    5.9948e+16    1.24388802e-26     
   2.1544        1.6681e+18    1.0000e+17    1.24388802e-26     
   2.1544        2.7826e+18    1.0000e+15    1.80625834e-26     
   2.1544        2.7826e+18    1.6681e+15    1.80625834e-26     
   2.1544        2.7826e+18    2.7826e+15    1.80625834e-26     
   2.1544        2.7826e+18    4.6416e+15    1.80625834e-26     
   2.1544        2.7826e+18    7.7426e+15    1.80625834e-26     
   2.1544        2.7826e+18    1.2915e+16    1.80625834e-26     
   2.1544        2.7826e+18    2.1544e+16    1.80625834e-26     
   2.1544        2.7826e+18    3.5938e+16    1.80625834e-26     
   2.1544        2.7826e+18    5.9948e+16    1.80625834e-26     
   2.1544        2.7826e+18    1.0000e+17    1.80625834e-26     
   2.1544        4.6416e+18    1.0000e+15    2.55095917e-26     
   2.1544        4.6416e+18    1.6681e+15    2.55095917e-26     
   2.1544        4.6416e+18    2.7826e+15    2.55095917e-26     
   2.1544        4.6416e+18    4.6416e+15    2.55095917e-26     
   2.1544        4.6416e+18    7.7426e+15    2.55095917e-26     
   2.1544        4.6416e+18    1.2915e+16    2.55095917e-26     
   2.1544        4.6416e+18    2.1544e+16    2.55095917e-26     
   2.1544        4.6416e+18    3.5938e+16    2.55095917e-26     
   2.1544        4.6416e+18    5.9948e+16    2.55095917e-26     
   2.1544        4.6416e+18    1.0000e+17    2.55095917e-26     
   2.1544        7.7426e+18    1.0000e+15    3.51202635e-26     
   2.1544        7.7426e+18    1.6681e+15    3.51202635e-26     
   2.1544        7.7426e+18    2.7826e+15    3.51202635e-26     
   2.1544        7.7426e+18    4.6416e+15    3.51202635e-26     
   2.1544        7.7426e+18    7.7426e+15    3.51202635e-26     
   2.1544        7.7426e+18    1.2915e+16    3.51202635e-26     
   2.1544        7.7426e+18    2.1544e+16    3.51202635e-26     
   2.1544        7.7426e+18    3.5938e+16    3.51202635e-26     
   2.1544        7.7426e+18    5.9948e+16    3.51202635e-26     
   2.1544        7.7426e+18    1.0000e+17    3.51202635e-26     
   2.1544        1.2915e+19    1.0000e+15    4.70168543e-26     
   2.1544        1.2915e+19    1.6681e+15    4.70168543e-26     
   2.1544        1.2915e+19    2.7826e+15    4.70168543e-26     
   2.1544        1.2915e+19    4.6416e+15    4.70168543e-26     
   2.1544        1.2915e+19    7.7426e+15    4.70168543e-26     
   2.1544        1.2915e+19    1.2915e+16    4.70168543e-26     
   2.1544        1.2915e+19    2.1544e+16    4.70168543e-26     
   2.1544        1.2915e+19    3.5938e+16    4.70168543e-26     
   2.1544        1.2915e+19    5.9948e+16    4.70168543e-26     
   2.1544        1.2915e+19    1.0000e+17    4.70168543e-26     
   2.1544        2.1544e+19    1.0000e+15    6.06740376e-26     
   2.1544        2.1544e+19    1.6681e+15    6.06740376e-26     
   2.1544        2.1544e+19    2.7826e+15    6.06740376e-26     
   2.1544        2.1544e+19    4.6416e+15    6.06740376e-26     
   2.1544        2.1544e+19    7.7426e+15    6.06740376e-26     
   2.1544        2.1544e+19    1.2915e+16    6.06740376e-26     
   2.1544        2.1544e+19    2.1544e+16    6.06740376e-26     
   2.1544        2.1544e+19    3.5938e+16    6.06740376e-26     
   2.1544        2.1544e+19    5.9948e+16    6.06740376e-26     
   2.1544        2.1544e+19    1.0000e+17    6.06740376e-26     
   2.1544        3.5938e+19    1.0000e+15    7.46513098e-26     
   2.1544        3.5938e+19    1.6681e+15    7.46513098e-26     
   2.1544        3.5938e+19    2.7826e+15    7.46513098e-26     
   2.1544        3.5938e+19    4.6416e+15    7.46513098e-26     
   2.1544        3.5938e+19    7.7426e+15    7.46513098e-26     
   2.1544        3.5938e+19    1.2915e+16    7.46513098e-26     
   2.1544        3.5938e+19    2.1544e+16    7.46513098e-26     
   2.1544        3.5938e+19    3.5938e+16    7.46513098e-26     
   2.1544        3.5938e+19    5.9948e+16    7.46513098e-26     
   2.1544        3.5938e+19    1.0000e+17    7.46513098e-26     
   2.1544        5.9948e+19    1.0000e+15    8.69057912e-26     
   2.1544        5.9948e+19    1.6681e+15    8.69057912e-26     
   2.1544        5.9948e+19    2.7826e+15    8.69057912e-26     
   2.1544        5.9948e+19    4.6416e+15    8.69057912e-26     
   2.1544        5.9948e+19    7.7426e+15    8.69057912e-26     
   2.1544        5.9948e+19    1.2915e+16    8.69057912e-26     
   2.1544        5.9948e+19    2.1544e+16    8.69057912e-26     
   2.1544        5.9948e+19    3.5938e+16    8.69057912e-26     
   2.1544        5.9948e+19    5.9948e+16    8.69057912e-26     
   2.1544        5.9948e+19    1.0000e+17    8.69057912e-26     
   2.1544        1.0000e+20    1.0000e+15    9.55432359e-26     
   2.1544        1.0000e+20    1.6681e+15    9.55432359e-26     
   2.1544        1.0000e+20    2.7826e+15    9.55432359e-26     
   2.1544        1.0000e+20    4.6416e+15    9.55432359e-26     
   2.1544        1.0000e+20    7.7426e+15    9.55432359e-26     
   2.1544        1.0000e+20    1.2915e+16    9.55432359e-26     
   2.1544        1.0000e+20    2.1544e+16    9.55432359e-26     
   2.1544        1.0000e+20    3.5938e+16    9.55432359e-26     
   2.1544        1.0000e+20    5.9948e+16    9.55432359e-26     
   2.1544        1.0000e+20    1.0000e+17    9.55432359e-26     
   2.7826        1.0000e+18    1.0000e+15    1.24955299e-26     
   2.7826        1.0000e+18    1.6681e+15    1.24955299e-26     
   2.7826        1.0000e+18    2.7826e+15    1.24955299e-26     
   2.7826        1.0000e+18    4.6416e+15    1.24955299e-26     
   2.7826        1.0000e+18    7.7426e+15    1.24955299e-26     
   2.7826        1.0000e+18    1.2915e+16    1.24955299e-26     
   2.7826        1.0000e+18    2.1544e+16    1.24955299e-26     
   2.7826        1.0000e+18    3.5938e+16    1.24955299e-26     
   2.7826        1.0000e+18    5.9948e+16    1.24955299e-26     
   2.7826        1.0000e+18    1.0000e+17    1.24955299e-26     
   2.7826        1.6681e+18    1.0000e+15    1.84987735e-26     
   2.7826        1.6681e+18    1.6681e+15    1.84987735e-26     
   2.7826        1.6681e+18    2.7826e+15    1.84987735e-26     
   2.7826        1.6681e+18    4.6416e+15    1.84987735e-26     
   2.7826        1.6681e+18    7.7426e+15    1.84987735e-26     
   2.7826        1.6681e+18    1.2915e+16    1.84987735e-26     
   2.7826        1.6681e+18    2.1544e+16    1.84987735e-26     
   2.7826        1.6681e+18    3.5938e+16    1.84987735e-26     
   2.7826        1.6681e+18    5.9948e+16    1.84987735e-26     
   2.7826        1.6681e+18    1.0000e+17    1.84987735e-26     
   2.7826        2.7826e+18    1.0000e+15    2.65442227e-26     
   2.7826        2.7826e+18    1.6681e+15    2.65442227e-26     
   2.7826        2.7826e+18    2.7826e+15    2.65442227e-26     
   2.7826        2.7826e+18    4.6416e+15    2.65442227e-26     
   2.7826        2.7826e+18    7.7426e+15    2.65442227e-26     
   2.7826        2.7826e+18    1.2915e+16    2.65442227e-26     
   2.7826        2.7826e+18    2.1544e+16    2.65442227e-26     
   2.7826        2.7826e+18    3.5938e+16    2.65442227e-26     
   2.7826        2.7826e+18    5.9948e+16    2.65442227e-26     
   2.7826        2.7826e+18    1.0000e+17    2.65442227e-26     
   2.7826        4.6416e+18    1.0000e+15    3.70145352e-26     
   2.7826        4.6416e+18    1.6681e+15    3.70145352e-26     
   2.7826        4.6416e+18    2.7826e+15    3.70145352e-26     
   2.7826        4.6416e+18    4.6416e+15    3.70145352e-26     
   2.7826        4.6416e+18    7.7426e+15    3.70145352e-26     
   2.7826        4.6416e+18    1.2915e+16    3.70145352e-26     
   2.7826        4.6416e+18    2.1544e+16    3.70145352e-26     
   2.7826        4.6416e+18    3.5938e+16    3.70145352e-26     
   2.7826        4.6416e+18    5.9948e+16    3.70145352e-26     
   2.7826        4.6416e+18    1.0000e+17    3.70145352e-26     
   2.7826        7.7426e+18    1.0000e+15    5.02528002e-26     
   2.7826        7.7426e+18    1.6681e+15    5.02528002e-26     
   2.7826        7.7426e+18    2.7826e+15    5.02528002e-26     
   2.7826        7.7426e+18    4.6416e+15    5.02528002e-26     
   2.7826        7.7426e+18    7.7426e+15    5.02528002e-26     
   2.7826        7.7426e+18    1.2915e+16    5.02528002e-26     
   2.7826        7.7426e+18    2.1544e+16    5.02528002e-26     
   2.7826        7.7426e+18    3.5938e+16    5.02528002e-26     
   2.7826        7.7426e+18    5.9948e+16    5.02528002e-26     
   2.7826        7.7426e+18    1.0000e+17    5.02528002e-26     
   2.7826        1.2915e+19    1.0000e+15    6.61903053e-26     
   2.7826        1.2915e+19    1.6681e+15    6.61903053e-26     
   2.7826        1.2915e+19    2.7826e+15    6.61903053e-26     
   2.7826        1.2915e+19    4.6416e+15    6.61903053e-26     
   2.7826        1.2915e+19    7.7426e+15    6.61903053e-26     
   2.7826        1.2915e+19    1.2915e+16    6.61903053e-26     
   2.7826        1.2915e+19    2.1544e+16    6.61903053e-26     
   2.7826        1.2915e+19    3.5938e+16    6.61903053e-26     
   2.7826        1.2915e+19    5.9948e+16    6.61903053e-26     
   2.7826        1.2915e+19    1.0000e+17    6.61903053e-26     
   2.7826        2.1544e+19    1.0000e+15    8.38007762e-26     
   2.7826        2.1544e+19    1.6681e+15    8.38007762e-26     
   2.7826        2.1544e+19    2.7826e+15    8.38007762e-26     
   2.7826        2.1544e+19    4.6416e+15    8.38007762e-26     
   2.7826        2.1544e+19    7.7426e+15    8.38007762e-26     
   2.7826        2.1544e+19    1.2915e+16    8.38007762e-26     
   2.7826        2.1544e+19    2.1544e+16    8.38007762e-26     
   2.7826        2.1544e+19    3.5938e+16    8.38007762e-26     
   2.7826        2.1544e+19    5.9948e+16    8.38007762e-26     
   2.7826        2.1544e+19    1.0000e+17    8.38007762e-26     
   2.7826        3.5938e+19    1.0000e+15    1.00932365e-25     
   2.7826        3.5938e+19    1.6681e+15    1.00932365e-25     
   2.7826        3.5938e+19    2.7826e+15    1.00932365e-25     
   2.7826        3.5938e+19    4.6416e+15    1.00932365e-25     
   2.7826        3.5938e+19    7.7426e+15    1.00932365e-25     
   2.7826        3.5938e+19    1.2915e+16    1.00932365e-25     
   2.7826        3.5938e+19    2.1544e+16    1.00932365e-25     
   2.7826        3.5938e+19    3.5938e+16    1.00932365e-25     
   2.7826        3.5938e+19    5.9948e+16    1.00932365e-25     
   2.7826        3.5938e+19    1.0000e+17    1.00932365e-25     
   2.7826        5.9948e+19    1.0000e+15    1.14920130e-25     
   2.7826        5.9948e+19    1.6681e+15    1.14920130e-25     
   2.7826        5.9948e+19    2.7826e+15    1.14920130e-25     
   2.7826        5.9948e+19    4.6416e+15    1.14920130e-25     
   2.7826        5.9948e+19    7.7426e+15    1.14920130e-25     
   2.7826        5.9948e+19    1.2915e+16    1.14920130e-25     
   2.7826        5.9948e+19    2.1544e+16    1.14920130e-25     
   2.7826        5.9948e+19    3.5938e+16    1.14920130e-25     
   2.7826        5.9948e+19    5.9948e+16    1.14920130e-25     
   2.7826        5.9948e+19    1.0000e+17    1.14920130e-25     
   2.7826        1.0000e+20    1.0000e+15    1.23541698e-25     
   2.7826        1.0000e+20    1.6681e+15    1.23541698e-25     
   2.7826        1.0000e+20    2.7826e+15    1.23541698e-25     
   2.7826        1.0000e+20    4.6416e+15    1.23541698e-25     
   2.7826        1.0000e+20    7.7426e+15    1.23541698e-25     
   2.7826        1.0000e+20    1.2915e+16    1.23541698e-25     
   2.7826        1.0000e+20    2.1544e+16    1.23541698e-25     
   2.7826        1.0000e+20    3.5938e+16    1.23541698e-25     
   2.7826        1.0000e+20    5.9948e+16    1.23541698e-25     
   2.7826        1.0000e+20    1.0000e+17    1.23541698e-25     
   3.5938        1.0000e+18    1.0000e+15    1.70693393e-26     
   3.5938        1.0000e+18    1.6681e+15    1.70693393e-26     
   3.5938        1.0000e+18    2.7826e+15    1.70693393e-26     
   3.5938        1.0000e+18    4.6416e+15    1.70693393e-26     
   3.5938        1.0000e+18    7.7426e+15    1.70693393e-26     
   3.5938        1.0000e+18    1.2915e+16    1.70693393e-26     
   3.5938        1.0000e+18    2.1544e+16    1.70693393e-26     
   3.5938        1.0000e+18    3.5938e+16    1.70693393e-26     
   3.5938        1.0000e+18    5.9948e+16    1.70693393e-26     
   3.5938        1.0000e+18    1.0000e+17    1.70693393e-26     
   3.5938        1.6681e+18    1.0000e+15    2.50740205e-26     
   3.5938        1.6681e+18    1.6681e+15    2.50740205e-26     
   3.5938        1.6681e+18    2.7826e+15    2.50740205e-26     
   3.5938        1.6681e+18    4.6416e+15    2.50740205e-26     
   3.5938        1.6681e+18    7.7426e+15    2.50740205e-26     
   3.5938        1.6681e+18    1.2915e+16    2.50740205e-26     
   3.5938        1.6681e+18    2.1544e+16    2.50740205e-26     
   3.5938        1.6681e+18    3.5938e+16    2.50740205e-26     
   3.5938        1.6681e+18    5.9948e+16    2.50740205e-26     
   3.5938        1.6681e+18    1.0000e+17    2.50740205e-26     
   3.5938        2.7826e+18    1.0000e+15    3.56765758e-26     
   3.5938        2.7826e+18    1.6681e+15    3.56765758e-26     
   3.5938        2.7826e+18    2.7826e+15    3.56765758e-26     
   3.5938        2.7826e+18    4.6416e+15    3.56765758e-26     
   3.5938        2.7826e+18    7.7426e+15    3.56765758e-26     
   3.5938        2.7826e+18    1.2915e+16    3.56765758e-26     
   3.5938        2.7826e+18    2.1544e+16    3.56765758e-26     
   3.5938        2.7826e+18    3.5938e+16    3.56765758e-26     
   3.5938        2.7826e+18    5.9948e+16    3.56765758e-26     
   3.5938        2.7826e+18    1.0000e+17    3.56765758e-26     
   3.5938        4.6416e+18    1.0000e+15    4.93036319e-26     
   3.5938        4.6416e+18    1.6681e+15    4.93036319e-26     
   3.5938        4.6416e+18    2.7826e+15    4.93036319e-26     
   3.5938        4.6416e+18    4.6416e+15    4.93036319e-26     
   3.5938        4.6416e+18    7.7426e+15    4.93036319e-26     
   3.5938        4.6416e+18    1.2915e+16    4.93036319e-26     
   3.5938        4.6416e+18    2.1544e+16    4.93036319e-26     
   3.5938        4.6416e+18    3.5938e+16    4.93036319e-26     
   3.5938        4.6416e+18    5.9948e+16    4.93036319e-26     
   3.5938        4.6416e+18    1.0000e+17    4.93036319e-26     
   3.5938        7.7426e+18    1.0000e+15    6.62574904e-26     
   3.5938        7.7426e+18    1.6681e+15    6.62574904e-26     
   3.5938        7.7426e+18    2.7826e+15    6.62574904e-26     
   3.5938        7.7426e+18    4.6416e+15    6.62574904e-26     
   3.5938        7.7426e+18    7.7426e+15    6.62574904e-26     
   3.5938        7.7426e+18    1.2915e+16    6.62574904e-26     
   3.5938        7.7426e+18    2.1544e+16    6.62574904e-26     
   3.5938        7.7426e+18    3.5938e+16    6.62574904e-26     
   3.5938        7.7426e+18    5.9948e+16    6.62574904e-26     
   3.5938        7.7426e+18    1.0000e+17    6.62574904e-26     
   3.5938        1.2915e+19    1.0000e+15    8.61951511e-26     
   3.5938        1.2915e+19    1.6681e+15    8.61951511e-26     
   3.5938        1.2915e+19    2.7826e+15    8.61951511e-26     
   3.5938        1.2915e+19    4.6416e+15    8.61951511e-26     
   3.5938        1.2915e+19    7.7426e+15    8.61951511e-26     
   3.5938        1.2915e+19    1.2915e+16    8.61951511e-26     
   3.5938        1.2915e+19    2.1544e+16    8.61951511e-26     
   3.5938        1.2915e+19    3.5938e+16    8.61951511e-26     
   3.5938        1.2915e+19    5.9948e+16    8.61951511e-26     
   3.5938        1.2915e+19    1.0000e+17    8.61951511e-26     
   3.5938        2.1544e+19    1.0000e+15    1.07506635e-25     
   3.5938        2.1544e+19    1.6681e+15    1.07506635e-25     
   3.5938        2.1544e+19    2.7826e+15    1.07506635e-25     
   3.5938        2.1544e+19    4.6416e+15    1.07506635e-25     
   3.5938        2.1544e+19    7.7426e+15    1.07506635e-25     
   3.5938        2.1544e+19    1.2915e+16    1.07506635e-25     
   3.5938        2.1544e+19    2.1544e+16    1.07506635e-25     
   3.5938        2.1544e+19    3.5938e+16    1.07506635e-25     
   3.5938        2.1544e+19    5.9948e+16    1.07506635e-25     
   3.5938        2.1544e+19    1.0000e+17    1.07506635e-25     
   3.5938        3.5938e+19    1.0000e+15    1.27312921e-25     
   3.5938        3.5938e+19    1.6681e+15    1.27312921e-25     
   3.5938        3.5938e+19    2.7826e+15    1.27312921e-25     
   3.5938        3.5938e+19    4.6416e+15    1.27312921e-25     
   3.5938        3.5938e+19    7.7426e+15    1.27312921e-25     
   3.5938        3.5938e+19    1.2915e+16    1.27312921e-25     
   3.5938        3.5938e+19    2.1544e+16    1.27312921e-25     
   3.5938        3.5938e+19    3.5938e+16    1.27312921e-25     
   3.5938        3.5938e+19    5.9948e+16    1.27312921e-25     
   3.5938        3.5938e+19    1.0000e+17    1.27312921e-25     
   3.5938        5.9948e+19    1.0000e+15    1.42384183e-25     
   3.5938        5.9948e+19    1.6681e+15    1.42384183e-25     
   3.5938        5.9948e+19    2.7826e+15    1.42384183e-25     
   3.5938        5.9948e+19    4.6416e+15    1.42384183e-25     
   3.5938        5.9948e+19    7.7426e+15    1.42384183e-25     
   3.5938        5.9948e+19    1.2915e+16    1.42384183e-25     
   3.5938        5.9948e+19    2.1544e+16    1.42384183e-25     
   3.5938        5.9948e+19    3.5938e+16    1.42384183e-25     
   3.5938        5.9948e+19    5.9948e+16    1.42384183e-25     
   3.5938        5.9948e+19    1.0000e+17    1.42384183e-25     
   3.5938        1.0000e+20    1.0000e+15    1.50240316e-25     
   3.5938        1.0000e+20    1.6681e+15    1.50240316e-25     
   3.5938        1.0000e+20    2.7826e+15    1.50240316e-25     
   3.5938        1.0000e+20    4.6416e+15    1.50240316e-25     
   3.5938        1.0000e+20    7.7426e+15    1.50240316e-25     
   3.5938        1.0000e+20    1.2915e+16    1.50240316e-25     
   3.5938        1.0000e+20    2.1544e+16    1.50240316e-25     
   3.5938        1.0000e+20    3.5938e+16    1.50240316e-25     
   3.5938        1.0000e+20    5.9948e+16    1.50240316e-25     
   3.5938        1.0000e+20    1.0000e+17    1.50240316e-25     
   4.6416        1.0000e+18    1.0000e+15    2.11191810e-26     
   4.6416        1.0000e+18    1.6681e+15    2.11191810e-26     
   4.6416        1.0000e+18    2.7826e+15    2.11191810e-26     
   4.6416        1.0000e+18    4.6416e+15    2.11191810e-26     
   4.6416        1.0000e+18    7.7426e+15    2.11191810e-26     
   4.6416        1.0000e+18    1.2915e+16    2.11191810e-26     
   4.6416        1.0000e+18    2.1544e+16    2.11191810e-26     
   4.6416        1.0000e+18    3.5938e+16    2.11191810e-26     
   4.6416        1.0000e+18    5.9948e+16    2.11191810e-26     
   4.6416        1.0000e+18    1.0000e+17    2.11191810e-26     
   4.6416        1.6681e+18    1.0000e+15    3.08654057e-26     
   4.6416        1.6681e+18    1.6681e+15    3.08654057e-26     
   4.6416        1.6681e+18    2.7826e+15    3.08654057e-26     
   4.6416        1.6681e+18    4.6416e+15    3.08654057e-26     
   4.6416        1.6681e+18    7.7426e+15    3.08654057e-26     
   4.6416        1.6681e+18    1.2915e+16    3.08654057e-26     
   4.6416        1.6681e+18    2.1544e+16    3.08654057e-26     
   4.6416        1.6681e+18    3.5938e+16    3.08654057e-26     
   4.6416        1.6681e+18    5.9948e+16    3.08654057e-26     
   4.6416        1.6681e+18    1.0000e+17    3.08654057e-26     
   4.6416        2.7826e+18    1.0000e+15    4.36796810e-26     
   4.6416        2.7826e+18    1.6681e+15    4.36796810e-26     
   4.6416        2.7826e+18    2.7826e+15    4.36796810e-26     
   4.6416        2.7826e+18    4.6416e+15    4.36796810e-26     
   4.6416        2.7826e+18    7.7426e+15    4.36796810e-26     
   4.6416        2.7826e+18    1.2915e+16    4.36796810e-26     
   4.6416        2.7826e+18    2.1544e+16    4.36796810e-26     
   4.6416        2.7826e+18    3.5938e+16    4.36796810e-26     
   4.6416        2.7826e+18    5.9948e+16    4.36796810e-26     
   4.6416        2.7826e+18    1.0000e+17    4.36796810e-26     
   4.6416        4.6416e+18    1.0000e+15    6.00114616e-26     
   4.6416        4.6416e+18    1.6681e+15    6.00114616e-26     
   4.6416        4.6416e+18    2.7826e+15    6.00114616e-26     
   4.6416        4.6416e+18    4.6416e+15    6.00114616e-26     
   4.6416        4.6416e+18    7.7426e+15    6.00114616e-26     
   4.6416        4.6416e+18    1.2915e+16    6.00114616e-26     
   4.6416        4.6416e+18    2.1544e+16    6.00114616e-26     
   4.6416        4.6416e+18    3.5938e+16    6.00114616e-26     
   4.6416        4.6416e+18    5.9948e+16    6.00114616e-26     
   4.6416        4.6416e+18    1.0000e+17    6.00114616e-26     
   4.6416        7.7426e+18    1.0000e+15    8.00837227e-26     
   4.6416        7.7426e+18    1.6681e+15    8.00837227e-26     
   4.6416        7.7426e+18    2.7826e+15    8.00837227e-26     
   4.6416        7.7426e+18    4.6416e+15    8.00837227e-26     
   4.6416        7.7426e+18    7.7426e+15    8.00837227e-26     
   4.6416        7.7426e+18    1.2915e+16    8.00837227e-26     
   4.6416        7.7426e+18    2.1544e+16    8.00837227e-26     
   4.6416        7.7426e+18    3.5938e+16    8.00837227e-26     
   4.6416        7.7426e+18    5.9948e+16    8.00837227e-26     
   4.6416        7.7426e+18    1.0000e+17    8.00837227e-26     
   4.6416        1.2915e+19    1.0000e+15    1.03245621e-25     
   4.6416        1.2915e+19    1.6681e+15    1.03245621e-25     
   4.6416        1.2915e+19    2.7826e+15    1.03245621e-25     
   4.6416        1.2915e+19    4.6416e+15    1.03245621e-25     
   4.6416        1.2915e+19    7.7426e+15    1.03245621e-25     
   4.6416        1.2915e+19    1.2915e+16    1.03245621e-25     
   4.6416        1.2915e+19    2.1544e+16    1.03245621e-25     
   4.6416        1.2915e+19    3.5938e+16    1.03245621e-25     
   4.6416        1.2915e+19    5.9948e+16    1.03245621e-25     
   4.6416        1.2915e+19    1.0000e+17    1.03245621e-25     
   4.6416        2.1544e+19    1.0000e+15    1.27328964e-25     
   4.6416        2.1544e+19    1.6681e+15    1.27328964e-25     
   4.6416        2.1544e+19    2.7826e+15    1.27328964e-25     
   4.6416        2.1544e+19    4.6416e+15    1.27328964e-25     
   4.6416        2.1544e+19    7.7426e+15    1.27328964e-25     
   4.6416        2.1544e+19    1.2915e+16    1.27328964e-25     
   4.6416        2.1544e+19    2.1544e+16    1.27328964e-25     
   4.6416        2.1544e+19    3.5938e+16    1.27328964e-25     
   4.6416        2.1544e+19    5.9948e+16    1.27328964e-25     
   4.6416        2.1544e+19    1.0000e+17    1.27328964e-25     
   4.6416        3.5938e+19    1.0000e+15    1.48839064e-25     
   4.6416        3.5938e+19    1.6681e+15    1.48839064e-25     
   4.6416        3.5938e+19    2.7826e+15    1.48839064e-25     
   4.6416        3.5938e+19    4.6416e+15    1.48839064e-25     
   4.6416        3.5938e+19    7.7426e+15    1.48839064e-25     
   4.6416        3.5938e+19    1.2915e+16    1.48839064e-25     
   4.6416        3.5938e+19    2.1544e+16    1.48839064e-25     
   4.6416        3.5938e+19    3.5938e+16    1.48839064e-25     
   4.6416        3.5938e+19    5.9948e+16    1.48839064e-25     
   4.6416        3.5938e+19    1.0000e+17    1.48839064e-25     
   4.6416        5.9948e+19    1.0000e+15    1.64127073e-25     
   4.6416        5.9948e+19    1.6681e+15    1.64127073e-25     
   4.6416        5.9948e+19    2.7826e+15    1.64127073e-25     
   4.6416        5.9948e+19    4.6416e+15    1.64127073e-25     
   4.6416        5.9948e+19    7.7426e+15    1.64127073e-25     
   4.6416        5.9948e+19    1.2915e+16    1.64127073e-25     
   4.6416        5.9948e+19    2.1544e+16    1.64127073e-25     
   4.6416        5.9948e+19    3.5938e+16    1.64127073e-25     
   4.6416        5.9948e+19    5.9948e+16    1.64127073e-25     
   4.6416        5.9948e+19    1.0000e+17    1.64127073e-25     
   4.6416        1.0000e+20    1.0000e+15    1.70567918e-25     
   4.6416        1.0000e+20    1.6681e+15    1.70567918e-25     
   4.6416        1.0000e+20    2.7826e+15    1.70567918e-25     
   4.6416        1.0000e+20    4.6416e+15    1.70567918e-25     
   4.6416        1.0000e+20    7.7426e+15    1.70567918e-25     
   4.6416        1.0000e+20    1.2915e+16    1.70567918e-25     
   4.6416        1.0000e+20    2.1544e+16    1.70567918e-25     
   4.6416        1.0000e+20    3.5938e+16    1.70567918e-25     
   4.6416        1.0000e+20    5.9948e+16    1.70567918e-25     
   4.6416        1.0000e+20    1.0000e+17    1.70567918e-25     
   5.9948        1.0000e+18    1.0000e+15    2.37453832e-26     
   5.9948        1.0000e+18    1.6681e+15    2.37453832e-26     
   5.9948        1.0000e+18    2.7826e+15    2.37453832e-26     
   5.9948        1.0000e+18    4.6416e+15    2.37453832e-26     
   5.9948        1.0000e+18    7.7426e+15    2.37453832e-26     
   5.9948        1.0000e+18    1.2915e+16    2.37453832e-26     
   5.9948        1.0000e+18    2.1544e+16    2.37453832e-26     
   5.9948        1.0000e+18    3.5938e+16    2.37453832e-26     
   5.9948        1.0000e+18    5.9948e+16    2.37453832e-26     
   5.9948        1.0000e+18    1.0000e+17    2.37453832e-26     
   5.9948        1.6681e+18    1.0000e+15    3.46091762e-26     
   5.9948        1.6681e+18    1.6681e+15    3.46091762e-26     
   5.9948        1.6681e+18    2.7826e+15    3.46091762e-26     
   5.9948        1.6681e+18    4.6416e+15    3.46091762e-26     
   5.9948        1.6681e+18    7.7426e+15    3.46091762e-26     
   5.9948        1.6681e+18    1.2915e+16    3.46091762e-26     
   5.9948        1.6681e+18    2.1544e+16    3.46091762e-26     
   5.9948        1.6681e+18    3.5938e+16    3.46091762e-26     
   5.9948        1.6681e+18    5.9948e+16    3.46091762e-26     
   5.9948        1.6681e+18    1.0000e+17    3.46091762e-26     
   5.9948        2.7826e+18    1.0000e+15    4.88381578e-26     
   5.9948        2.7826e+18    1.6681e+15    4.88381578e-26     
   5.9948        2.7826e+18    2.7826e+15    4.88381578e-26     
   5.9948        2.7826e+18    4.6416e+15    4.88381578e-26     
   5.9948        2.7826e+18    7.7426e+15    4.88381578e-26     
   5.9948        2.7826e+18    1.2915e+16    4.88381578e-26     
   5.9948        2.7826e+18    2.1544e+16    4.88381578e-26     
   5.9948        2.7826e+18    3.5938e+16    4.88381578e-26     
   5.9948        2.7826e+18    5.9948e+16    4.88381578e-26     
   5.9948        2.7826e+18    1.0000e+17    4.88381578e-26     
   5.9948        4.6416e+18    1.0000e+15    6.68813779e-26     
   5.9948        4.6416e+18    1.6681e+15    6.68813779e-26     
   5.9948        4.6416e+18    2.7826e+15    6.68813779e-26     
   5.9948        4.6416e+18    4.6416e+15    6.68813779e-26     
   5.9948        4.6416e+18    7.7426e+15    6.68813779e-26     
   5.9948        4.6416e+18    1.2915e+16    6.68813779e-26     
   5.9948        4.6416e+18    2.1544e+16    6.68813779e-26     
   5.9948        4.6416e+18    3.5938e+16    6.68813779e-26     
   5.9948        4.6416e+18    5.9948e+16    6.68813779e-26     
   5.9948        4.6416e+18    1.0000e+17    6.68813779e-26     
   5.9948        7.7426e+18    1.0000e+15    8.88665455e-26     
   5.9948        7.7426e+18    1.6681e+15    8.88665455e-26     
   5.9948        7.7426e+18    2.7826e+15    8.88665455e-26     
   5.9948        7.7426e+18    4.6416e+15    8.88665455e-26     
   5.9948        7.7426e+18    7.7426e+15    8.88665455e-26     
   5.9948        7.7426e+18    1.2915e+16    8.88665455e-26     
   5.9948        7.7426e+18    2.1544e+16    8.88665455e-26     
   5.9948        7.7426e+18    3.5938e+16    8.88665455e-26     
   5.9948        7.7426e+18    5.9948e+16    8.88665455e-26     
   5.9948        7.7426e+18    1.0000e+17    8.88665455e-26     
   5.9948        1.2915e+19    1.0000e+15    1.13874335e-25     
   5.9948        1.2915e+19    1.6681e+15    1.13874335e-25     
   5.9948        1.2915e+19    2.7826e+15    1.13874335e-25     
   5.9948        1.2915e+19    4.6416e+15    1.13874335e-25     
   5.9948        1.2915e+19    7.7426e+15    1.13874335e-25     
   5.9948        1.2915e+19    1.2915e+16    1.13874335e-25     
   5.9948        1.2915e+19    2.1544e+16    1.13874335e-25     
   5.9948        1.2915e+19    3.5938e+16    1.13874335e-25     
   5.9948        1.2915e+19    5.9948e+16    1.13874335e-25     
   5.9948        1.2915e+19    1.0000e+17    1.13874335e-25     
   5.9948        2.1544e+19    1.0000e+15    1.39319868e-25     
   5.9948        2.1544e+19    1.6681e+15    1.39319868e-25     
   5.9948        2.1544e+19    2.7826e+15    1.39319868e-25     
   5.9948        2.1544e+19    4.6416e+15    1.39319868e-25     
   5.9948        2.1544e+19    7.7426e+15    1.39319868e-25     
   5.9948        2.1544e+19    1.2915e+16    1.39319868e-25     
   5.9948        2.1544e+19    2.1544e+16    1.39319868e-25     
   5.9948        2.1544e+19    3.5938e+16    1.39319868e-25     
   5.9948        2.1544e+19    5.9948e+16    1.39319868e-25     
   5.9948        2.1544e+19    1.0000e+17    1.39319868e-25     
   5.9948        3.5938e+19    1.0000e+15    1.61312626e-25     
   5.9948        3.5938e+19    1.6681e+15    1.61312626e-25     
   5.9948        3.5938e+19    2.7826e+15    1.61312626e-25     
   5.9948        3.5938e+19    4.6416e+15    1.61312626e-25     
   5.9948        3.5938e+19    7.7426e+15    1.61312626e-25     
   5.9948        3.5938e+19    1.2915e+16    1.61312626e-25     
   5.9948        3.5938e+19    2.1544e+16    1.61312626e-25     
   5.9948        3.5938e+19    3.5938e+16    1.61312626e-25     
   5.9948        3.5938e+19    5.9948e+16    1.61312626e-25     
   5.9948        3.5938e+19    1.0000e+17    1.61312626e-25     
   5.9948        5.9948e+19    1.0000e+15    1.75990140e-25     
   5.9948        5.9948e+19    1.6681e+15    1.75990140e-25     
   5.9948        5.9948e+19    2.7826e+15    1.75990140e-25     
   5.9948        5.9948e+19    4.6416e+15    1.75990140e-25     
   5.9948        5.9948e+19    7.7426e+15    1.75990140e-25     
   5.9948        5.9948e+19    1.2915e+16    1.75990140e-25     
   5.9948        5.9948e+19    2.1544e+16    1.75990140e-25     
   5.9948        5.9948e+19    3.5938e+16    1.75990140e-25     
   5.9948        5.9948e+19    5.9948e+16    1.75990140e-25     
   5.9948        5.9948e+19    1.0000e+17    1.75990140e-25     
   5.9948        1.0000e+20    1.0000e+15    1.80713472e-25     
   5.9948        1.0000e+20    1.6681e+15    1.80713472e-25     
   5.9948        1.0000e+20    2.7826e+15    1.80713472e-25     
   5.9948        1.0000e+20    4.6416e+15    1.80713472e-25     
   5.9948        1.0000e+20    7.7426e+15    1.80713472e-25     
   5.9948        1.0000e+20    1.2915e+16    1.80713472e-25     
   5.9948        1.0000e+20    2.1544e+16    1.80713472e-25     
   5.9948        1.0000e+20    3.5938e+16    1.80713472e-25     
   5.9948        1.0000e+20    5.9948e+16    1.80713472e-25     
   5.9948        1.0000e+20    1.0000e+17    1.80713472e-25     
   7.7426        1.0000e+18    1.0000e+15    2.44411034e-26     
   7.7426        1.0000e+18    1.6681e+15    2.44411034e-26     
   7.7426        1.0000e+18    2.7826e+15    2.44411034e-26     
   7.7426        1.0000e+18    4.6416e+15    2.44411034e-26     
   7.7426        1.0000e+18    7.7426e+15    2.44411034e-26     
   7.7426        1.0000e+18    1.2915e+16    2.44411034e-26     
   7.7426        1.0000e+18    2.1544e+16    2.44411034e-26     
   7.7426        1.0000e+18    3.5938e+16    2.44411034e-26     
   7.7426        1.0000e+18    5.9948e+16    2.44411034e-26     
   7.7426        1.0000e+18    1.0000e+17    2.44411034e-26     
   7.7426        1.6681e+18    1.0000e+15    3.55983111e-26     
   7.7426        1.6681e+18    1.6681e+15    3.55983111e-26     
   7.7426        1.6681e+18    2.7826e+15    3.55983111e-26     
   7.7426        1.6681e+18    4.6416e+15    3.55983111e-26     
   7.7426        1.6681e+18    7.7426e+15    3.55983111e-26     
   7.7426        1.6681e+18    1.2915e+16    3.55983111e-26     
   7.7426        1.6681e+18    2.1544e+16    3.55983111e-26     
   7.7426        1.6681e+18    3.5938e+16    3.55983111e-26     
   7.7426        1.6681e+18    5.9948e+16    3.55983111e-26     
   7.7426        1.6681e+18    1.0000e+17    3.55983111e-26     
   7.7426        2.7826e+18    1.0000e+15    5.01975412e-26     
   7.7426        2.7826e+18    1.6681e+15    5.01975412e-26     
   7.7426        2.7826e+18    2.7826e+15    5.01975412e-26     
   7.7426        2.7826e+18    4.6416e+15    5.01975412e-26     
   7.7426        2.7826e+18    7.7426e+15    5.01975412e-26     
   7.7426        2.7826e+18    1.2915e+16    5.01975412e-26     
   7.7426        2.7826e+18    2.1544e+16    5.01975412e-26     
   7.7426        2.7826e+18    3.5938e+16    5.01975412e-26     
   7.7426        2.7826e+18    5.9948e+16    5.01975412e-26     
   7.7426        2.7826e+18    1.0000e+17    5.01975412e-26     
   7.7426        4.6416e+18    1.0000e+15    6.86683923e-26     
   7.7426        4.6416e+18    1.6681e+15    6.86683923e-26     
   7.7426        4.6416e+18    2.7826e+15    6.86683923e-26     
   7.7426        4.6416e+18    4.6416e+15    6.86683923e-26     
   7.7426        4.6416e+18    7.7426e+15    6.86683923e-26     
   7.7426        4.6416e+18    1.2915e+16    6.86683923e-26     
   7.7426        4.6416e+18    2.1544e+16    6.86683923e-26     
   7.7426        4.6416e+18    3.5938e+16    6.86683923e-26     
   7.7426        4.6416e+18    5.9948e+16    6.86683923e-26     
   7.7426        4.6416e+18    1.0000e+17    6.86683923e-26     
   7.7426        7.7426e+18    1.0000e+15    9.10557137e-26     
   7.7426        7.7426e+18    1.6681e+15    9.10557137e-26     
   7.7426        7.7426e+18    2.7826e+15    9.10557137e-26     
   7.7426        7.7426e+18    4.6416e+15    9.10557137e-26     
   7.7426        7.7426e+18    7.7426e+15    9.10557137e-26     
   7.7426        7.7426e+18    1.2915e+16    9.10557137e-26     
   7.7426        7.7426e+18    2.1544e+16    9.10557137e-26     
   7.7426        7.7426e+18    3.5938e+16    9.10557137e-26     
   7.7426        7.7426e+18    5.9948e+16    9.10557137e-26     
   7.7426        7.7426e+18    1.0000e+17    9.10557137e-26     
   7.7426        1.2915e+19    1.0000e+15    1.16273553e-25     
   7.7426        1.2915e+19    1.6681e+15    1.16273553e-25     
   7.7426        1.2915e+19    2.7826e+15    1.16273553e-25     
   7.7426        1.2915e+19    4.6416e+15    1.16273553e-25     
   7.7426        1.2915e+19    7.7426e+15    1.16273553e-25     
   7.7426        1.2915e+19    1.2915e+16    1.16273553e-25     
   7.7426        1.2915e+19    2.1544e+16    1.16273553e-25     
   7.7426        1.2915e+19    3.5938e+16    1.16273553e-25     
   7.7426        1.2915e+19    5.9948e+16    1.16273553e-25     
   7.7426        1.2915e+19    1.0000e+17    1.16273553e-25     
   7.7426        2.1544e+19    1.0000e+15    1.41538745e-25     
   7.7426        2.1544e+19    1.6681e+15    1.41538745e-25     
   7.7426        2.1544e+19    2.7826e+15    1.41538745e-25     
   7.7426        2.1544e+19    4.6416e+15    1.41538745e-25     
   7.7426        2.1544e+19    7.7426e+15    1.41538745e-25     
   7.7426        2.1544e+19    1.2915e+16    1.41538745e-25     
   7.7426        2.1544e+19    2.1544e+16    1.41538745e-25     
   7.7426        2.1544e+19    3.5938e+16    1.41538745e-25     
   7.7426        2.1544e+19    5.9948e+16    1.41538745e-25     
   7.7426        2.1544e+19    1.0000e+17    1.41538745e-25     
   7.7426        3.5938e+19    1.0000e+15    1.62837260e-25     
   7.7426        3.5938e+19    1.6681e+15    1.62837260e-25     
   7.7426        3.5938e+19    2.7826e+15    1.62837260e-25     
   7.7426        3.5938e+19    4.6416e+15    1.62837260e-25     
   7.7426        3.5938e+19    7.7426e+15    1.62837260e-25     
   7.7426        3.5938e+19    1.2915e+16    1.62837260e-25     
   7.7426        3.5938e+19    2.1544e+16    1.62837260e-25     
   7.7426        3.5938e+19    3.5938e+16    1.62837260e-25     
   7.7426        3.5938e+19    5.9948e+16    1.62837260e-25     
   7.7426        3.5938e+19    1.0000e+17    1.62837260e-25     
   7.7426        5.9948e+19    1.0000e+15    1.76312148e-25     
   7.7426        5.9948e+19    1.6681e+15    1.76312148e-25     
   7.7426        5.9948e+19    2.7826e+15    1.76312148e-25     
   7.7426        5.9948e+19    4.6416e+15    1.76312148e-25     
   7.7426        5.9948e+19    7.7426e+15    1.76312148e-25     
   7.7426        5.9948e+19    1.2915e+16    1.76312148e-25     
   7.7426        5.9948e+19    2.1544e+16    1.76312148e-25     
   7.7426        5.9948e+19    3.5938e+16    1.76312148e-25     
   7.7426        5.9948e+19    5.9948e+16    1.76312148e-25     
   7.7426        5.9948e+19    1.0000e+17    1.76312148e-25     
   7.7426        1.0000e+20    1.0000e+15    1.79429727e-25     
   7.7426        1.0000e+20    1.6681e+15    1.79429727e-25     
   7.7426        1.0000e+20    2.7826e+15    1.79429727e-25     
   7.7426        1.0000e+20    4.6416e+15    1.79429727e-25     
   7.7426        1.0000e+20    7.7426e+15    1.79429727e-25     
   7.7426        1.0000e+20    1.2915e+16    1.79429727e-25     
   7.7426        1.0000e+20    2.1544e+16    1.79429727e-25     
   7.7426        1.0000e+20    3.5938e+16    1.79429727e-25     
   7.7426        1.0000e+20    5.9948e+16    1.79429727e-25     
   7.7426        1.0000e+20    1.0000e+17    1.79429727e-25     
   10.0000       1.0000e+18    1.0000e+15    2.32453127e-26     
   10.0000       1.0000e+18    1.6681e+15    2.32453127e-26     
   10.0000       1.0000e+18    2.7826e+15    2.32453127e-26     
   10.0000       1.0000e+18    4.6416e+15    2.32453127e-26     
   10.0000       1.0000e+18    7.7426e+15    2.32453127e-26     
   10.0000       1.0000e+18    1.2915e+16    2.32453127e-26     
   10.0000       1.0000e+18    2.1544e+16    2.32453127e-26     
   10.0000       1.0000e+18    3.5938e+16    2.32453127e-26     
   10.0000       1.0000e+18    5.9948e+16    2.32453127e-26     
   10.0000       1.0000e+18    1.0000e+17    2.32453127e-26     
   10.0000       1.6681e+18    1.0000e+15    3.38902880e-26     
   10.0000       1.6681e+18    1.6681e+15    3.38902880e-26     
   10.0000       1.6681e+18    2.7826e+15    3.38902880e-26     
   10.0000       1.6681e+18    4.6416e+15    3.38902880e-26     
   10.0000       1.6681e+18    7.7426e+15    3.38902880e-26     
   10.0000       1.6681e+18    1.2915e+16    3.38902880e-26     
   10.0000       1.6681e+18    2.1544e+16    3.38902880e-26     
   10.0000       1.6681e+18    3.5938e+16    3.38902880e-26     
   10.0000       1.6681e+18    5.9948e+16    3.38902880e-26     
   10.0000       1.6681e+18    1.0000e+17    3.38902880e-26     
   10.0000       2.7826e+18    1.0000e+15    4.78383450e-26     
   10.0000       2.7826e+18    1.6681e+15    4.78383450e-26     
   10.0000       2.7826e+18    2.7826e+15    4.78383450e-26     
   10.0000       2.7826e+18    4.6416e+15    4.78383450e-26     
   10.0000       2.7826e+18    7.7426e+15    4.78383450e-26     
   10.0000       2.7826e+18    1.2915e+16    4.78383450e-26     
   10.0000       2.7826e+18    2.1544e+16    4.78383450e-26     
   10.0000       2.7826e+18    3.5938e+16    4.78383450e-26     
   10.0000       2.7826e+18    5.9948e+16    4.78383450e-26     
   10.0000       2.7826e+18    1.0000e+17    4.78383450e-26     
   10.0000       4.6416e+18    1.0000e+15    6.54875436e-26     
   10.0000       4.6416e+18    1.6681e+15    6.54875436e-26     
   10.0000       4.6416e+18    2.7826e+15    6.54875436e-26     
   10.0000       4.6416e+18    4.6416e+15    6.54875436e-26     
   10.0000       4.6416e+18    7.7426e+15    6.54875436e-26     
   10.0000       4.6416e+18    1.2915e+16    6.54875436e-26     
   10.0000       4.6416e+18    2.1544e+16    6.54875436e-26     
   10.0000       4.6416e+18    3.5938e+16    6.54875436e-26     
   10.0000       4.6416e+18    5.9948e+16    6.54875436e-26     
   10.0000       4.6416e+18    1.0000e+17    6.54875436e-26     
   10.0000       7.7426e+18    1.0000e+15    8.68317065e-26     
   10.0000       7.7426e+18    1.6681e+15    8.68317065e-26     
   10.0000       7.7426e+18    2.7826e+15    8.68317065e-26     
   10.0000       7.7426e+18    4.6416e+15    8.68317065e-26     
   10.0000       7.7426e+18    7.7426e+15    8.68317065e-26     
   10.0000       7.7426e+18    1.2915e+16    8.68317065e-26     
   10.0000       7.7426e+18    2.1544e+16    8.68317065e-26     
   10.0000       7.7426e+18    3.5938e+16    8.68317065e-26     
   10.0000       7.7426e+18    5.9948e+16    8.68317065e-26     
   10.0000       7.7426e+18    1.0000e+17    8.68317065e-26     
   10.0000       1.2915e+19    1.0000e+15    1.10746731e-25     
   10.0000       1.2915e+19    1.6681e+15    1.10746731e-25     
   10.0000       1.2915e+19    2.7826e+15    1.10746731e-25     
   10.0000       1.2915e+19    4.6416e+15    1.10746731e-25     
   10.0000       1.2915e+19    7.7426e+15    1.10746731e-25     
   10.0000       1.2915e+19    1.2915e+16    1.10746731e-25     
   10.0000       1.2915e+19    2.1544e+16    1.10746731e-25     
   10.0000       1.2915e+19    3.5938e+16    1.10746731e-25     
   10.0000       1.2915e+19    5.9948e+16    1.10746731e-25     
   10.0000       1.2915e+19    1.0000e+17    1.10746731e-25     
   10.0000       2.1544e+19    1.0000e+15    1.34484235e-25     
   10.0000       2.1544e+19    1.6681e+15    1.34484235e-25     
   10.0000       2.1544e+19    2.7826e+15    1.34484235e-25     
   10.0000       2.1544e+19    4.6416e+15    1.34484235e-25     
   10.0000       2.1544e+19    7.7426e+15    1.34484235e-25     
   10.0000       2.1544e+19    1.2915e+16    1.34484235e-25     
   10.0000       2.1544e+19    2.1544e+16    1.34484235e-25     
   10.0000       2.1544e+19    3.5938e+16    1.34484235e-25     
   10.0000       2.1544e+19    5.9948e+16    1.34484235e-25     
   10.0000       2.1544e+19    1.0000e+17    1.34484235e-25     
   10.0000       3.5938e+19    1.0000e+15    1.54167983e-25     
   10.0000       3.5938e+19    1.6681e+15    1.54167983e-25     
   10.0000       3.5938e+19    2.7826e+15    1.54167983e-25     
   10.0000       3.5938e+19    4.6416e+15    1.54167983e-25     
   10.0000       3.5938e+19    7.7426e+15    1.54167983e-25     
   10.0000       3.5938e+19    1.2915e+16    1.54167983e-25     
   10.0000       3.5938e+19    2.1544e+16    1.54167983e-25     
   10.0000       3.5938e+19    3.5938e+16    1.54167983e-25     
   10.0000       3.5938e+19    5.9948e+16    1.54167983e-25     
   10.0000       3.5938e+19    1.0000e+17    1.54167983e-25     
   10.0000       5.9948e+19    1.0000e+15    1.66137996e-25     
   10.0000       5.9948e+19    1.6681e+15    1.66137996e-25     
   10.0000       5.9948e+19    2.7826e+15    1.66137996e-25     
   10.0000       5.9948e+19    4.6416e+15    1.66137996e-25     
   10.0000       5.9948e+19    7.7426e+15    1.66137996e-25     
   10.0000       5.9948e+19    1.2915e+16    1.66137996e-25     
   10.0000       5.9948e+19    2.1544e+16    1.66137996e-25     
   10.0000       5.9948e+19    3.5938e+16    1.66137996e-25     
   10.0000       5.9948e+19    5.9948e+16    1.66137996e-25     
   10.0000       5.9948e+19    1.0000e+17    1.66137996e-25     
   10.0000       1.0000e+20    1.0000e+15    1.68052467e-25     
   10.0000       1.0000e+20    1.6681e+15    1.68052467e-25     
   10.0000       1.0000e+20    2.7826e+15    1.68052467e-25     
   10.0000       1.0000e+20    4.6416e+15    1.68052467e-25     
   10.0000       1.0000e+20    7.7426e+15    1.68052467e-25     
   10.0000       1.0000e+20    1.2915e+16    1.68052467e-25     
   10.0000       1.0000e+20    2.1544e+16    1.68052467e-25     
   10.0000       1.0000e+20    3.5938e+16    1.68052467e-25     
   10.0000       1.0000e+20    5.9948e+16    1.68052467e-25     
   10.0000       1.0000e+20    1.0000e+17    1.68052467e-25     
